# FLAME spectrum data format
# Time of snapshot: 2021-02-08T18:31:53Eastern Standard Time
# Number of frames accumulated: 0
# Scan time per exposure [us]: 100000
# Wavelength [nm], Intensity [count]:
189.1861363086452, 2002.4583333333333
189.64926416366848, 2029.1577777777777
190.11235512512943, 2053.43
190.57540917250594, 1968.4772222222223
191.03842628527582, 2029.1577777777777
191.50140644291702, 2089.838333333333
191.9643496249074, 2084.983888888889
192.4272558107249, 2101.9744444444445
192.89012497984731, 2106.8288888888887
193.35295711175254, 2109.2561111111113
193.81575218591854, 2118.965
194.27851018182312, 2140.81
194.7412310789442, 2184.5
195.20391485675964, 2250.035
195.66656149474733, 2284.016111111111
196.12917097238517, 2220.9083333333333
196.59174326915107, 2213.6266666666666
197.05427836452282, 2254.8894444444445
197.51677623797838, 2228.19
197.97923686899566, 2284.016111111111
198.44166023705247, 2373.8233333333333
198.9040463216267, 2293.725
199.36639510219626, 2279.161666666667
199.82870655823908, 2320.4244444444444
200.29098066923297, 2351.9783333333335
200.7532174146558, 2364.1144444444444
201.21541677398554, 2332.5605555555558
201.6775787267, 2441.7855555555557
202.13970325227712, 2478.193888888889
202.60179033019475, 2424.795
203.06383993993072, 2417.5133333333333
203.52585206096302, 2405.3772222222224
203.9878266727695, 2412.6588888888887
204.44976375482798, 2444.212777777778
204.91166328661643, 2495.1844444444446
205.3735252476127, 2405.3772222222224
205.83534961729464, 2402.95
206.2971363751402, 2509.7477777777776
206.75888550062717, 2402.95
207.22059697323357, 2497.6116666666667
207.68227077243716, 2504.8933333333334
208.14390687771592, 2466.0577777777776
208.6055052685476, 2529.1655555555553
209.0670659244102, 2461.2033333333334
209.5285888247816, 2463.6305555555555
209.99007394913966, 2405.3772222222224
210.4515212769622, 2497.6116666666667
210.9129307877272, 2349.551111111111
211.3743024609125, 2436.931111111111
211.835636275996, 2373.8233333333333
212.29693221245557, 2422.367777777778
212.7581902497691, 2463.6305555555555
213.21941036741444, 2444.212777777778
213.68059254486954, 2424.795
214.14173676161224, 2368.968888888889
214.60284299712043, 2480.621111111111
215.06391123087198, 2383.532222222222
215.52494144234484, 2446.64
215.9859336110168, 2436.931111111111
216.4468877163658, 2424.795
216.9078037378697, 2388.3866666666668
217.36868165500644, 2412.6588888888887
217.82952144725382, 2395.6683333333335
218.29032309408976, 2424.795
218.75108657499214, 2364.1144444444444
219.2118118694389, 2453.9216666666666
219.67249895690784, 2402.95
220.13314781687689, 2378.677777777778
220.5937584288239, 2364.1144444444444
221.0543307722268, 2422.367777777778
221.51486482656347, 2412.6588888888887
221.97536057131174, 2470.912222222222
222.43581798594948, 2424.795
222.8962370499547, 2402.95
223.35661774280518, 2417.5133333333333
223.81696004397878, 2388.3866666666668
224.2772639329535, 2373.8233333333333
224.73752938920714, 2427.222222222222
225.1977563922176, 2368.968888888889
225.65794492146279, 2439.358333333333
226.1180949564205, 2424.795
226.57820647656874, 2436.931111111111
227.03827946138532, 2478.193888888889
227.4983138903481, 2521.883888888889
227.95830974293503, 2381.105
228.418266998624, 2461.2033333333334
228.87818563689282, 2390.813888888889
229.33806563721944, 2449.0672222222224
229.79790697908172, 2436.931111111111
230.25770964195752, 2463.6305555555555
230.71747360532476, 2368.968888888889
231.1771988486613, 2381.105
231.63688535144504, 2444.212777777778
232.09653309315385, 2458.7761111111113
232.5561420532656, 2475.766666666667
233.01571221125823, 2419.9405555555554
233.4752435466096, 2424.795
233.93473603879755, 2422.367777777778
234.3941896673, 2419.9405555555554
234.85360441159483, 2419.9405555555554
235.31298025115996, 2429.6494444444443
235.77231716547317, 2441.7855555555557
236.23161513401246, 2461.2033333333334
236.69087413625567, 2458.7761111111113
237.15009415168063, 2390.813888888889
237.60927515976533, 2410.2316666666666
238.0684171399876, 2427.222222222222
238.52752007182528, 2451.4944444444445
238.9865839347563, 2492.757222222222
239.44560870825856, 2449.0672222222224
239.90459437180988, 2356.8327777777777
240.36354090488823, 2395.6683333333335
240.82244828697142, 2398.0955555555556
241.28131649753738, 2427.222222222222
241.740145516064, 2449.0672222222224
242.1989353220291, 2436.931111111111
242.65768589491063, 2456.3488888888887
243.1163972141864, 2415.086111111111
243.5750692593344, 2463.6305555555555
244.03370200983244, 2492.757222222222
244.49229544515842, 2400.5227777777777
244.95084954479023, 2434.503888888889
245.40936428820572, 2432.076666666667
245.8678396548828, 2441.7855555555557
246.3262756242994, 2373.8233333333333
246.7846721759333, 2390.813888888889
247.2430292892625, 2393.241111111111
247.7013469437648, 2519.4566666666665
248.15962511891811, 2398.0955555555556
248.61786379420033, 2354.4055555555556
249.0760629490893, 2444.212777777778
249.53422256306294, 2436.931111111111
249.9923426155991, 2427.222222222222
250.4504230861757, 2429.6494444444443
250.90846395427067, 2436.931111111111
251.3664651993618, 2461.2033333333334
251.82442680092703, 2434.503888888889
252.2823487384442, 2400.5227777777777
252.7402309913912, 2429.6494444444443
253.19807353924597, 2483.048333333333
253.65587636148632, 2364.1144444444444
254.1136394375902, 2441.7855555555557
254.57136274703547, 2444.212777777778
255.02904626929998, 2449.0672222222224
255.48668998386165, 2475.766666666667
255.94429387019835, 2402.95
256.401857907788, 2446.64
256.8593820761084, 2422.367777777778
257.3168663546375, 2449.0672222222224
257.77431072285316, 2400.5227777777777
258.2317151602333, 2466.0577777777776
258.6890796462558, 2449.0672222222224
259.14640416039845, 2398.0955555555556
259.6036886821393, 2449.0672222222224
260.0609331909561, 2463.6305555555555
260.51813766632677, 2444.212777777778
260.9753020877292, 2342.2694444444446
261.4324264346412, 2463.6305555555555
261.8895106865408, 2434.503888888889
262.3465548229058, 2417.5133333333333
262.8035588232141, 2364.1144444444444
263.26052266694353, 2429.6494444444443
263.717446333572, 2451.4944444444445
264.1743298025776, 2402.95
264.6311730534378, 2351.9783333333335
265.0879760656308, 2432.076666666667
265.5447388186344, 2405.3772222222224
266.00146129192643, 2475.766666666667
266.4581434649849, 2398.0955555555556
266.91478531728757, 2434.503888888889
267.3713868283124, 2470.912222222222
267.82794797753724, 2572.8555555555554
268.28446874443995, 2453.9216666666666
268.7409491084984, 2478.193888888889
269.19738904919063, 2368.968888888889
269.6537885459943, 2417.5133333333333
270.1101475783875, 2415.086111111111
270.56646612584797, 2422.367777777778
271.0227441678536, 2526.7383333333332
271.4789816838824, 2507.3205555555555
271.93517865341204, 2390.813888888889
272.3913350559207, 2495.1844444444446
272.84745087088595, 2466.0577777777776
273.3035260777859, 2502.4661111111113
273.7595606560983, 2453.9216666666666
274.2155545853011, 2497.6116666666667
274.6715078448722, 2429.6494444444443
275.1274204142894, 2419.9405555555554
275.58329227303074, 2398.0955555555556
276.0391234005739, 2427.222222222222
276.4949137763969, 2483.048333333333
276.9506633799776, 2410.2316666666666
277.4063721907939, 2463.6305555555555
277.8620401883236, 2468.485
278.3176673520446, 2439.358333333333
278.773253661435, 2451.4944444444445
279.22879909597236, 2361.6872222222223
279.68430363513477, 2383.532222222222
280.1397672584, 2424.795
280.595189945246, 2453.9216666666666
281.05057167515076, 2485.4755555555557
281.5059124275919, 2444.212777777778
281.9612121820476, 2470.912222222222
282.4164709179954, 2475.766666666667
282.87168861491347, 2427.222222222222
283.3268652522797, 2473.3394444444443
283.78200080957174, 2470.912222222222
284.2370952662677, 2407.8044444444445
284.6921486018453, 2395.6683333333335
285.14716079578255, 2453.9216666666666
285.60213182755723, 2417.5133333333333
286.0570616766474, 2398.0955555555556
286.5119503225307, 2356.8327777777777
286.9667977446852, 2427.222222222222
287.4216039225886, 2451.4944444444445
287.87636883571895, 2453.9216666666666
288.33109246355417, 2429.6494444444443
288.785774785572, 2456.3488888888887
289.2404157812505, 2497.6116666666667
289.6950154300672, 2480.621111111111
290.14957371150035, 2446.64
290.60409060502775, 2473.3394444444443
291.05856609012716, 2473.3394444444443
291.51300014627657, 2410.2316666666666
291.96739275295386, 2427.222222222222
292.42174388963684, 2400.5227777777777
292.8760535358034, 2451.4944444444445
293.3303216709316, 2446.64
293.7845482744991, 2492.757222222222
294.2387333259839, 2478.193888888889
294.6928768048639, 2419.9405555555554
295.14697869061683, 2417.5133333333333
295.6010389627208, 2419.9405555555554
296.05505760065347, 2480.621111111111
296.50903458389297, 2478.193888888889
296.9629698919169, 2449.0672222222224
297.4168635042034, 2444.212777777778
297.8707154002302, 2439.358333333333
298.32452555947515, 2495.1844444444446
298.7782939614164, 2492.757222222222
299.2320205855315, 2483.048333333333
299.6857054112985, 2402.95
300.1393484181953, 2458.7761111111113
300.5929495856997, 2444.212777777778
301.0465088932897, 2495.1844444444446
301.50002632044306, 2417.5133333333333
301.9535018466377, 2441.7855555555557
302.40693545135156, 2492.757222222222
302.8603271140625, 2451.4944444444445
303.31367681424837, 2410.2316666666666
303.7669845313871, 2502.4661111111113
304.2202502449565, 2451.4944444444445
304.6734739344345, 2398.0955555555556
305.12665557929904, 2461.2033333333334
305.57979515902787, 2439.358333333333
306.03289265309905, 2432.076666666667
306.4859480409903, 2456.3488888888887
306.93896130217956, 2429.6494444444443
307.39193241614487, 2446.64
307.8448613623638, 2449.0672222222224
308.2977481203145, 2466.0577777777776
308.75059266947466, 2458.7761111111113
309.20339498932225, 2444.212777777778
309.6561550593353, 2453.9216666666666
310.10887285899145, 2376.2505555555554
310.56154836776875, 2449.0672222222224
311.01418156514495, 2463.6305555555555
311.46677243059804, 2534.02
311.9193209436059, 2466.0577777777776
312.37182708364634, 2461.2033333333334
312.8242908301973, 2521.883888888889
313.27671216273677, 2412.6588888888887
313.7290910607424, 2419.9405555555554
314.1814275036922, 2458.7761111111113
314.63372147106406, 2466.0577777777776
315.08597294233584, 2475.766666666667
315.53818189698546, 2412.6588888888887
315.99034831449075, 2366.5416666666665
316.44247217432957, 2395.6683333333335
316.8945534559799, 2439.358333333333
317.3465921389196, 2415.086111111111
317.7985882026266, 2485.4755555555557
318.2505416265786, 2427.222222222222
318.7024523902536, 2417.5133333333333
319.1543204731295, 2444.212777777778
319.6061458546842, 2432.076666666667
320.0579285143956, 2580.137222222222
320.50966843174143, 2473.3394444444443
320.9613655861997, 2458.7761111111113
321.4130199572483, 2480.621111111111
321.86463152436505, 2436.931111111111
322.3162002670279, 2466.0577777777776
322.76772616471476, 2451.4944444444445
323.2192091969033, 2424.795
323.6706493430717, 2480.621111111111
324.1220465826977, 2405.3772222222224
324.5734008952591, 2424.795
325.0247122602339, 2398.0955555555556
325.4759806571, 2441.7855555555557
325.9272060653352, 2412.6588888888887
326.3783884644174, 2529.1655555555553
326.8295278338246, 2422.367777777778
327.2806241530346, 2497.6116666666667
327.7316774015252, 2451.4944444444445
328.1826875587743, 2407.8044444444445
328.63365460425996, 2412.6588888888887
329.08457851745993, 2325.278888888889
329.5354592778521, 2415.086111111111
329.9862968649143, 2422.367777777778
330.4370912581245, 2410.2316666666666
330.88784243696057, 2461.2033333333334
331.3385503809005, 2398.0955555555556
331.78921506942197, 2441.7855555555557
332.2398364820029, 2466.0577777777776
332.69041459812127, 2497.6116666666667
333.1409493972549, 2412.6588888888887
333.59144085888175, 2453.9216666666666
334.0418889624796, 2407.8044444444445
334.49229368752646, 2458.7761111111113
334.94265501350003, 2366.5416666666665
335.3929729198783, 2456.3488888888887
335.8432473861392, 2456.3488888888887
336.29347839176063, 2512.175
336.7436659162204, 2419.9405555555554
337.19380993899625, 2470.912222222222
337.6439104395663, 2419.9405555555554
338.0939673974084, 2502.4661111111113
338.5439807920004, 2470.912222222222
338.9939506028201, 2419.9405555555554
339.4438768093455, 2568.001111111111
339.89375939105446, 2458.7761111111113
340.34359832742473, 2441.7855555555557
340.7933935979344, 2398.0955555555556
341.24314518206126, 2502.4661111111113
341.69285305928315, 2500.038888888889
342.14251720907805, 2347.123888888889
342.5921376109237, 2475.766666666667
343.0417142442982, 2400.5227777777777
343.4912470886792, 2441.7855555555557
343.9407361235448, 2388.3866666666668
344.39018132837265, 2509.7477777777776
344.8395826826408, 2439.358333333333
345.2889401658271, 2400.5227777777777
345.73825375740944, 2456.3488888888887
346.1875234368658, 2419.9405555555554
346.63674918367377, 2417.5133333333333
347.0859309773115, 2521.883888888889
347.53506879725677, 2492.757222222222
347.9841626229875, 2453.9216666666666
348.4332124339816, 2487.902777777778
348.8822182097168, 2497.6116666666667
349.33117992967124, 2466.0577777777776
349.78009757332256, 2432.076666666667
350.2289711201488, 2432.076666666667
350.67780054962776, 2453.9216666666666
351.1265858412374, 2405.3772222222224
351.5753269744555, 2439.358333333333
352.02402392876, 2538.8744444444446
352.47267668362883, 2441.7855555555557
352.92128521853977, 2451.4944444444445
353.36984951297086, 2456.3488888888887
353.81836954639977, 2449.0672222222224
354.26684529830453, 2519.4566666666665
354.715276748163, 2451.4944444444445
355.1636638754531, 2436.931111111111
355.61200665965265, 2463.6305555555555
356.0603050802395, 2419.9405555555554
356.50855911669163, 2417.5133333333333
356.9567687484869, 2500.038888888889
357.4049339551032, 2492.757222222222
357.85305471601833, 2470.912222222222
358.30113101071026, 2483.048333333333
358.7491628186568, 2492.757222222222
359.1971501193359, 2509.7477777777776
359.64509289222553, 2451.4944444444445
360.0929911168034, 2480.621111111111
360.5408447725474, 2393.241111111111
360.98865383893553, 2446.64
361.4364182954456, 2441.7855555555557
361.88413812155545, 2466.0577777777776
362.3318132967432, 2446.64
362.7794438004865, 2393.241111111111
363.2270296122632, 2473.3394444444443
363.6745707115514, 2451.4944444444445
364.1220670778288, 2507.3205555555555
364.5695186905733, 2434.503888888889
365.01692552926295, 2417.5133333333333
365.46428757337543, 2485.4755555555557
365.9116048023887, 2432.076666666667
366.3588771957806, 2468.485
366.80610473302926, 2398.0955555555556
367.25328739361225, 2453.9216666666666
367.7004251570076, 2463.6305555555555
368.14751800269306, 2427.222222222222
368.59456591014674, 2468.485
369.0415688588464, 2390.813888888889
369.4885268282698, 2485.4755555555557
369.9354397978952, 2456.3488888888887
370.3823077472, 2390.813888888889
370.82913065566237, 2492.757222222222
371.2759085027602, 2419.9405555555554
371.7226412679713, 2424.795
372.1693289307736, 2449.0672222222224
372.615971470645, 2526.7383333333332
373.0625688670632, 2461.2033333333334
373.5091210995062, 2502.4661111111113
373.95562814745205, 2412.6588888888887
374.4020899903785, 2478.193888888889
374.8485066077633, 2483.048333333333
375.29487797908456, 2456.3488888888887
375.74120408382, 2436.931111111111
376.1874849014476, 2514.6022222222223
376.6337204114452, 2468.485
377.07991059329066, 2456.3488888888887
377.52605542646194, 2453.9216666666666
377.9721548904368, 2507.3205555555555
378.41820896469335, 2483.048333333333
378.8642176287092, 2385.9594444444447
379.31018086196246, 2526.7383333333332
379.75609864393084, 2466.0577777777776
380.2019709540923, 2429.6494444444443
380.64779777192473, 2470.912222222222
381.093579076906, 2495.1844444444446
381.5393148485141, 2502.4661111111113
381.98500506622673, 2444.212777777778
382.43064970952184, 2449.0672222222224
382.87624875787736, 2407.8044444444445
383.32180219077117, 2444.212777777778
383.76730998768113, 2480.621111111111
384.2127721280851, 2500.038888888889
384.658188591461, 2449.0672222222224
385.1035593572866, 2473.3394444444443
385.54888440504004, 2466.0577777777776
385.994163714199, 2500.038888888889
386.4393972642414, 2398.0955555555556
386.8845850346451, 2449.0672222222224
387.32972700488807, 2500.038888888889
387.77482315444814, 2526.7383333333332
388.2198734628032, 2451.4944444444445
388.66487790943114, 2458.7761111111113
389.1098364738098, 2507.3205555555555
389.55474913541707, 2470.912222222222
389.99961587373093, 2395.6683333333335
390.44443666822923, 2451.4944444444445
390.8892114983898, 2458.7761111111113
391.3339403436905, 2521.883888888889
391.7786231836093, 2563.1466666666665
392.2232599976239, 2466.0577777777776
392.6678507652125, 2461.2033333333334
393.11239546585284, 2478.193888888889
393.55689407902264, 2480.621111111111
394.0013465841999, 2463.6305555555555
394.4457529608626, 2473.3394444444443
394.89011318848856, 2466.0577777777776
395.3344272465556, 2463.6305555555555
395.77869511454173, 2422.367777777778
396.22291677192464, 2461.2033333333334
396.6670921981824, 2446.64
397.1112213727928, 2410.2316666666666
397.55530427523377, 2475.766666666667
397.99934088498316, 2441.7855555555557
398.4433311815189, 2451.4944444444445
398.8872751443188, 2487.902777777778
399.33117275286077, 2410.2316666666666
399.7750239866227, 2444.212777777778
400.2188288250826, 2470.912222222222
400.6625872477181, 2432.076666666667
401.1062992340072, 2478.193888888889
401.5499647634279, 2502.4661111111113
401.99358381545795, 2398.0955555555556
402.43715636957535, 2466.0577777777776
402.8806824052578, 2446.64
403.3241619019833, 2473.3394444444443
403.7675948392297, 2495.1844444444446
404.2109811964749, 2502.4661111111113
404.6543209531968, 2463.6305555555555
405.0976140888734, 2478.193888888889
405.5408605829823, 2504.8933333333334
405.9840604150016, 2405.3772222222224
406.4272135644091, 2373.8233333333333
406.87032001068275, 2441.7855555555557
407.3133797333004, 2405.3772222222224
407.7563927117399, 2434.503888888889
408.1993589254791, 2470.912222222222
408.64227835399595, 2456.3488888888887
409.08515097676843, 2461.2033333333334
409.52797677327436, 2534.02
409.97075572299144, 2451.4944444444445
410.4134878053977, 2412.6588888888887
410.856172999971, 2385.9594444444447
411.2988112861894, 2466.0577777777776
411.74140264353053, 2483.048333333333
412.18394705147244, 2485.4755555555557
412.6264444894928, 2519.4566666666665
413.0688949370698, 2538.8744444444446
413.5112983736811, 2419.9405555555554
413.9536547788046, 2470.912222222222
414.39596413191833, 2458.7761111111113
414.83822641250003, 2485.4755555555557
415.2804416000276, 2461.2033333333334
415.722609673979, 2526.7383333333332
416.16473061383203, 2470.912222222222
416.6068043990647, 2502.4661111111113
417.0488310091547, 2487.902777777778
417.49081042358, 2495.1844444444446
417.93274262181853, 2507.3205555555555
418.37462758334823, 2461.2033333333334
418.8164652876469, 2388.3866666666668
419.25825571419233, 2483.048333333333
419.6999988424625, 2502.4661111111113
420.1416946519353, 2410.2316666666666
420.58334312208865, 2500.038888888889
421.02494423240046, 2502.4661111111113
421.46649796234846, 2543.728888888889
421.9080042914106, 2422.367777777778
422.34946319906476, 2424.795
422.7908746647889, 2466.0577777777776
423.2322386680608, 2485.4755555555557
423.6735551883584, 2487.902777777778
424.1148242051596, 2509.7477777777776
424.55604569794224, 2446.64
424.99721964618425, 2458.7761111111113
425.43834602936346, 2410.2316666666666
425.87942482695786, 2463.6305555555555
426.32045601844516, 2504.8933333333334
426.7614395833034, 2371.396111111111
427.20237550101035, 2444.212777777778
427.643263751044, 2453.9216666666666
428.0841043128821, 2529.1655555555553
428.5248971660027, 2517.0294444444444
428.96564228988353, 2434.503888888889
429.4063396640026, 2436.931111111111
429.8469892678377, 2475.766666666667
430.2875910808667, 2466.0577777777776
430.72814508256766, 2546.156111111111
431.1686512524183, 2417.5133333333333
431.6091095698964, 2487.902777777778
432.04952001448015, 2419.9405555555554
432.48988256564724, 2507.3205555555555
432.93019720287555, 2415.086111111111
433.37046390564296, 2492.757222222222
433.8106826534275, 2551.0105555555556
434.2508534257068, 2458.7761111111113
434.690976201959, 2458.7761111111113
435.13105096166186, 2519.4566666666665
435.57107768429324, 2480.621111111111
436.011056349331, 2466.0577777777776
436.4509869362532, 2449.0672222222224
436.8908694245375, 2429.6494444444443
437.330703793662, 2432.076666666667
437.7704900231044, 2461.2033333333334
438.2102280923426, 2551.0105555555556
438.64991798085464, 2478.193888888889
439.0895596681183, 2492.757222222222
439.52915313361143, 2485.4755555555557
439.968698356812, 2500.038888888889
440.4081953171978, 2495.1844444444446
440.84764399424677, 2526.7383333333332
441.28704436743686, 2514.6022222222223
441.7263964162458, 2487.902777777778
442.1657001201515, 2475.766666666667
442.604955458632, 2463.6305555555555
443.044162411165, 2473.3394444444443
443.48332095722856, 2560.7194444444444
443.92243107630037, 2521.883888888889
444.36149274785845, 2512.175
444.80050595138067, 2466.0577777777776
445.2394706663448, 2490.33
445.67838687222894, 2553.4377777777777
446.11725454851074, 2451.4944444444445
446.5560736746682, 2529.1655555555553
446.99484423017924, 2502.4661111111113
447.4335661945217, 2519.4566666666665
447.8722395471734, 2492.757222222222
448.3108642676124, 2432.076666666667
448.74944033531636, 2485.4755555555557
449.18796772976333, 2441.7855555555557
449.6264464304311, 2500.038888888889
450.0648764167976, 2461.2033333333334
450.5032576683408, 2504.8933333333334
450.94159016453835, 2560.7194444444444
451.37987388486823, 2514.6022222222223
451.8181088088085, 2485.4755555555557
452.25629491583686, 2509.7477777777776
452.6944321854313, 2521.883888888889
453.1325205970696, 2500.038888888889
453.5705601302296, 2497.6116666666667
454.00855076438944, 2507.3205555555555
454.44649247902674, 2519.4566666666665
454.8843852536195, 2495.1844444444446
455.32222906764554, 2577.71
455.76002390058284, 2512.175
456.19776973190926, 2536.447222222222
456.63546654110263, 2529.1655555555553
457.07311430764076, 2487.902777777778
457.5107130110018, 2466.0577777777776
457.9482626306634, 2475.766666666667
458.38576314610356, 2551.0105555555556
458.82321453680004, 2514.6022222222223
459.2606167822308, 2468.485
459.69796986187373, 2531.592777777778
460.13527375520675, 2521.883888888889
460.5725284417076, 2495.1844444444446
461.0097339008544, 2570.4283333333333
461.44689011212483, 2497.6116666666667
461.8839970549969, 2504.8933333333334
462.3210547089484, 2509.7477777777776
462.7580630534572, 2560.7194444444444
463.1950220680013, 2509.7477777777776
463.63193173205855, 2512.175
464.0687920251067, 2555.865
464.5056029266238, 2504.8933333333334
464.9423644160876, 2519.4566666666665
465.3790764729762, 2524.311111111111
465.8157390767672, 2572.8555555555554
466.2523522069386, 2478.193888888889
466.6889158429684, 2580.137222222222
467.12542996433433, 2572.8555555555554
467.5618945505144, 2570.4283333333333
467.9983095809864, 2541.3016666666667
468.4346750352282, 2536.447222222222
468.8709908927178, 2611.6911111111112
469.30725713293293, 2555.865
469.7434737353516, 2577.71
470.1796406794516, 2601.9822222222224
470.6157579447109, 2575.282777777778
471.05182551060733, 2580.137222222222
471.4878433566188, 2575.282777777778
471.9238114622231, 2553.4377777777777
472.35972980689826, 2589.846111111111
472.7955983701221, 2512.175
473.23141713137244, 2621.4
473.66718607012734, 2580.137222222222
474.1029051658645, 2609.2638888888887
474.53857439806194, 2640.817777777778
474.97419374619733, 2621.4
475.4097631897488, 2623.827222222222
475.84528270819413, 2665.09
476.28075228101125, 2616.5455555555554
476.71617188767794, 2672.3716666666664
477.15154150767216, 2764.606111111111
477.5868611204718, 2740.333888888889
478.0221307055547, 2631.108888888889
478.4573502423987, 2665.09
478.89251971048185, 2648.0994444444445
479.3276390892819, 2762.178888888889
479.76270835827677, 2730.625
480.19772749694437, 2720.916111111111
480.6326964847625, 2767.0333333333333
481.0676153012091, 2728.197777777778
481.50248392576214, 2902.9577777777777
481.9373023378993, 2856.8405555555555
482.3720705170987, 2832.568333333333
482.80678844283807, 2818.005
483.2414560945953, 2895.676111111111
483.6760734518483, 2905.385
484.110640494075, 2983.056111111111
484.5451572007532, 3024.318888888889
484.9796235513608, 3017.037222222222
485.41403952537576, 3007.3283333333334
485.8484051022759, 3065.5816666666665
486.2827202615391, 3099.5627777777777
486.7169849826432, 3145.68
487.1511992450663, 3169.952222222222
487.585363028286, 3330.148888888889
488.01947631178035, 3301.0222222222224
488.4535390750272, 3337.4305555555557
488.88755129750444, 3405.3927777777776
489.32151295868994, 3364.13
489.75542403806156, 3473.355
490.1892845150972, 3551.0261111111113
490.6230943692748, 3601.9977777777776
491.05685358007213, 3767.048888888889
491.4905621269672, 3767.048888888889
491.9242199894378, 3713.65
492.3578271469619, 3912.682222222222
492.7913835790173, 3973.362777777778
493.2248892650819, 3987.926111111111
493.65834418463356, 4128.705
494.09174831715035, 4160.258888888889
494.52510164210986, 4318.028333333334
494.9584041389902, 4463.661666666667
495.3916557872692, 4621.431111111111
495.8248565664246, 4677.2572222222225
496.25800645593455, 4762.21
496.69110543527665, 4844.735555555556
497.124153483929, 5009.786666666667
497.5571505813694, 5089.885
497.99009670707574, 5223.3822222222225
498.42299184052587, 5441.832222222222
498.8558359611977, 5560.766111111111
499.28862904856913, 5623.873888888889
499.72137108211814, 5798.633888888889
500.15406204132233, 6104.4638888888885
500.5867019056598, 6257.3788888888885
501.01929065460854, 6257.3788888888885
501.45182826764614, 6580.199444444444
501.8843147242507, 6672.433888888889
502.3167500039, 7000.108888888889
502.749134086072, 7233.122222222222
503.1814669502445, 7602.06
503.6137485758955, 7752.547777777778
504.04597894250264, 7827.791666666667
504.4781580295442, 8017.115
504.9102858164977, 8454.015
505.3423622828412, 8759.845
505.7743874080526, 8951.595555555556
506.20636117160956, 9177.327222222222
506.63828355299034, 9568.11
507.07015453167253, 9694.325555555555
507.50197408713404, 9954.038333333334
507.93374219885294, 10483.172777777778
508.36545884630686, 10774.439444444444
508.7971240089739, 10990.462222222222
509.2287376663318, 11325.41888888889
509.66029979785856, 11623.967222222222
510.0918103830321, 11985.623333333333
510.5232694013299, 12179.801111111112
510.9546768322305, 12507.476111111111
511.3860326552112, 12742.916666666666
511.81733684975023, 13056.028333333334
512.2485893953253, 13422.538888888888
512.6797902714144, 13650.697777777777
513.1109394574953, 13890.992777777778
513.5420369330461, 14291.484444444444
513.9730826775443, 14461.39
514.4040766704684, 14670.131111111112
514.8350188912955, 14934.698333333334
515.2659093195042, 14927.416666666666
515.6967479345718, 15143.439444444444
516.1275347159767, 15742.963333333333
516.5582696431964, 15852.188333333334
516.9889526957089, 16031.802777777777
517.4195838529922, 16126.464444444444
517.8501630945242, 15912.868888888888
518.2806903997824, 16437.14888888889
518.7111657482452, 16252.68
519.1415891193901, 16483.266111111112
519.5719604926952, 16454.139444444445
520.0022798476382, 16759.969444444443
520.4325471636973, 16692.007222222222
520.8627624203501, 16594.918333333335
521.2929255970745, 16631.326666666668
521.7230366733485, 16393.45888888889
522.1530956286498, 16318.215
522.5831024424566, 16624.045
523.0130570942465, 16259.961666666666
523.4429595634975, 16201.708333333334
523.8728098296876, 16179.863333333333
524.3026078722943, 16242.971111111112
524.732353670796, 16041.511666666667
525.1620472046701, 15781.798888888889
525.5916884533947, 15616.747777777779
526.0212773964479, 15446.842222222222
526.4508140133071, 15259.94611111111
526.8802982834507, 15017.22388888889
527.3097301863561, 14898.29
527.7391097015015, 14602.16888888889
528.168436808365, 14284.202777777778
528.5977114864237, 14296.33888888889
529.0269337151562, 14063.325555555555
529.4561034740402, 13689.533333333333
529.8852207425534, 13764.777222222223
530.314285500174, 13454.092777777778
530.7432977263796, 13223.506666666666
531.1722574006484, 12966.221111111112
531.6011645024578, 12755.052777777777
532.030019011286, 12699.226666666667
532.458820906611, 12427.377777777778
532.8875701679102, 12206.500555555556
533.3162667746622, 11830.281111111111
533.7449107063443, 11645.812222222223
534.1735019424347, 11599.695
534.602040462411, 11255.029444444444
535.0305262457513, 11094.832777777778
535.4589592719335, 11155.513333333334
535.8873395204353, 10776.866666666667
536.3156669707347, 10689.486666666666
536.7439416023096, 10512.299444444445
537.1721633946379, 10160.352222222222
537.6003323271975, 9997.728333333333
538.028448379466, 9662.771666666667
538.4565115309218, 9677.335
538.8845217610424, 9407.913333333334
539.3124790493057, 9174.9
539.7403833751898, 9262.28
540.1682347181724, 9089.947222222223
540.5960330577315, 8883.633333333333
541.0237783733447, 8847.225
541.4514706444902, 8478.287222222221
541.8791098506459, 8589.939444444444
542.3066959712894, 8230.710555555555
542.7342289858989, 8473.432777777778
543.1617088739521, 8094.7861111111115
543.5891356149269, 7842.355
544.0165091883014, 7898.181111111111
544.4438295735529, 7718.566666666667
544.8710967501598, 7684.585555555555
545.2983106976, 7427.3
545.7254713953512, 7373.901111111111
546.1525788228913, 7422.445555555556
546.5796329596982, 7211.277222222222
547.0066337852497, 6956.418888888889
547.4335812790239, 6871.466111111111
547.8604754204986, 6922.437777777778
548.2873161891516, 6888.456666666667
548.7141035644607, 6602.044444444445
549.140837525904, 6393.303333333333
549.5675180529594, 6427.2844444444445
549.9941451251045, 6254.951666666667
550.4207187218174, 6233.106666666667
550.847238822576, 6128.736111111111
551.2737054068582, 6102.036666666667
551.7001184541417, 5949.121666666667
552.1264779439044, 5852.0327777777775
552.5527838556245, 5759.798333333333
552.9790361687795, 5711.2538888888885
553.4052348628476, 5563.193333333334
553.8313799173064, 5626.301111111111
554.2574713116339, 5621.446666666667
554.6835090253081, 5356.879444444445
555.1094930378068, 5356.879444444445
555.5354233286079, 5245.227222222222
555.961299877189, 5228.236666666667
556.3871226630284, 5041.3405555555555
556.8128916656038, 4970.9511111111115
557.2386068643932, 4995.223333333333
557.6642682388743, 4905.416111111111
558.0898757685251, 4898.134444444445
558.5154294328235, 4764.637222222223
558.9409292112473, 4725.801666666666
559.3663750832743, 4650.557777777778
559.7917670283828, 4541.332777777778
560.2171050260499, 4563.177777777778
560.6423890557544, 4480.652222222222
561.0676190969735, 4441.816666666667
561.4927951291855, 4415.117222222222
561.9179171318682, 4470.943333333334
562.3429850844992, 4337.446111111111
562.7679989665568, 4228.221111111111
563.1929587575185, 4247.638888888889
563.6178644368624, 4203.948888888889
564.0427159840664, 4228.221111111111
564.4675133786083, 4203.948888888889
564.892256599966, 4194.24
565.3169456276173, 4106.86
565.7415804410404, 4123.850555555556
566.1661610197128, 3893.2644444444445
566.5906873431126, 3973.362777777778
567.0151593907176, 3924.818333333333
567.4395771420056, 3958.7994444444444
567.8639405764549, 3844.72
568.2882496735427, 3910.255
568.7125044127475, 3871.4194444444443
569.136704773547, 3779.185
569.560850735419, 3849.5744444444445
569.9849422778414, 3832.583888888889
570.408979380292, 3786.4666666666667
570.8329620222488, 3771.903333333333
571.2568901831899, 3720.931666666667
571.6807638425926, 3708.7955555555554
572.1045829799353, 3611.7066666666665
572.5283475746957, 3652.9694444444444
572.9520576063518, 3694.2322222222224
573.3757130543813, 3614.133888888889
573.7993138982621, 3638.406111111111
574.2228601174724, 3701.5138888888887
574.6463516914896, 3657.823888888889
575.069788599792, 3635.978888888889
575.4931708218572, 3536.462777777778
575.916498337163, 3611.7066666666665
576.3397711251878, 3696.6594444444445
576.7629891654091, 3665.1055555555554
577.1861524373047, 3621.4155555555553
577.6092609203528, 3677.241666666667
578.0323145940308, 3604.425
578.4553134378172, 3543.7444444444445
578.8782574311896, 3582.58
579.3011465536257, 3672.387222222222
579.7239807846037, 3621.4155555555553
580.146760103601, 3643.2605555555556
580.5694844900961, 3706.3683333333333
580.9921539235664, 3672.387222222222
581.4147683834901, 3628.697222222222
581.8373278493451, 3594.7161111111113
582.2598323006089, 3657.823888888889
582.6822817167598, 3514.617777777778
583.1046760772754, 3599.5705555555555
583.5270153616337, 3606.8522222222223
583.9492995493126, 3570.443888888889
584.3715286197901, 3553.4533333333334
584.7937025525439, 3604.425
585.2158213270517, 3568.016666666667
585.6378849227918, 3669.96
586.059893319242, 3558.3077777777776
586.4818464958798, 3585.007222222222
586.9037444321838, 3536.462777777778
587.3255871076311, 3606.8522222222223
587.7473745017, 3555.8805555555555
588.1691065938684, 3548.5988888888887
588.590783363614, 3526.753888888889
589.0124047904148, 3565.5894444444443
589.4339708537487, 3611.7066666666665
589.8554815330937, 3521.8994444444443
590.2769368079274, 3504.9088888888887
590.6983366577279, 3531.608333333333
591.1196810619729, 3492.7727777777777
591.5409700001403, 3492.7727777777777
591.9622034517083, 3490.3455555555556
592.3833813961545, 3395.6838888888888
592.8045038129568, 3485.491111111111
593.2255706815931, 3451.51
593.6465819815413, 3402.9655555555555
594.0675376922794, 3373.838888888889
594.488437793285, 3446.6555555555556
594.9092822640364, 3419.956111111111
595.3300710840113, 3286.458888888889
595.7508042326872, 3286.458888888889
596.1714816895425, 3271.8955555555553
596.5921034340548, 3303.4494444444445
597.0126694457022, 3264.613888888889
597.4331797039623, 3296.1677777777777
597.8536341883132, 3218.4966666666664
598.2740328782329, 3264.613888888889
598.6943757531989, 3211.215
599.1146627926894, 3220.923888888889
599.5348939761823, 3223.351111111111
599.9550692831551, 3276.75
600.3751886930862, 3313.1583333333333
600.795252185453, 3189.37
601.2152597397338, 3223.351111111111
601.6352113354062, 3225.778333333333
602.0551069519482, 3218.4966666666664
602.4749465688378, 3245.196111111111
602.8947301655527, 3126.262222222222
603.3144577215706, 3201.5061111111113
603.7341292163699, 3220.923888888889
604.153744629428, 3208.7877777777776
604.5733039402232, 3254.905
604.9928071282329, 3162.6705555555554
605.4122541729356, 3174.806666666667
605.8316450538086, 3179.661111111111
606.2509797503302, 3131.116666666667
606.670258241978, 3211.215
607.0894805082299, 3101.99
607.5086465285641, 3080.145
607.9277562824581, 3087.4266666666667
608.3468097493899, 3097.1355555555556
608.7658069088376, 3058.3
609.1847477402787, 3135.971111111111
609.6036322231914, 3094.7083333333335
610.0224603370534, 3007.3283333333334
610.4412320613428, 3075.2905555555553
610.8599473755373, 3070.436111111111
611.2786062591147, 3021.891666666667
611.6972086915533, 3029.173333333333
612.1157546523305, 2980.628888888889
612.5342441209243, 2961.211111111111
612.952677076813, 3026.746111111111
613.3710534994736, 3084.9994444444446
613.789373368385, 2997.6194444444445
614.2076366630243, 2905.385
614.62584336287, 2910.2394444444444
615.0439934473997, 2946.6477777777777
615.4620868960909, 2932.0844444444447
615.8801236884221, 2898.1033333333335
616.298103803871, 2934.5116666666668
616.7160272219153, 2907.8122222222223
617.1338939220329, 2975.7744444444443
617.5517038837019, 2919.9483333333333
617.9694570864001, 2873.831111111111
618.3871535096054, 2885.967222222222
618.8047931327956, 2859.2677777777776
619.2223759354484, 2839.85
619.6399018970421, 2830.141111111111
620.0573709970545, 2890.8216666666667
620.4747832149632, 2813.1505555555555
620.8921385302463, 2849.5588888888888
621.3094369223816, 2747.6155555555556
621.7266783708471, 2902.9577777777777
622.1438628551207, 2927.23
622.5609903546799, 2791.3055555555557
622.9780608490031, 2810.7233333333334
623.395074317568, 2851.9861111111113
623.8120307398522, 2837.422777777778
624.228930095334, 2854.4133333333334
624.645772363491, 2776.742222222222
625.0625575238014, 2786.451111111111
625.4792855557428, 2742.761111111111
625.8959564387931, 2851.9861111111113
626.3125701524302, 2750.0427777777777
626.7291266761321, 2774.315
627.1456259893766, 2754.8972222222224
627.5620680716416, 2771.887777777778
627.978452902405, 2708.78
628.3947804611447, 2754.8972222222224
628.8110507273384, 2752.47
629.2272636804644, 2796.16
629.6434193000001, 2699.071111111111
630.0595175654236, 2808.2961111111113
630.4755584562129, 2781.596666666667
630.8915419518455, 2752.47
631.3074680317999, 2750.0427777777777
631.7233366755535, 2784.023888888889
632.1391478625843, 2784.023888888889
632.5549015723702, 2737.9066666666668
632.9705977843889, 2703.9255555555555
633.3862364781188, 2764.606111111111
633.8018176330373, 2694.2166666666667
634.2173412286224, 2718.488888888889
634.6328072443522, 2764.606111111111
635.0482156597042, 2752.47
635.4635664541566, 2669.9444444444443
635.8788596071872, 2767.0333333333333
636.2940950982738, 2788.8783333333336
636.7092729068943, 2694.2166666666667
637.1243930125266, 2810.7233333333334
637.5394553946488, 2672.3716666666664
637.9544600327383, 2779.1694444444443
638.3694069062735, 2759.7516666666666
638.784295994732, 2645.6722222222224
639.1991272775919, 2752.47
639.6139007343309, 2638.3905555555557
640.0286163444265, 2657.8083333333334
640.4432740873574, 2662.6627777777776
640.857873942601, 2718.488888888889
641.2724158896351, 2699.071111111111
641.686899907938, 2796.16
642.101325976987, 2660.2355555555555
642.5156940762606, 2798.5872222222224
642.9300041852364, 2696.643888888889
643.344256283392, 2716.0616666666665
643.758450350206, 2740.333888888889
644.1725863651554, 2730.625
644.5866643077189, 2711.2072222222223
645.0006841573738, 2713.6344444444444
645.4146458935983, 2703.9255555555555
645.8285494958702, 2745.1883333333335
646.2423949436671, 2716.0616666666665
646.6561822164675, 2643.245
647.0699112937488, 2694.2166666666667
647.483582154989, 2742.761111111111
647.897194779666, 2742.761111111111
648.3107491472578, 2713.6344444444444
648.724245237242, 2667.5172222222222
649.1376830290968, 2718.488888888889
649.5510625022998, 2645.6722222222224
649.964383636329, 2723.3433333333332
650.3776464106625, 2674.798888888889
650.790850804778, 2621.4
651.2039967981532, 2682.0805555555557
651.6170843702662, 2640.817777777778
652.0301135005949, 2606.8366666666666
652.443084168617, 2597.1277777777777
652.8559963538107, 2711.2072222222223
653.2688500356536, 2618.972777777778
653.6816451936236, 2648.0994444444445
654.0943818071987, 2635.963333333333
654.5070598558568, 2723.3433333333332
654.9196793190757, 2696.643888888889
655.3322401763332, 2669.9444444444443
655.7447424071077, 2645.6722222222224
656.1571859908762, 2631.108888888889
656.5695709071173, 2572.8555555555554
656.9818971353087, 2626.2544444444443
657.394164654928, 2575.282777777778
657.8063734454535, 2679.653333333333
658.2185234863628, 2648.0994444444445
658.6306147571338, 2604.4094444444445
659.0426472372449, 2631.108888888889
659.454620906173, 2677.226111111111
659.8665357433969, 2589.846111111111
660.2783917283939, 2635.963333333333
660.6901888406422, 2628.681666666667
661.1019270596197, 2648.0994444444445
661.5136063648039, 2616.5455555555554
661.9252267356732, 2582.5644444444442
662.336788151705, 2621.4
662.7482905923775, 2592.2733333333335
663.1597340371688, 2635.963333333333
663.5711184655561, 2553.4377777777777
663.9824438570179, 2546.156111111111
664.3937101910318, 2551.0105555555556
664.8049174470756, 2565.573888888889
665.2160656046276, 2626.2544444444443
665.627154643165, 2565.573888888889
666.0381845421665, 2643.245
666.4491552811094, 2524.311111111111
666.8600668394716, 2643.245
667.2709191967314, 2611.6911111111112
667.6817123323663, 2575.282777777778
668.0924462258544, 2594.7005555555556
668.5031208566734, 2584.991666666667
668.9137362043014, 2560.7194444444444
669.324292248216, 2638.3905555555557
669.7347889678953, 2691.7894444444446
670.1452263428172, 2604.4094444444445
670.5556043524593, 2614.1183333333333
670.9659229763, 2597.1277777777777
671.3761821938167, 2568.001111111111
671.7863819844875, 2580.137222222222
672.1965223277904, 2618.972777777778
672.6066032032028, 2546.156111111111
673.0166245902033, 2611.6911111111112
673.4265864682691, 2553.4377777777777
673.8364888168785, 2601.9822222222224
674.2463316155092, 2626.2544444444443
674.6561148436392, 2512.175
675.0658384807463, 2604.4094444444445
675.4755025063084, 2589.846111111111
675.8851068998035, 2662.6627777777776
676.2946516407094, 2572.8555555555554
676.7041367085039, 2582.5644444444442
677.1135620826649, 2633.536111111111
677.5229277426704, 2611.6911111111112
677.9322336679982, 2599.555
678.3414798381262, 2570.4283333333333
678.7506662325325, 2536.447222222222
679.1597928306944, 2541.3016666666667
679.5688596120904, 2531.592777777778
679.977866556198, 2597.1277777777777
680.3868136424953, 2616.5455555555554
680.7957008504601, 2580.137222222222
681.2045281595704, 2534.02
681.6132955493039, 2500.038888888889
682.0220029991384, 2529.1655555555553
682.430650488552, 2519.4566666666665
682.8392379970227, 2563.1466666666665
683.2477655040282, 2531.592777777778
683.6562329890462, 2509.7477777777776
684.064640431555, 2582.5644444444442
684.472987811032, 2534.02
684.8812751069555, 2541.3016666666667
685.2895022988033, 2563.1466666666665
685.6976693660531, 2519.4566666666665
686.1057762881829, 2546.156111111111
686.5138230446706, 2614.1183333333333
686.9218096149941, 2587.418888888889
687.3297359786312, 2521.883888888889
687.7376021150599, 2514.6022222222223
688.145408003758, 2536.447222222222
688.5531536242033, 2536.447222222222
688.9608389558739, 2538.8744444444446
689.3684639782474, 2475.766666666667
689.7760286708021, 2594.7005555555556
690.1835330130154, 2551.0105555555556
690.5909769843656, 2478.193888888889
690.9983605643303, 2543.728888888889
691.4056837323875, 2580.137222222222
691.8129464680152, 2521.883888888889
692.220148750691, 2592.2733333333335
692.6272905598929, 2517.0294444444444
693.0343718750988, 2555.865
693.4413926757868, 2529.1655555555553
693.8483529414345, 2553.4377777777777
694.25525265152, 2614.1183333333333
694.6620917855208, 2541.3016666666667
695.0688703229151, 2551.0105555555556
695.4755882431808, 2524.311111111111
695.8822455257957, 2487.902777777778
696.2888421502378, 2512.175
696.6953780959847, 2514.6022222222223
697.1018533425145, 2519.4566666666665
697.5082678693051, 2531.592777777778
697.9146216558341, 2502.4661111111113
698.3209146815799, 2475.766666666667
698.72714692602, 2555.865
699.1333183686324, 2427.222222222222
699.5394289888949, 2504.8933333333334
699.9454787662854, 2495.1844444444446
700.3514676802821, 2497.6116666666667
700.7573957103624, 2502.4661111111113
701.1632628360044, 2468.485
701.569069036686, 2531.592777777778
701.9748142918851, 2521.883888888889
702.3804985810796, 2483.048333333333
702.7861218837471, 2504.8933333333334
703.1916841793659, 2507.3205555555555
703.5971854474136, 2495.1844444444446
704.0026256673683, 2432.076666666667
704.4080048187078, 2388.3866666666668
704.8133228809098, 2453.9216666666666
705.2185798334524, 2517.0294444444444
705.6237756558133, 2546.156111111111
706.0289103274706, 2519.4566666666665
706.4339838279021, 2517.0294444444444
706.8389961365859, 2509.7477777777776
707.2439472329994, 2444.212777777778
707.6488370966208, 2521.883888888889
708.0536657069279, 2461.2033333333334
708.4584330433985, 2526.7383333333332
708.8631390855107, 2504.8933333333334
709.2677838127423, 2534.02
709.6723672045712, 2441.7855555555557
710.0768892404751, 2398.0955555555556
710.4813498999321, 2502.4661111111113
710.88574916242, 2410.2316666666666
711.2900870074167, 2483.048333333333
711.6943634144001, 2441.7855555555557
712.0985783628479, 2541.3016666666667
712.5027318322383, 2470.912222222222
712.906823802049, 2560.7194444444444
713.310854251758, 2466.0577777777776
713.7148231608429, 2470.912222222222
714.1187305087819, 2480.621111111111
714.5225762750528, 2407.8044444444445
714.9263604391333, 2388.3866666666668
715.3300829805016, 2497.6116666666667
715.7337438786353, 2373.8233333333333
716.1373431130124, 2534.02
716.5408806631108, 2521.883888888889
716.9443565084084, 2526.7383333333332
717.3477706283832, 2453.9216666666666
717.7511230025127, 2480.621111111111
718.1544136102751, 2424.795
718.5576424311482, 2422.367777777778
718.9608094446097, 2478.193888888889
719.363914630138, 2451.4944444444445
719.7669579672105, 2470.912222222222
720.1699394353052, 2412.6588888888887
720.5728590138999, 2495.1844444444446
720.9757166824728, 2531.592777777778
721.3785124205016, 2417.5133333333333
721.7812462074642, 2475.766666666667
722.1839180228383, 2412.6588888888887
722.586527846102, 2487.902777777778
722.989075656733, 2436.931111111111
723.3915614342095, 2517.0294444444444
723.7939851580091, 2463.6305555555555
724.1963468076099, 2490.33
724.5986463624895, 2453.9216666666666
725.0008838021259, 2497.6116666666667
725.4030591059972, 2492.757222222222
725.8051722535811, 2451.4944444444445
726.2072232243553, 2451.4944444444445
726.6092119977981, 2407.8044444444445
727.011138553387, 2463.6305555555555
727.4130028706, 2446.64
727.8148049289152, 2422.367777777778
728.2165447078104, 2456.3488888888887
728.6182221867631, 2439.358333333333
729.0198373452516, 2461.2033333333334
729.4213901627536, 2502.4661111111113
729.8228806187471, 2504.8933333333334
730.2243086927101, 2453.9216666666666
730.6256743641202, 2449.0672222222224
731.0269776124553, 2475.766666666667
731.4282184171935, 2504.8933333333334
731.8293967578126, 2468.485
732.2305126137903, 2470.912222222222
732.6315659646046, 2424.795
733.0325567897337, 2424.795
733.4334850686549, 2531.592777777778
733.8343507808465, 2483.048333333333
734.2351539057863, 2485.4755555555557
734.6358944229522, 2466.0577777777776
735.0365723118219, 2470.912222222222
735.4371875518735, 2432.076666666667
735.8377401225848, 2427.222222222222
736.2382300034338, 2502.4661111111113
736.6386571738981, 2531.592777777778
737.0390216134557, 2470.912222222222
737.4393233015847, 2514.6022222222223
737.8395622177627, 2449.0672222222224
738.2397383414677, 2432.076666666667
738.6398516521779, 2504.8933333333334
739.0399021293706, 2436.931111111111
739.439889752524, 2483.048333333333
739.8398145011159, 2429.6494444444443
740.2396763546243, 2422.367777777778
740.639475292527, 2468.485
741.0392112943019, 2483.048333333333
741.4388843394269, 2441.7855555555557
741.8384944073797, 2473.3394444444443
742.2380414776385, 2446.64
742.637525529681, 2449.0672222222224
743.0369465429851, 2529.1655555555553
743.4363044970287, 2461.2033333333334
743.8355993712896, 2427.222222222222
744.2348311452458, 2463.6305555555555
744.6339997983753, 2439.358333333333
745.0331053101557, 2485.4755555555557
745.432147660065, 2436.931111111111
745.8311268275811, 2415.086111111111
746.230042792182, 2461.2033333333334
746.6288955333454, 2483.048333333333
747.0276850305493, 2410.2316666666666
747.4264112632713, 2410.2316666666666
747.8250742109897, 2446.64
748.2236738531822, 2427.222222222222
748.6222101693266, 2553.4377777777777
749.0206831389012, 2415.086111111111
749.4190927413832, 2473.3394444444443
749.817438956251, 2483.048333333333
750.2157217629822, 2429.6494444444443
750.6139411410547, 2492.757222222222
751.0120970699468, 2441.7855555555557
751.4101895291359, 2441.7855555555557
751.8082184981, 2436.931111111111
752.2061839563171, 2483.048333333333
752.604085883265, 2485.4755555555557
753.0019242584217, 2427.222222222222
753.399699061265, 2490.33
753.7974102712727, 2468.485
754.1950578679227, 2451.4944444444445
754.5926418306931, 2512.175
754.9901621390615, 2502.4661111111113
755.387618772506, 2509.7477777777776
755.7850117105044, 2492.757222222222
756.1823409325345, 2529.1655555555553
756.5796064180743, 2422.367777777778
756.9768081466016, 2466.0577777777776
757.3739460975944, 2504.8933333333334
757.7710202505305, 2441.7855555555557
758.1680305848877, 2500.038888888889
758.564977080144, 2490.33
758.9618597157773, 2492.757222222222
759.3586784712656, 2604.4094444444445
759.7554333260865, 2456.3488888888887
760.1521242597179, 2480.621111111111
760.5487512516379, 2480.621111111111
760.9453142813243, 2407.8044444444445
761.341813328255, 2424.795
761.738248371908, 2449.0672222222224
762.1346193917608, 2456.3488888888887
762.5309263672914, 2407.8044444444445
762.927169277978, 2453.9216666666666
763.3233481032983, 2427.222222222222
763.7194628227302, 2492.757222222222
764.1155134157514, 2478.193888888889
764.5114998618401, 2487.902777777778
764.9074221404738, 2407.8044444444445
765.3032802311308, 2400.5227777777777
765.6990741132888, 2529.1655555555553
766.0948037664257, 2502.4661111111113
766.4904691700191, 2468.485
766.8860703035473, 2405.3772222222224
767.2816071464881, 2453.9216666666666
767.6770796783193, 2504.8933333333334
768.0724878785187, 2432.076666666667
768.4678317265643, 2453.9216666666666
768.8631112019339, 2456.3488888888887
769.2583262841056, 2383.532222222222
769.653476952557, 2449.0672222222224
770.0485631867662, 2436.931111111111
770.4435849662109, 2480.621111111111
770.8385422703691, 2507.3205555555555
771.2334350787187, 2587.418888888889
771.6282633707374, 2541.3016666666667
772.0230271259036, 2429.6494444444443
772.4177263236944, 2470.912222222222
772.8123609435884, 2444.212777777778
773.2069309650631, 2368.968888888889
773.6014363675963, 2422.367777777778
773.9958771306663, 2419.9405555555554
774.3902532337505, 2480.621111111111
774.7845646563271, 2470.912222222222
775.1788113778739, 2458.7761111111113
775.5729933778688, 2524.311111111111
775.9671106357898, 2468.485
776.3611631311144, 2504.8933333333334
776.755150843321, 2446.64
777.1490737518869, 2478.193888888889
777.5429318362906, 2439.358333333333
777.9367250760095, 2419.9405555555554
778.3304534505218, 2492.757222222222
778.7241169393052, 2478.193888888889
779.1177155218376, 2429.6494444444443
779.5112491775968, 2371.396111111111
779.904717886061, 2492.757222222222
780.2981216267079, 2446.64
780.6914603790154, 2419.9405555555554
781.0847341224612, 2439.358333333333
781.4779428365234, 2419.9405555555554
781.8710865006798, 2456.3488888888887
782.2641650944086, 2419.9405555555554
782.657178597187, 2463.6305555555555
783.0501269884934, 2483.048333333333
783.4430102478057, 2487.902777777778
783.8358283546014, 2458.7761111111113
784.2285812883588, 2473.3394444444443
784.6212690285556, 2422.367777777778
785.0138915546697, 2427.222222222222
785.4064488461789, 2449.0672222222224
785.7989408825612, 2400.5227777777777
786.1913676432944, 2446.64
786.5837291078566, 2475.766666666667
786.9760252557254, 2444.212777777778
787.3682560663788, 2419.9405555555554
787.7604215192946, 2439.358333333333
788.1525215939508, 2444.212777777778
788.5445562698254, 2444.212777777778
788.9365255263959, 2456.3488888888887
789.3284293431406, 2458.7761111111113
789.7202676995372, 2492.757222222222
790.1120405750635, 2543.728888888889
790.5037479491975, 2417.5133333333333
790.8953898014171, 2449.0672222222224
791.2869661112001, 2463.6305555555555
791.6784768580243, 2441.7855555555557
792.0699220213678, 2449.0672222222224
792.4613015807084, 2444.212777777778
792.852615515524, 2478.193888888889
793.2438638052924, 2451.4944444444445
793.6350464294916, 2456.3488888888887
794.0261633675993, 2366.5416666666665
794.4172145990937, 2509.7477777777776
794.8082001034524, 2478.193888888889
795.1991198601534, 2446.64
795.5899738486744, 2502.4661111111113
795.9807620484936, 2456.3488888888887
796.3714844390886, 2407.8044444444445
796.7621409999376, 2400.5227777777777
797.1527317105182, 2424.795
797.5432565503083, 2466.0577777777776
797.933715498786, 2473.3394444444443
798.3241085354289, 2468.485
798.7144356397151, 2468.485
799.1046967911225, 2446.64
799.4948919691287, 2521.883888888889
799.8850211532119, 2422.367777777778
800.2750843228498, 2444.212777777778
800.6650814575204, 2419.9405555555554
801.0550125367017, 2439.358333333333
801.4448775398711, 2461.2033333333334
801.8346764465069, 2480.621111111111
802.224409236087, 2500.038888888889
802.614075888089, 2473.3394444444443
803.0036763819912, 2497.6116666666667
803.393210697271, 2436.931111111111
803.7826788134066, 2461.2033333333334
804.1720807098758, 2427.222222222222
804.5614163661564, 2456.3488888888887
804.9506857617265, 2458.7761111111113
805.3398888760638, 2395.6683333333335
805.7290256886463, 2490.33
806.1180961789518, 2449.0672222222224
806.507100326458, 2424.795
806.8960381106433, 2473.3394444444443
807.2849095109851, 2475.766666666667
807.6737145069615, 2509.7477777777776
808.0624530780502, 2463.6305555555555
808.4511252037294, 2461.2033333333334
808.8397308634767, 2461.2033333333334
809.2282700367703, 2531.592777777778
809.6167427030877, 2432.076666666667
810.0051488419068, 2417.5133333333333
810.3934884327059, 2470.912222222222
810.7817614549624, 2451.4944444444445
811.1699678881547, 2485.4755555555557
811.5581077117603, 2441.7855555555557
811.946180905257, 2492.757222222222
812.3341874481231, 2436.931111111111
812.722127319836, 2475.766666666667
813.1100004998741, 2371.396111111111
813.4978069677148, 2461.2033333333334
813.8855467028363, 2509.7477777777776
814.2732196847163, 2434.503888888889
814.6608258928328, 2449.0672222222224
815.0483653066638, 2449.0672222222224
815.4358379056869, 2417.5133333333333
815.82324366938, 2436.931111111111
816.2105825772212, 2398.0955555555556
816.5978546086883, 2449.0672222222224
816.9850597432592, 2434.503888888889
817.3721979604117, 2497.6116666666667
817.7592692396238, 2419.9405555555554
818.1462735603732, 2536.447222222222
818.5332109021379, 2434.503888888889
818.9200812443959, 2436.931111111111
819.306884566625, 2536.447222222222
819.6936208483029, 2429.6494444444443
820.0802900689077, 2439.358333333333
820.4668922079172, 2504.8933333333334
820.8534272448094, 2400.5227777777777
821.239895159062, 2492.757222222222
821.626295930153, 2531.592777777778
822.0126295375603, 2415.086111111111
822.3988959607616, 2415.086111111111
822.785095179235, 2463.6305555555555
823.1712271724583, 2470.912222222222
823.5572919199096, 2470.912222222222
823.9432894010663, 2470.912222222222
824.3292195954066, 2475.766666666667
824.7150824824083, 2495.1844444444446
825.1008780415495, 2427.222222222222
825.486606252308, 2500.038888888889
825.8722670941613, 2436.931111111111
826.2578605465877, 2507.3205555555555
826.643386589065, 2366.5416666666665
827.028845201071, 2405.3772222222224
827.4142363620837, 2466.0577777777776
827.7995600515808, 2478.193888888889
828.1848162490403, 2415.086111111111
828.5700049339401, 2456.3488888888887
828.9551260857583, 2378.677777777778
829.3401796839723, 2458.7761111111113
829.7251657080603, 2473.3394444444443
830.1100841375, 2451.4944444444445
830.4949349517696, 2502.4661111111113
830.8797181303465, 2381.105
831.264433652709, 2410.2316666666666
831.649081498335, 2466.0577777777776
832.0336616467022, 2456.3488888888887
832.4181740772884, 2504.8933333333334
832.8026187695717, 2395.6683333333335
833.1869957030299, 2424.795
833.5713048571408, 2473.3394444444443
833.9555462113824, 2444.212777777778
834.3397197452325, 2400.5227777777777
834.723825438169, 2456.3488888888887
835.1078632696698, 2398.0955555555556
835.4918332192129, 2461.2033333333334
835.875735266276, 2524.311111111111
836.259569390337, 2473.3394444444443
836.6433355708738, 2468.485
837.0270337873644, 2478.193888888889
837.4106640192867, 2417.5133333333333
837.7942262461185, 2463.6305555555555
838.1777204473375, 2412.6588888888887
838.5611466024219, 2492.757222222222
838.9445046908494, 2415.086111111111
839.3277946920979, 2424.795
839.7110165856454, 2470.912222222222
840.0941703509696, 2412.6588888888887
840.4772559675484, 2446.64
840.8602734148599, 2446.64
841.2432226723819, 2461.2033333333334
841.6261037195922, 2451.4944444444445
842.0089165359686, 2500.038888888889
842.3916611009893, 2439.358333333333
842.7743373941316, 2453.9216666666666
843.156945394874, 2412.6588888888887
843.5394850826943, 2461.2033333333334
843.9219564370701, 2538.8744444444446
844.3043594374793, 2449.0672222222224
844.6866940634001, 2422.367777777778
845.06896029431, 2470.912222222222
845.4511581096873, 2475.766666666667
845.8332874890094, 2451.4944444444445
846.2153484117546, 2444.212777777778
846.5973408574006, 2412.6588888888887
846.9792648054253, 2441.7855555555557
847.3611202353064, 2429.6494444444443
847.7429071265223, 2446.64
848.1246254585504, 2485.4755555555557
848.5062752108686, 2407.8044444444445
848.8878563629551, 2412.6588888888887
849.2693688942875, 2453.9216666666666
849.6508127843439, 2517.0294444444444
850.0321880126021, 2473.3394444444443
850.4134945585397, 2453.9216666666666
850.7947324016351, 2529.1655555555553
851.1759015213659, 2495.1844444444446
851.55700189721, 2410.2316666666666
851.9380335086452, 2480.621111111111
852.3189963351494, 2495.1844444444446
852.6998903562007, 2402.95
853.0807155512767, 2449.0672222222224
853.4614718998556, 2468.485
853.8421593814152, 2456.3488888888887
854.2227779754331, 2419.9405555555554
854.6033276613874, 2485.4755555555557
854.983808418756, 2444.212777777778
855.3642202270167, 2497.6116666666667
855.7445630656476, 2385.9594444444447
856.1248369141263, 2463.6305555555555
856.5050417519308, 2444.212777777778
856.8851775585389, 2475.766666666667
857.2652443134286, 2444.212777777778
857.6452419960779, 2441.7855555555557
858.0251705859644, 2466.0577777777776
858.4050300625662, 2495.1844444444446
858.784820405361, 2449.0672222222224
859.1645415938268, 2470.912222222222
859.5441936074416, 2432.076666666667
859.923776425683, 2434.503888888889
860.3032900280291, 2458.7761111111113
860.6827343939576, 2497.6116666666667
861.0621095029466, 2461.2033333333334
861.441415334474, 2412.6588888888887
861.8206518680174, 2466.0577777777776
862.1998190830549, 2512.175
862.5789169590645, 2449.0672222222224
862.9579454755236, 2466.0577777777776
863.3369046119107, 2451.4944444444445
863.7157943477033, 2517.0294444444444
864.0946146623794, 2451.4944444444445
864.4733655354167, 2410.2316666666666
864.8520469462933, 2424.795
865.2306588744871, 2422.367777777778
865.609201299476, 2439.358333333333
865.9876742007377, 2378.677777777778
866.3660775577501, 2458.7761111111113
866.7444113499912, 2441.7855555555557
867.1226755569388, 2373.8233333333333
867.500870158071, 2492.757222222222
867.8789951328655, 2444.212777777778
868.2570504608001, 2444.212777777778
868.6350361213526, 2412.6588888888887
869.0129520940013, 2412.6588888888887
869.3907983582237, 2378.677777777778
869.7685748934982, 2432.076666666667
870.146281679302, 2475.766666666667
870.5239186951134, 2417.5133333333333
870.90148592041, 2461.2033333333334
871.27898333467, 2381.105
871.6564109173712, 2466.0577777777776
872.0337686479913, 2381.105
872.4110565060084, 2463.6305555555555
872.7882744709003, 2441.7855555555557
873.1654225221448, 2444.212777777778
873.5425006392201, 2487.902777777778
873.9195088016037, 2478.193888888889
874.2964469887736, 2412.6588888888887
874.6733151802077, 2441.7855555555557
875.050113355384, 2451.4944444444445
875.4268414937803, 2483.048333333333
875.8034995748744, 2453.9216666666666
876.1800875781444, 2485.4755555555557
876.5566054830679, 2446.64
876.9330532691229, 2475.766666666667
877.3094309157873, 2514.6022222222223
877.6857384025392, 2441.7855555555557
878.061975708856, 2439.358333333333
878.438142814216, 2434.503888888889
878.8142396980969, 2487.902777777778
879.1902663399766, 2468.485
879.5662227193332, 2475.766666666667
879.9421088156442, 2497.6116666666667
880.3179246083878, 2432.076666666667
880.6936700770416, 2444.212777777778
881.0693452010837, 2463.6305555555555
881.4449499599921, 2463.6305555555555
881.8204843332443, 2424.795
882.1959483003185, 2509.7477777777776
882.5713418406924, 2436.931111111111
882.9466649338441, 2432.076666666667
883.3219175592512, 2461.2033333333334
883.6970996963919, 2485.4755555555557
884.0722113247438, 2514.6022222222223
884.4472524237849, 2473.3394444444443
884.822222972993, 2451.4944444444445
885.1971229518462, 2412.6588888888887
885.5719523398224, 2351.9783333333335
885.9467111163991, 2453.9216666666666
886.3213992610544, 2485.4755555555557
886.6960167532662, 2451.4944444444445
887.0705635725126, 2461.2033333333334
887.4450396982711, 2400.5227777777777
887.8194451100198, 2432.076666666667
888.1937797872365, 2419.9405555555554
888.568043709399, 2441.7855555555557
888.9422368559856, 2441.7855555555557
889.3163592064737, 2444.212777777778
889.6904107403415, 2456.3488888888887
890.0643914370667, 2478.193888888889
890.438301276127, 2485.4755555555557
890.8121402370008, 2441.7855555555557
891.1859082991656, 2417.5133333333333
891.5596054420996, 2419.9405555555554
891.9332316452803, 2439.358333333333
892.3067868881857, 2444.212777777778
892.6802711502938, 2436.931111111111
893.0536844110824, 2483.048333333333
893.4270266500296, 2395.6683333333335
893.8002978466128, 2444.212777777778
894.1734979803103, 2417.5133333333333
894.5466270305999, 2463.6305555555555
894.9196849769595, 2509.7477777777776
895.2926717988669, 2456.3488888888887
895.6655874758, 2446.64
896.0384319872365, 2478.193888888889
896.4112053126547, 2432.076666666667
896.7839074315323, 2461.2033333333334
897.156538323347, 2468.485
897.529097967577, 2541.3016666666667
897.9015863436998, 2444.212777777778
898.2740034311936, 2461.2033333333334
898.6463492095362, 2432.076666666667
899.0186236582055, 2385.9594444444447
899.3908267566794, 2466.0577777777776
899.7629584844356, 2504.8933333333334
900.1350188209522, 2470.912222222222
900.5070077457069, 2490.33
900.8789252381778, 2417.5133333333333
901.2507712778427, 2424.795
901.6225458441793, 2439.358333333333
901.9942489166658, 2480.621111111111
902.3658804747797, 2393.241111111111
902.7374404979993, 2478.193888888889
903.1089289658024, 2553.4377777777777
903.4803458576665, 2487.902777777778
903.8516911530699, 2548.5833333333335
904.2229648314902, 2402.95
904.5941668724056, 2405.3772222222224
904.9652972552939, 2492.757222222222
905.3363559596327, 2536.447222222222
905.7073429649, 2466.0577777777776
906.0782582505739, 2495.1844444444446
906.4491017961321, 2461.2033333333334
906.8198735810525, 2427.222222222222
907.1905735848133, 2458.7761111111113
907.5612017868917, 2424.795
907.9317581667661, 2463.6305555555555
908.3022427039143, 2495.1844444444446
908.6726553778141, 2473.3394444444443
909.0429961679436, 2429.6494444444443
909.4132650537804, 2427.222222222222
909.7834620148025, 2470.912222222222
910.1535870304876, 2492.757222222222
910.523640080314, 2456.3488888888887
910.8936211437593, 2390.813888888889
911.2635302003015, 2434.503888888889
911.6333672294182, 2441.7855555555557
912.0031322105876, 2490.33
912.3728251232876, 2444.212777777778
912.742445946996, 2453.9216666666666
913.1119946611905, 2563.1466666666665
913.4814712453491, 2529.1655555555553
913.8508756789498, 2451.4944444444445
914.2202079414703, 2509.7477777777776
914.5894680123887, 2490.33
914.9586558711829, 2429.6494444444443
915.3277714973304, 2368.968888888889
915.6968148703095, 2456.3488888888887
916.0657859695979, 2422.367777777778
916.4346847746734, 2446.64
916.8035112650142, 2449.0672222222224
917.1722654200979, 2385.9594444444447
917.5409472194023, 2468.485
917.9095566424055, 2466.0577777777776
918.2780936685854, 2483.048333333333
918.6465582774198, 2449.0672222222224
919.0149504483866, 2470.912222222222
919.3832701609637, 2497.6116666666667
919.7515173946289, 2424.795
920.1196921288599, 2432.076666666667
920.4877943431352, 2410.2316666666666
920.8558240169323, 2543.728888888889
921.223781129729, 2444.212777777778
921.5916656610033, 2485.4755555555557
921.9594775902328, 2475.766666666667
922.327216896896, 2444.212777777778
922.6948835604703, 2517.0294444444444
923.0624775604338, 2422.367777777778
923.4299988762641, 2444.212777777778
923.7974474874394, 2395.6683333333335
924.1648233734376, 2480.621111111111
924.5321265137363, 2536.447222222222
924.8993568878135, 2504.8933333333334
925.2665144751472, 2456.3488888888887
925.6335992552152, 2427.222222222222
926.0006112074952, 2436.931111111111
926.3675503114656, 2468.485
926.7344165466038, 2478.193888888889
927.1012098923877, 2492.757222222222
927.4679303282956, 2473.3394444444443
927.8345778338048, 2453.9216666666666
928.2011523883937, 2419.9405555555554
928.5676539715399, 2517.0294444444444
928.9340825627213, 2529.1655555555553
929.300438141416, 2495.1844444444446
929.6667206871015, 2446.64
930.032930179256, 2419.9405555555554
930.3990665973574, 2429.6494444444443
930.7651299208834, 2485.4755555555557
931.131120129312, 2483.048333333333
931.497037202121, 2400.5227777777777
931.8628811187882, 2444.212777777778
932.2286518587919, 2478.193888888889
932.5943494016095, 2444.212777777778
932.959973726719, 2441.7855555555557
933.3255248135985, 2502.4661111111113
933.6910026417256, 2446.64
934.0564071905786, 2449.0672222222224
934.421738439635, 2495.1844444444446
934.7869963683726, 2504.8933333333334
935.1521809562696, 2412.6588888888887
935.5172921828038, 2502.4661111111113
935.882330027453, 2541.3016666666667
936.2472944696952, 2453.9216666666666
936.6121854890082, 2415.086111111111
936.9770030648699, 2417.5133333333333
937.3417471767581, 2436.931111111111
937.7064178041509, 2427.222222222222
938.071014926526, 2470.912222222222
938.4355385233613, 2534.02
938.7999885741348, 2361.6872222222223
939.1643650583242, 2483.048333333333
939.5286679554074, 2449.0672222222224
939.8928972448628, 2432.076666666667
940.2570529061674, 2473.3394444444443
940.6211349187996, 2463.6305555555555
940.9851432622372, 2485.4755555555557
941.3490779159583, 2483.048333333333
941.7129388594406, 2461.2033333333334
942.0767260721618, 2402.95
942.4404395336, 2432.076666666667
942.8040792232331, 2449.0672222222224
943.1676451205389, 2441.7855555555557
943.5311372049953, 2412.6588888888887
943.8945554560802, 2402.95
944.2578998532713, 2514.6022222222223
944.621170376047, 2429.6494444444443
944.9843670038847, 2480.621111111111
945.3474897162623, 2441.7855555555557
945.710538492658, 2470.912222222222
946.0735133125493, 2473.3394444444443
946.4364141554144, 2390.813888888889
946.7992410007312, 2407.8044444444445
947.1619938279771, 2388.3866666666668
947.5246726166306, 2427.222222222222
947.8872773461691, 2412.6588888888887
948.2498079960709, 2458.7761111111113
948.6122645458137, 2453.9216666666666
948.9746469748751, 2521.883888888889
949.3369552627336, 2381.105
949.6991893888663, 2446.64
950.0613493327519, 2512.175
950.4234350738678, 2485.4755555555557
950.7854465916919, 2480.621111111111
951.1473838657021, 2449.0672222222224
951.5092468753764, 2439.358333333333
951.871035600193, 2461.2033333333334
952.2327500196291, 2444.212777777778
952.5943901131628, 2470.912222222222
952.9559558602721, 2410.2316666666666
953.3174472404351, 2473.3394444444443
953.6788642331294, 2509.7477777777776
954.040206817833, 2407.8044444444445
954.4014749740235, 2441.7855555555557
954.7626686811789, 2424.795
955.1237879187775, 2402.95
955.4848326662968, 2446.64
955.8458029032148, 2473.3394444444443
956.2066986090091, 2388.3866666666668
956.5675197631579, 2402.95
956.9282663451391, 2485.4755555555557
957.2889383344307, 2497.6116666666667
957.6495357105102, 2461.2033333333334
958.0100584528556, 2458.7761111111113
958.3705065409446, 2485.4755555555557
958.7308799542557, 2473.3394444444443
959.0911786722664, 2415.086111111111
959.4514026744546, 2495.1844444444446
959.8115519402979, 2468.485
960.1716264492745, 2424.795
960.5316261808625, 2470.912222222222
960.8915511145395, 2509.7477777777776
961.2514012297835, 2487.902777777778
961.6111765060718, 2468.485
961.9708769228831, 2436.931111111111
962.330502459695, 2417.5133333333333
962.6900530959854, 2407.8044444444445
963.0495288112322, 2463.6305555555555
963.4089295849129, 2434.503888888889
963.7682553965058, 2410.2316666666666
964.1275062254888, 2415.086111111111
964.4866820513397, 2434.503888888889
964.8457828535363, 2470.912222222222
965.2048086115565, 2436.931111111111
965.5637593048781, 2439.358333333333
965.9226349129792, 2475.766666666667
966.2814354153378, 2504.8933333333334
966.6401607914315, 2456.3488888888887
966.998811020738, 2453.9216666666666
967.3573860827355, 2458.7761111111113
967.715885956902, 2463.6305555555555
968.0743106227152, 2410.2316666666666
968.4326600596529, 2453.9216666666666
968.7909342471929, 2470.912222222222
969.1491331648133, 2512.175
969.5072567919922, 2441.7855555555557
969.8653051082072, 2483.048333333333
970.2232780929362, 2504.8933333333334
970.5811757256569, 2466.0577777777776
970.9389979858473, 2422.367777777778
971.2967448529856, 2470.912222222222
971.6544163065495, 2427.222222222222
972.0120123260166, 2419.9405555555554
972.3695328908652, 2400.5227777777777
972.7269779805728, 2500.038888888889
973.0843475746177, 2441.7855555555557
973.4416416524775, 2463.6305555555555
973.7988601936299, 2405.3772222222224
974.1560031775534, 2410.2316666666666
974.5130705837252, 2485.4755555555557
974.8700623916237, 2480.621111111111
975.2269785807267, 2485.4755555555557
975.5838191305116, 2451.4944444444445
975.940584020457, 2434.503888888889
976.2972732300401, 2453.9216666666666
976.6538867387394, 2436.931111111111
977.0104245260326, 2444.212777777778
977.366886571397, 2456.3488888888887
977.7232728543113, 2466.0577777777776
978.079583354253, 2422.367777777778
978.4358180507, 2376.2505555555554
978.7919769231304, 2436.931111111111
979.1480599510217, 2424.795
979.5040671138518, 2565.573888888889
979.8599983910992, 2402.95
980.2158537622412, 2461.2033333333334
980.5716332067559, 2405.3772222222224
980.9273367041209, 2451.4944444444445
981.2829642338144, 2541.3016666666667
981.6385157753143, 2427.222222222222
981.9939913080984, 2470.912222222222
982.3493908116445, 2402.95
982.7047142654303, 2388.3866666666668
983.0599616489342, 2427.222222222222
983.4151329416338, 2434.503888888889
983.770228123007, 2485.4755555555557
984.1252471725317, 2461.2033333333334
984.4801900696855, 2473.3394444444443
984.8350567939466, 2536.447222222222
985.189847324793, 2451.4944444444445
985.5445616417024, 2487.902777777778
985.8991997241528, 2427.222222222222
986.2537615516217, 2402.95
986.6082471035874, 2371.396111111111
986.9626563595276, 2427.222222222222
987.3169892989204, 2444.212777777778
987.6712459012435, 2512.175
988.0254261459746, 2456.3488888888887
988.3795300125918, 2444.212777777778
988.733557480573, 2449.0672222222224
989.0875085293962, 2446.64
989.4413831385392, 2480.621111111111
989.7951812874794, 2507.3205555555555
990.1489029556951, 2504.8933333333334
990.5025481226647, 2429.6494444444443
990.8561167678653, 2453.9216666666666
991.2096088707751, 2407.8044444444445
991.5630244108718, 2449.0672222222224
991.9163633676334, 2366.5416666666665
992.269625720538, 2468.485
992.6228114490633, 2475.766666666667
992.9759205326872, 2458.7761111111113
993.3289529508872, 2453.9216666666666
993.6819086831417, 2466.0577777777776
994.0347877089287, 2458.7761111111113
994.3875900077255, 2419.9405555555554
994.7403155590106, 2478.193888888889
995.0929643422612, 2466.0577777777776
995.4455363369556, 2473.3394444444443
995.7980315225718, 2449.0672222222224
996.1504498785876, 2439.358333333333
996.5027913844808, 2405.3772222222224
996.8550560197291, 2400.5227777777777
997.2072437638105, 2446.64
997.5593545962032, 2429.6494444444443
997.9113884963849, 2439.358333333333
998.2633454438334, 2422.367777777778
998.6152254180263, 2444.212777777778
998.967028398442, 2429.6494444444443
999.3187543645583, 2526.7383333333332
999.6704032958529, 2507.3205555555555
1000.0219751718037, 2427.222222222222
1000.3734699718887, 2446.64
1000.7248876755855, 2492.757222222222
1001.0762282623723, 2463.6305555555555
1001.4274917117272, 2439.358333333333
1001.7786780031272, 2458.7761111111113
1002.1297871160513, 2463.6305555555555
1002.4808190299765, 2456.3488888888887
1002.831773724381, 2475.766666666667
1003.1826511787431, 2463.6305555555555
1003.5334513725397, 2478.193888888889
1003.8841742852499, 2436.931111111111
1004.2348198963505, 2458.7761111111113
1004.58538818532, 2410.2316666666666
1004.9358791316362, 2417.5133333333333
1005.2862927147766, 2463.6305555555555
1005.6366289142197, 2449.0672222222224
1005.9868877094427, 2463.6305555555555
1006.3370690799243, 2453.9216666666666
1006.6871730051417, 2410.2316666666666
1007.0371994645731, 2432.076666666667
1007.387148437696, 2531.592777777778
1007.7370199039891, 2368.968888888889
1008.0868138429296, 2427.222222222222
1008.4365302339957, 2444.212777777778
1008.7861690566647, 2364.1144444444444
1009.135730290415, 2417.5133333333333
1009.4852139147247, 2424.795
1009.8346199090714, 2478.193888888889
1010.183948252933, 2446.64
1010.5331989257868, 2398.0955555555556
1010.8823719071117, 2429.6494444444443
1011.2314671763851, 2466.0577777777776
1011.5804847130852, 2487.902777777778
1011.9294244966892, 2424.795
1012.2782865066753, 2410.2316666666666
1012.6270707225216, 2468.485
1012.9757771237059, 2531.592777777778
1013.3244056897063, 2458.7761111111113
1013.6729564000002, 2383.532222222222
1014.0214292340655, 2449.0672222222224
1014.3698241713803, 2400.5227777777777
1014.7181411914225, 2475.766666666667
1015.0663802736703, 2400.5227777777777
1015.414541397601, 2475.766666666667
1015.7626245426926, 2405.3772222222224
1016.1106296884232, 2419.9405555555554
1016.4585568142705, 2453.9216666666666
1016.8064058997128, 2468.485
1017.1541769242275, 2468.485
1017.5018698672923, 2480.621111111111
1017.8494847083857, 2390.813888888889
1018.1970214269853, 2354.4055555555556
1018.544480002569, 2400.5227777777777
1018.8918604146148, 2458.7761111111113
1019.2391626426003, 2485.4755555555557
1019.5863866660034, 2366.5416666666665
1019.9335324643024, 2407.8044444444445
1020.2806000169747, 2400.5227777777777
1020.6275893034986, 2458.7761111111113
1020.9745003033515, 2439.358333333333
1021.3213329960116, 2490.33
1021.6680873609569, 2463.6305555555555
1022.0147633776651, 2517.0294444444444
1022.3613610256143, 2473.3394444444443
1022.7078802842818, 2439.358333333333
1023.054321133146, 2378.677777777778
1023.4006835516849, 2422.367777777778
1023.7469675193759, 2439.358333333333
1024.0931730156972, 2461.2033333333334
1024.4393000201267, 2385.9594444444447
1024.785348512142, 2468.485
1025.1313184712212, 2485.4755555555557
1025.4772098768424, 2478.193888888889
1025.8230227084832, 2412.6588888888887
1026.1687569456215, 2480.621111111111
1026.5144125677348, 2449.0672222222224
1026.8599895543018, 2453.9216666666666
1027.2054878848003, 2415.086111111111
1027.5509075387072, 2485.4755555555557
1027.8962484955014, 2427.222222222222
1028.2415107346603, 2434.503888888889
1028.586694235662, 2456.3488888888887
1028.9317989779845, 2480.621111111111
1029.2768249411054, 2444.212777777778
1029.6217721045025, 2444.212777777778
1029.9666404476538, 2444.212777777778
