# FLAME spectrum data format
# Time of snapshot: 2021-02-08T18:31:59Eastern Standard Time
# Number of frames accumulated: 0
# Scan time per exposure [us]: 100000
# Wavelength [nm], Intensity [count]:
189.1861363086452, 1997.6038888888888
189.64926416366848, 2051.0027777777777
190.11235512512943, 1970.9044444444444
190.57540917250594, 2029.1577777777777
191.03842628527582, 1997.6038888888888
191.50140644291702, 2034.0122222222221
191.9643496249074, 2002.4583333333333
192.4272558107249, 2118.965
192.89012497984731, 2089.838333333333
193.35295711175254, 2111.6833333333334
193.81575218591854, 2106.8288888888887
194.27851018182312, 2152.946111111111
194.7412310789442, 2128.673888888889
195.20391485675964, 2191.7816666666668
195.66656149474733, 2150.518888888889
196.12917097238517, 2245.1805555555557
196.59174326915107, 2267.0255555555555
197.05427836452282, 2342.2694444444446
197.51677623797838, 2233.0444444444443
197.97923686899566, 2330.133333333333
198.44166023705247, 2351.9783333333335
198.9040463216267, 2233.0444444444443
199.36639510219626, 2419.9405555555554
199.82870655823908, 2337.415
200.29098066923297, 2361.6872222222223
200.7532174146558, 2415.086111111111
201.21541677398554, 2376.2505555555554
201.6775787267, 2385.9594444444447
202.13970325227712, 2456.3488888888887
202.60179033019475, 2444.212777777778
203.06383993993072, 2422.367777777778
203.52585206096302, 2441.7855555555557
203.9878266727695, 2456.3488888888887
204.44976375482798, 2473.3394444444443
204.91166328661643, 2373.8233333333333
205.3735252476127, 2480.621111111111
205.83534961729464, 2407.8044444444445
206.2971363751402, 2478.193888888889
206.75888550062717, 2456.3488888888887
207.22059697323357, 2470.912222222222
207.68227077243716, 2495.1844444444446
208.14390687771592, 2453.9216666666666
208.6055052685476, 2429.6494444444443
209.0670659244102, 2497.6116666666667
209.5285888247816, 2466.0577777777776
209.99007394913966, 2444.212777777778
210.4515212769622, 2407.8044444444445
210.9129307877272, 2483.048333333333
211.3743024609125, 2381.105
211.835636275996, 2415.086111111111
212.29693221245557, 2432.076666666667
212.7581902497691, 2429.6494444444443
213.21941036741444, 2446.64
213.68059254486954, 2395.6683333333335
214.14173676161224, 2373.8233333333333
214.60284299712043, 2378.677777777778
215.06391123087198, 2322.8516666666665
215.52494144234484, 2356.8327777777777
215.9859336110168, 2422.367777777778
216.4468877163658, 2373.8233333333333
216.9078037378697, 2463.6305555555555
217.36868165500644, 2453.9216666666666
217.82952144725382, 2436.931111111111
218.29032309408976, 2402.95
218.75108657499214, 2373.8233333333333
219.2118118694389, 2475.766666666667
219.67249895690784, 2383.532222222222
220.13314781687689, 2424.795
220.5937584288239, 2359.26
221.0543307722268, 2393.241111111111
221.51486482656347, 2444.212777777778
221.97536057131174, 2480.621111111111
222.43581798594948, 2475.766666666667
222.8962370499547, 2449.0672222222224
223.35661774280518, 2344.6966666666667
223.81696004397878, 2466.0577777777776
224.2772639329535, 2373.8233333333333
224.73752938920714, 2419.9405555555554
225.1977563922176, 2337.415
225.65794492146279, 2330.133333333333
226.1180949564205, 2444.212777777778
226.57820647656874, 2490.33
227.03827946138532, 2449.0672222222224
227.4983138903481, 2407.8044444444445
227.95830974293503, 2483.048333333333
228.418266998624, 2388.3866666666668
228.87818563689282, 2417.5133333333333
229.33806563721944, 2400.5227777777777
229.79790697908172, 2371.396111111111
230.25770964195752, 2427.222222222222
230.71747360532476, 2439.358333333333
231.1771988486613, 2458.7761111111113
231.63688535144504, 2410.2316666666666
232.09653309315385, 2473.3394444444443
232.5561420532656, 2405.3772222222224
233.01571221125823, 2424.795
233.4752435466096, 2410.2316666666666
233.93473603879755, 2390.813888888889
234.3941896673, 2393.241111111111
234.85360441159483, 2344.6966666666667
235.31298025115996, 2412.6588888888887
235.77231716547317, 2356.8327777777777
236.23161513401246, 2444.212777777778
236.69087413625567, 2427.222222222222
237.15009415168063, 2446.64
237.60927515976533, 2500.038888888889
238.0684171399876, 2417.5133333333333
238.52752007182528, 2475.766666666667
238.9865839347563, 2361.6872222222223
239.44560870825856, 2376.2505555555554
239.90459437180988, 2456.3488888888887
240.36354090488823, 2410.2316666666666
240.82244828697142, 2429.6494444444443
241.28131649753738, 2390.813888888889
241.740145516064, 2427.222222222222
242.1989353220291, 2473.3394444444443
242.65768589491063, 2444.212777777778
243.1163972141864, 2424.795
243.5750692593344, 2483.048333333333
244.03370200983244, 2531.592777777778
244.49229544515842, 2417.5133333333333
244.95084954479023, 2412.6588888888887
245.40936428820572, 2402.95
245.8678396548828, 2398.0955555555556
246.3262756242994, 2475.766666666667
246.7846721759333, 2444.212777777778
247.2430292892625, 2470.912222222222
247.7013469437648, 2427.222222222222
248.15962511891811, 2458.7761111111113
248.61786379420033, 2468.485
249.0760629490893, 2451.4944444444445
249.53422256306294, 2412.6588888888887
249.9923426155991, 2449.0672222222224
250.4504230861757, 2449.0672222222224
250.90846395427067, 2395.6683333333335
251.3664651993618, 2378.677777777778
251.82442680092703, 2446.64
252.2823487384442, 2463.6305555555555
252.7402309913912, 2424.795
253.19807353924597, 2432.076666666667
253.65587636148632, 2468.485
254.1136394375902, 2400.5227777777777
254.57136274703547, 2480.621111111111
255.02904626929998, 2446.64
255.48668998386165, 2417.5133333333333
255.94429387019835, 2439.358333333333
256.401857907788, 2463.6305555555555
256.8593820761084, 2456.3488888888887
257.3168663546375, 2453.9216666666666
257.77431072285316, 2419.9405555555554
258.2317151602333, 2473.3394444444443
258.6890796462558, 2490.33
259.14640416039845, 2463.6305555555555
259.6036886821393, 2393.241111111111
260.0609331909561, 2468.485
260.51813766632677, 2490.33
260.9753020877292, 2514.6022222222223
261.4324264346412, 2495.1844444444446
261.8895106865408, 2417.5133333333333
262.3465548229058, 2400.5227777777777
262.8035588232141, 2402.95
263.26052266694353, 2453.9216666666666
263.717446333572, 2444.212777777778
264.1743298025776, 2424.795
264.6311730534378, 2429.6494444444443
265.0879760656308, 2475.766666666667
265.5447388186344, 2436.931111111111
266.00146129192643, 2422.367777777778
266.4581434649849, 2412.6588888888887
266.91478531728757, 2468.485
267.3713868283124, 2395.6683333333335
267.82794797753724, 2609.2638888888887
268.28446874443995, 2432.076666666667
268.7409491084984, 2466.0577777777776
269.19738904919063, 2492.757222222222
269.6537885459943, 2436.931111111111
270.1101475783875, 2461.2033333333334
270.56646612584797, 2466.0577777777776
271.0227441678536, 2434.503888888889
271.4789816838824, 2475.766666666667
271.93517865341204, 2444.212777777778
272.3913350559207, 2398.0955555555556
272.84745087088595, 2453.9216666666666
273.3035260777859, 2373.8233333333333
273.7595606560983, 2434.503888888889
274.2155545853011, 2398.0955555555556
274.6715078448722, 2415.086111111111
275.1274204142894, 2441.7855555555557
275.58329227303074, 2480.621111111111
276.0391234005739, 2412.6588888888887
276.4949137763969, 2483.048333333333
276.9506633799776, 2504.8933333333334
277.4063721907939, 2456.3488888888887
277.8620401883236, 2398.0955555555556
278.3176673520446, 2441.7855555555557
278.773253661435, 2490.33
279.22879909597236, 2517.0294444444444
279.68430363513477, 2453.9216666666666
280.1397672584, 2521.883888888889
280.595189945246, 2412.6588888888887
281.05057167515076, 2461.2033333333334
281.5059124275919, 2473.3394444444443
281.9612121820476, 2441.7855555555557
282.4164709179954, 2354.4055555555556
282.87168861491347, 2422.367777777778
283.3268652522797, 2446.64
283.78200080957174, 2422.367777777778
284.2370952662677, 2441.7855555555557
284.6921486018453, 2466.0577777777776
285.14716079578255, 2436.931111111111
285.60213182755723, 2492.757222222222
286.0570616766474, 2456.3488888888887
286.5119503225307, 2456.3488888888887
286.9667977446852, 2424.795
287.4216039225886, 2502.4661111111113
287.87636883571895, 2470.912222222222
288.33109246355417, 2415.086111111111
288.785774785572, 2463.6305555555555
289.2404157812505, 2436.931111111111
289.6950154300672, 2495.1844444444446
290.14957371150035, 2466.0577777777776
290.60409060502775, 2470.912222222222
291.05856609012716, 2417.5133333333333
291.51300014627657, 2458.7761111111113
291.96739275295386, 2497.6116666666667
292.42174388963684, 2458.7761111111113
292.8760535358034, 2427.222222222222
293.3303216709316, 2444.212777777778
293.7845482744991, 2449.0672222222224
294.2387333259839, 2410.2316666666666
294.6928768048639, 2400.5227777777777
295.14697869061683, 2483.048333333333
295.6010389627208, 2388.3866666666668
296.05505760065347, 2468.485
296.50903458389297, 2400.5227777777777
296.9629698919169, 2400.5227777777777
297.4168635042034, 2451.4944444444445
297.8707154002302, 2395.6683333333335
298.32452555947515, 2458.7761111111113
298.7782939614164, 2458.7761111111113
299.2320205855315, 2453.9216666666666
299.6857054112985, 2509.7477777777776
300.1393484181953, 2432.076666666667
300.5929495856997, 2483.048333333333
301.0465088932897, 2429.6494444444443
301.50002632044306, 2466.0577777777776
301.9535018466377, 2393.241111111111
302.40693545135156, 2514.6022222222223
302.8603271140625, 2466.0577777777776
303.31367681424837, 2453.9216666666666
303.7669845313871, 2497.6116666666667
304.2202502449565, 2475.766666666667
304.6734739344345, 2473.3394444444443
305.12665557929904, 2453.9216666666666
305.57979515902787, 2368.968888888889
306.03289265309905, 2400.5227777777777
306.4859480409903, 2453.9216666666666
306.93896130217956, 2388.3866666666668
307.39193241614487, 2432.076666666667
307.8448613623638, 2453.9216666666666
308.2977481203145, 2439.358333333333
308.75059266947466, 2451.4944444444445
309.20339498932225, 2458.7761111111113
309.6561550593353, 2412.6588888888887
310.10887285899145, 2451.4944444444445
310.56154836776875, 2458.7761111111113
311.01418156514495, 2461.2033333333334
311.46677243059804, 2415.086111111111
311.9193209436059, 2485.4755555555557
312.37182708364634, 2524.311111111111
312.8242908301973, 2536.447222222222
313.27671216273677, 2466.0577777777776
313.7290910607424, 2407.8044444444445
314.1814275036922, 2439.358333333333
314.63372147106406, 2468.485
315.08597294233584, 2444.212777777778
315.53818189698546, 2458.7761111111113
315.99034831449075, 2492.757222222222
316.44247217432957, 2400.5227777777777
316.8945534559799, 2410.2316666666666
317.3465921389196, 2441.7855555555557
317.7985882026266, 2555.865
318.2505416265786, 2475.766666666667
318.7024523902536, 2487.902777777778
319.1543204731295, 2376.2505555555554
319.6061458546842, 2441.7855555555557
320.0579285143956, 2419.9405555555554
320.50966843174143, 2507.3205555555555
320.9613655861997, 2429.6494444444443
321.4130199572483, 2485.4755555555557
321.86463152436505, 2417.5133333333333
322.3162002670279, 2453.9216666666666
322.76772616471476, 2492.757222222222
323.2192091969033, 2361.6872222222223
323.6706493430717, 2458.7761111111113
324.1220465826977, 2429.6494444444443
324.5734008952591, 2398.0955555555556
325.0247122602339, 2441.7855555555557
325.4759806571, 2507.3205555555555
325.9272060653352, 2434.503888888889
326.3783884644174, 2444.212777777778
326.8295278338246, 2468.485
327.2806241530346, 2446.64
327.7316774015252, 2458.7761111111113
328.1826875587743, 2475.766666666667
328.63365460425996, 2470.912222222222
329.08457851745993, 2473.3394444444443
329.5354592778521, 2473.3394444444443
329.9862968649143, 2458.7761111111113
330.4370912581245, 2424.795
330.88784243696057, 2461.2033333333334
331.3385503809005, 2543.728888888889
331.78921506942197, 2456.3488888888887
332.2398364820029, 2444.212777777778
332.69041459812127, 2480.621111111111
333.1409493972549, 2466.0577777777776
333.59144085888175, 2473.3394444444443
334.0418889624796, 2473.3394444444443
334.49229368752646, 2427.222222222222
334.94265501350003, 2441.7855555555557
335.3929729198783, 2458.7761111111113
335.8432473861392, 2441.7855555555557
336.29347839176063, 2456.3488888888887
336.7436659162204, 2458.7761111111113
337.19380993899625, 2402.95
337.6439104395663, 2492.757222222222
338.0939673974084, 2417.5133333333333
338.5439807920004, 2502.4661111111113
338.9939506028201, 2434.503888888889
339.4438768093455, 2461.2033333333334
339.89375939105446, 2441.7855555555557
340.34359832742473, 2419.9405555555554
340.7933935979344, 2456.3488888888887
341.24314518206126, 2475.766666666667
341.69285305928315, 2422.367777777778
342.14251720907805, 2436.931111111111
342.5921376109237, 2434.503888888889
343.0417142442982, 2439.358333333333
343.4912470886792, 2390.813888888889
343.9407361235448, 2495.1844444444446
344.39018132837265, 2361.6872222222223
344.8395826826408, 2514.6022222222223
345.2889401658271, 2434.503888888889
345.73825375740944, 2492.757222222222
346.1875234368658, 2434.503888888889
346.63674918367377, 2458.7761111111113
347.0859309773115, 2478.193888888889
347.53506879725677, 2461.2033333333334
347.9841626229875, 2407.8044444444445
348.4332124339816, 2427.222222222222
348.8822182097168, 2478.193888888889
349.33117992967124, 2453.9216666666666
349.78009757332256, 2456.3488888888887
350.2289711201488, 2395.6683333333335
350.67780054962776, 2434.503888888889
351.1265858412374, 2463.6305555555555
351.5753269744555, 2451.4944444444445
352.02402392876, 2517.0294444444444
352.47267668362883, 2432.076666666667
352.92128521853977, 2470.912222222222
353.36984951297086, 2485.4755555555557
353.81836954639977, 2461.2033333333334
354.26684529830453, 2381.105
354.715276748163, 2466.0577777777776
355.1636638754531, 2393.241111111111
355.61200665965265, 2444.212777777778
356.0603050802395, 2490.33
356.50855911669163, 2434.503888888889
356.9567687484869, 2444.212777777778
357.4049339551032, 2475.766666666667
357.85305471601833, 2427.222222222222
358.30113101071026, 2436.931111111111
358.7491628186568, 2373.8233333333333
359.1971501193359, 2432.076666666667
359.64509289222553, 2361.6872222222223
360.0929911168034, 2483.048333333333
360.5408447725474, 2419.9405555555554
360.98865383893553, 2470.912222222222
361.4364182954456, 2417.5133333333333
361.88413812155545, 2395.6683333333335
362.3318132967432, 2514.6022222222223
362.7794438004865, 2458.7761111111113
363.2270296122632, 2504.8933333333334
363.6745707115514, 2419.9405555555554
364.1220670778288, 2412.6588888888887
364.5695186905733, 2468.485
365.01692552926295, 2419.9405555555554
365.46428757337543, 2463.6305555555555
365.9116048023887, 2453.9216666666666
366.3588771957806, 2446.64
366.80610473302926, 2487.902777777778
367.25328739361225, 2395.6683333333335
367.7004251570076, 2441.7855555555557
368.14751800269306, 2451.4944444444445
368.59456591014674, 2385.9594444444447
369.0415688588464, 2434.503888888889
369.4885268282698, 2417.5133333333333
369.9354397978952, 2495.1844444444446
370.3823077472, 2402.95
370.82913065566237, 2509.7477777777776
371.2759085027602, 2500.038888888889
371.7226412679713, 2492.757222222222
372.1693289307736, 2415.086111111111
372.615971470645, 2466.0577777777776
373.0625688670632, 2470.912222222222
373.5091210995062, 2446.64
373.95562814745205, 2451.4944444444445
374.4020899903785, 2427.222222222222
374.8485066077633, 2468.485
375.29487797908456, 2466.0577777777776
375.74120408382, 2385.9594444444447
376.1874849014476, 2456.3488888888887
376.6337204114452, 2434.503888888889
377.07991059329066, 2458.7761111111113
377.52605542646194, 2405.3772222222224
377.9721548904368, 2393.241111111111
378.41820896469335, 2439.358333333333
378.8642176287092, 2466.0577777777776
379.31018086196246, 2473.3394444444443
379.75609864393084, 2538.8744444444446
380.2019709540923, 2466.0577777777776
380.64779777192473, 2463.6305555555555
381.093579076906, 2434.503888888889
381.5393148485141, 2417.5133333333333
381.98500506622673, 2417.5133333333333
382.43064970952184, 2424.795
382.87624875787736, 2417.5133333333333
383.32180219077117, 2490.33
383.76730998768113, 2385.9594444444447
384.2127721280851, 2424.795
384.658188591461, 2456.3488888888887
385.1035593572866, 2463.6305555555555
385.54888440504004, 2441.7855555555557
385.994163714199, 2436.931111111111
386.4393972642414, 2480.621111111111
386.8845850346451, 2424.795
387.32972700488807, 2519.4566666666665
387.77482315444814, 2446.64
388.2198734628032, 2478.193888888889
388.66487790943114, 2441.7855555555557
389.1098364738098, 2456.3488888888887
389.55474913541707, 2480.621111111111
389.99961587373093, 2449.0672222222224
390.44443666822923, 2439.358333333333
390.8892114983898, 2563.1466666666665
391.3339403436905, 2468.485
391.7786231836093, 2441.7855555555557
392.2232599976239, 2497.6116666666667
392.6678507652125, 2468.485
393.11239546585284, 2395.6683333333335
393.55689407902264, 2439.358333333333
394.0013465841999, 2529.1655555555553
394.4457529608626, 2502.4661111111113
394.89011318848856, 2497.6116666666667
395.3344272465556, 2524.311111111111
395.77869511454173, 2410.2316666666666
396.22291677192464, 2427.222222222222
396.6670921981824, 2475.766666666667
397.1112213727928, 2444.212777777778
397.55530427523377, 2444.212777777778
397.99934088498316, 2444.212777777778
398.4433311815189, 2497.6116666666667
398.8872751443188, 2429.6494444444443
399.33117275286077, 2470.912222222222
399.7750239866227, 2451.4944444444445
400.2188288250826, 2466.0577777777776
400.6625872477181, 2473.3394444444443
401.1062992340072, 2449.0672222222224
401.5499647634279, 2461.2033333333334
401.99358381545795, 2427.222222222222
402.43715636957535, 2400.5227777777777
402.8806824052578, 2456.3488888888887
403.3241619019833, 2526.7383333333332
403.7675948392297, 2432.076666666667
404.2109811964749, 2507.3205555555555
404.6543209531968, 2439.358333333333
405.0976140888734, 2483.048333333333
405.5408605829823, 2473.3394444444443
405.9840604150016, 2524.311111111111
406.4272135644091, 2410.2316666666666
406.87032001068275, 2483.048333333333
407.3133797333004, 2500.038888888889
407.7563927117399, 2500.038888888889
408.1993589254791, 2492.757222222222
408.64227835399595, 2463.6305555555555
409.08515097676843, 2368.968888888889
409.52797677327436, 2558.2922222222223
409.97075572299144, 2534.02
410.4134878053977, 2466.0577777777776
410.856172999971, 2529.1655555555553
411.2988112861894, 2473.3394444444443
411.74140264353053, 2480.621111111111
412.18394705147244, 2478.193888888889
412.6264444894928, 2483.048333333333
413.0688949370698, 2485.4755555555557
413.5112983736811, 2451.4944444444445
413.9536547788046, 2446.64
414.39596413191833, 2410.2316666666666
414.83822641250003, 2378.677777777778
415.2804416000276, 2502.4661111111113
415.722609673979, 2456.3488888888887
416.16473061383203, 2521.883888888889
416.6068043990647, 2497.6116666666667
417.0488310091547, 2453.9216666666666
417.49081042358, 2422.367777777778
417.93274262181853, 2468.485
418.37462758334823, 2436.931111111111
418.8164652876469, 2473.3394444444443
419.25825571419233, 2417.5133333333333
419.6999988424625, 2432.076666666667
420.1416946519353, 2468.485
420.58334312208865, 2449.0672222222224
421.02494423240046, 2529.1655555555553
421.46649796234846, 2551.0105555555556
421.9080042914106, 2422.367777777778
422.34946319906476, 2449.0672222222224
422.7908746647889, 2463.6305555555555
423.2322386680608, 2461.2033333333334
423.6735551883584, 2402.95
424.1148242051596, 2388.3866666666668
424.55604569794224, 2512.175
424.99721964618425, 2441.7855555555557
425.43834602936346, 2514.6022222222223
425.87942482695786, 2432.076666666667
426.32045601844516, 2502.4661111111113
426.7614395833034, 2432.076666666667
427.20237550101035, 2524.311111111111
427.643263751044, 2497.6116666666667
428.0841043128821, 2441.7855555555557
428.5248971660027, 2456.3488888888887
428.96564228988353, 2504.8933333333334
429.4063396640026, 2415.086111111111
429.8469892678377, 2521.883888888889
430.2875910808667, 2485.4755555555557
430.72814508256766, 2507.3205555555555
431.1686512524183, 2483.048333333333
431.6091095698964, 2480.621111111111
432.04952001448015, 2480.621111111111
432.48988256564724, 2497.6116666666667
432.93019720287555, 2507.3205555555555
433.37046390564296, 2529.1655555555553
433.8106826534275, 2422.367777777778
434.2508534257068, 2446.64
434.690976201959, 2507.3205555555555
435.13105096166186, 2439.358333333333
435.57107768429324, 2514.6022222222223
436.011056349331, 2446.64
436.4509869362532, 2483.048333333333
436.8908694245375, 2453.9216666666666
437.330703793662, 2453.9216666666666
437.7704900231044, 2458.7761111111113
438.2102280923426, 2429.6494444444443
438.64991798085464, 2553.4377777777777
439.0895596681183, 2466.0577777777776
439.52915313361143, 2500.038888888889
439.968698356812, 2478.193888888889
440.4081953171978, 2580.137222222222
440.84764399424677, 2497.6116666666667
441.28704436743686, 2502.4661111111113
441.7263964162458, 2509.7477777777776
442.1657001201515, 2512.175
442.604955458632, 2509.7477777777776
443.044162411165, 2497.6116666666667
443.48332095722856, 2432.076666666667
443.92243107630037, 2504.8933333333334
444.36149274785845, 2500.038888888889
444.80050595138067, 2558.2922222222223
445.2394706663448, 2555.865
445.67838687222894, 2543.728888888889
446.11725454851074, 2551.0105555555556
446.5560736746682, 2548.5833333333335
446.99484423017924, 2529.1655555555553
447.4335661945217, 2483.048333333333
447.8722395471734, 2502.4661111111113
448.3108642676124, 2509.7477777777776
448.74944033531636, 2485.4755555555557
449.18796772976333, 2441.7855555555557
449.6264464304311, 2456.3488888888887
450.0648764167976, 2500.038888888889
450.5032576683408, 2519.4566666666665
450.94159016453835, 2492.757222222222
451.37987388486823, 2514.6022222222223
451.8181088088085, 2541.3016666666667
452.25629491583686, 2495.1844444444446
452.6944321854313, 2577.71
453.1325205970696, 2514.6022222222223
453.5705601302296, 2560.7194444444444
454.00855076438944, 2519.4566666666665
454.44649247902674, 2517.0294444444444
454.8843852536195, 2504.8933333333334
455.32222906764554, 2492.757222222222
455.76002390058284, 2446.64
456.19776973190926, 2500.038888888889
456.63546654110263, 2531.592777777778
457.07311430764076, 2507.3205555555555
457.5107130110018, 2485.4755555555557
457.9482626306634, 2536.447222222222
458.38576314610356, 2558.2922222222223
458.82321453680004, 2504.8933333333334
459.2606167822308, 2512.175
459.69796986187373, 2512.175
460.13527375520675, 2526.7383333333332
460.5725284417076, 2490.33
461.0097339008544, 2560.7194444444444
461.44689011212483, 2504.8933333333334
461.8839970549969, 2577.71
462.3210547089484, 2531.592777777778
462.7580630534572, 2597.1277777777777
463.1950220680013, 2529.1655555555553
463.63193173205855, 2507.3205555555555
464.0687920251067, 2485.4755555555557
464.5056029266238, 2451.4944444444445
464.9423644160876, 2475.766666666667
465.3790764729762, 2436.931111111111
465.8157390767672, 2492.757222222222
466.2523522069386, 2478.193888888889
466.6889158429684, 2504.8933333333334
467.12542996433433, 2502.4661111111113
467.5618945505144, 2541.3016666666667
467.9983095809864, 2529.1655555555553
468.4346750352282, 2526.7383333333332
468.8709908927178, 2512.175
469.30725713293293, 2543.728888888889
469.7434737353516, 2514.6022222222223
470.1796406794516, 2524.311111111111
470.6157579447109, 2546.156111111111
471.05182551060733, 2572.8555555555554
471.4878433566188, 2575.282777777778
471.9238114622231, 2555.865
472.35972980689826, 2512.175
472.7955983701221, 2614.1183333333333
473.23141713137244, 2570.4283333333333
473.66718607012734, 2580.137222222222
474.1029051658645, 2546.156111111111
474.53857439806194, 2563.1466666666665
474.97419374619733, 2643.245
475.4097631897488, 2611.6911111111112
475.84528270819413, 2611.6911111111112
476.28075228101125, 2575.282777777778
476.71617188767794, 2623.827222222222
477.15154150767216, 2657.8083333333334
477.5868611204718, 2657.8083333333334
478.0221307055547, 2725.7705555555553
478.4573502423987, 2691.7894444444446
478.89251971048185, 2706.3527777777776
479.3276390892819, 2699.071111111111
479.76270835827677, 2694.2166666666667
480.19772749694437, 2689.362222222222
480.6326964847625, 2779.1694444444443
481.0676153012091, 2873.831111111111
481.50248392576214, 2779.1694444444443
481.9373023378993, 2859.2677777777776
482.3720705170987, 2895.676111111111
482.80678844283807, 2832.568333333333
483.2414560945953, 2856.8405555555555
483.6760734518483, 2953.9294444444445
484.110640494075, 2936.938888888889
484.5451572007532, 2949.075
484.9796235513608, 2990.337777777778
485.41403952537576, 2983.056111111111
485.8484051022759, 3080.145
486.2827202615391, 3077.717777777778
486.7169849826432, 3063.1544444444444
487.1511992450663, 3084.9994444444446
487.585363028286, 3230.632777777778
488.01947631178035, 3220.923888888889
488.4535390750272, 3322.867222222222
488.88755129750444, 3383.547777777778
489.32151295868994, 3354.4211111111113
489.75542403806156, 3373.838888888889
490.1892845150972, 3543.7444444444445
490.6230943692748, 3541.3172222222224
491.05685358007213, 3601.9977777777776
491.4905621269672, 3674.8144444444442
491.9242199894378, 3767.048888888889
492.3578271469619, 3774.3305555555557
492.7913835790173, 3849.5744444444445
493.2248892650819, 3924.818333333333
493.65834418463356, 4048.6066666666666
494.09174831715035, 4085.015
494.52510164210986, 4126.277777777777
494.9584041389902, 4276.765555555556
495.3916557872692, 4356.863888888889
495.8248565664246, 4264.629444444445
496.25800645593455, 4538.905555555555
496.69110543527665, 4560.750555555555
497.124153483929, 4752.501111111111
497.5571505813694, 4883.571111111111
497.99009670707574, 5075.321666666667
498.42299184052587, 5184.546666666667
498.8558359611977, 5262.217777777778
499.28862904856913, 5344.743333333333
499.72137108211814, 5531.639444444444
500.15406204132233, 5864.168888888889
500.5867019056598, 5958.830555555555
501.01929065460854, 6017.083888888889
501.45182826764614, 6247.67
501.8843147242507, 6422.43
502.3167500039, 6614.180555555556
502.749134086072, 6699.133333333333
503.1814669502445, 6956.418888888889
503.6137485758955, 7291.375555555555
504.04597894250264, 7417.591111111111
504.4781580295442, 7619.050555555556
504.9102858164977, 7798.665
505.3423622828412, 8038.96
505.7743874080526, 8342.362777777778
506.20636117160956, 8585.085
506.63828355299034, 8859.361111111111
507.07015453167253, 9133.637222222222
507.50197408713404, 9371.505
507.93374219885294, 9628.790555555555
508.36545884630686, 9798.69611111111
508.7971240089739, 10184.624444444444
509.2287376663318, 10315.694444444445
509.66029979785856, 10536.571666666667
510.0918103830321, 10873.955555555556
510.5232694013299, 11255.029444444444
510.9546768322305, 11492.897222222222
511.3860326552112, 11806.00888888889
511.81733684975023, 11716.201666666666
512.2485893953253, 12191.937222222223
512.6797902714144, 12429.805
513.1109394574953, 12971.075555555555
513.5420369330461, 12827.869444444445
513.9730826775443, 13233.215555555556
514.4040766704684, 13524.482222222223
514.8350188912955, 13478.365
515.2659093195042, 13657.979444444445
515.6967479345718, 14031.771666666667
516.1275347159767, 14007.499444444444
516.5582696431964, 14463.817222222222
516.9889526957089, 14488.089444444444
517.4195838529922, 14427.40888888889
517.8501630945242, 14492.943888888889
518.2806903997824, 14757.511111111111
518.7111657482452, 14815.764444444445
519.1415891193901, 15070.622777777779
519.5719604926952, 14827.900555555556
520.0022798476382, 15043.923333333334
520.4325471636973, 14852.172777777778
520.8627624203501, 14886.153888888888
521.2929255970745, 14997.806111111111
521.7230366733485, 15041.496111111112
522.1530956286498, 14941.98
522.5831024424566, 14810.91
523.0130570942465, 14677.412777777778
523.4429595634975, 14660.422222222222
523.8728098296876, 14478.380555555555
524.3026078722943, 14420.127222222221
524.732353670796, 14461.39
525.1620472046701, 14262.357777777777
525.5916884533947, 13958.955
526.0212773964479, 13653.125
526.4508140133071, 13439.529444444444
526.8802982834507, 13519.627777777778
527.3097301863561, 13148.262777777778
527.7391097015015, 12951.657777777778
528.168436808365, 12769.61611111111
528.5977114864237, 12755.052777777777
529.0269337151562, 12582.72
529.4561034740402, 12395.823888888888
529.8852207425534, 12298.735
530.314285500174, 11905.525
530.7432977263796, 11922.515555555556
531.1722574006484, 11502.60611111111
531.6011645024578, 11543.868888888888
532.030019011286, 11388.526666666667
532.458820906611, 11123.959444444445
532.8875701679102, 10915.218333333334
533.3162667746622, 10636.087777777779
533.7449107063443, 10512.299444444445
534.1735019424347, 10356.957222222221
534.602040462411, 10087.535555555556
535.0305262457513, 10046.272777777778
535.4589592719335, 9801.123333333333
535.8873395204353, 9611.8
536.3156669707347, 9417.622222222222
536.7439416023096, 9254.998333333333
537.1721633946379, 9320.533333333333
537.6003323271975, 9024.412222222221
538.028448379466, 8813.243888888888
538.4565115309218, 8847.225
538.8845217610424, 8512.268333333333
539.3124790493057, 8381.198333333334
539.7403833751898, 8359.353333333333
540.1682347181724, 8150.612222222222
540.5960330577315, 8138.476111111111
541.0237783733447, 8048.668888888889
541.4514706444902, 7701.5761111111115
541.8791098506459, 7798.665
542.3066959712894, 7543.806666666666
542.7342289858989, 7415.163888888889
543.1617088739521, 7254.9672222222225
543.5891356149269, 7318.075
544.0165091883014, 7337.4927777777775
544.4438295735529, 6818.067222222222
544.8710967501598, 6932.1466666666665
545.2983106976, 6730.687222222222
545.7254713953512, 6606.898888888889
546.1525788228913, 6606.898888888889
546.5796329596982, 6458.838333333333
547.0066337852497, 6386.0216666666665
547.4335812790239, 6250.097222222223
547.8604754204986, 6194.271111111111
548.2873161891516, 6155.435555555556
548.7141035644607, 6085.046111111111
549.140837525904, 6106.891111111111
549.5675180529594, 5757.3711111111115
549.9941451251045, 5779.216111111111
550.4207187218174, 5818.051666666666
550.847238822576, 5548.63
551.2737054068582, 5487.949444444444
551.7001184541417, 5381.151666666667
552.1264779439044, 5366.588333333333
552.5527838556245, 5264.645
552.9790361687795, 5218.527777777777
553.4052348628476, 5196.682777777778
553.8313799173064, 5041.3405555555555
554.2574713116339, 5014.641111111111
554.6835090253081, 5094.739444444444
555.1094930378068, 4995.223333333333
555.5354233286079, 4997.650555555556
555.961299877189, 4779.200555555555
556.3871226630284, 4660.266666666666
556.8128916656038, 4650.557777777778
557.2386068643932, 4669.975555555556
557.6642682388743, 4558.323333333334
558.0898757685251, 4652.985
558.5154294328235, 4526.769444444444
558.9409292112473, 4478.225
559.3663750832743, 4385.990555555555
559.7917670283828, 4262.202222222222
560.2171050260499, 4288.901666666667
560.6423890557544, 4342.300555555556
561.0676190969735, 4274.338333333333
561.4927951291855, 4116.568888888889
561.9179171318682, 4216.085
562.3429850844992, 4228.221111111111
562.7679989665568, 4094.7238888888887
563.1929587575185, 4099.578333333333
563.6178644368624, 4089.8694444444445
564.0427159840664, 4085.015
564.4675133786083, 4014.6255555555554
564.892256599966, 4048.6066666666666
565.3169456276173, 4075.306111111111
565.7415804410404, 3968.508333333333
566.1661610197128, 3927.2455555555557
566.5906873431126, 3970.9355555555558
567.0151593907176, 3852.0016666666666
567.4395771420056, 3825.302222222222
567.8639405764549, 3970.9355555555558
568.2882496735427, 3907.8277777777776
568.7125044127475, 3919.963888888889
569.136704773547, 3990.3533333333335
569.560850735419, 3968.508333333333
569.9849422778414, 3852.0016666666666
570.408979380292, 3805.8844444444444
570.8329620222488, 3849.5744444444445
571.2568901831899, 3827.7294444444447
571.6807638425926, 3859.2833333333333
572.1045829799353, 3820.447777777778
572.5283475746957, 3856.856111111111
572.9520576063518, 3946.6633333333334
573.3757130543813, 4109.287222222222
573.7993138982621, 3888.41
574.2228601174724, 3980.6444444444446
574.6463516914896, 3983.0716666666667
575.069788599792, 3970.9355555555558
575.4931708218572, 3997.635
575.916498337163, 4140.841111111111
576.3397711251878, 4186.958333333333
576.7629891654091, 4162.686111111111
577.1861524373047, 4186.958333333333
577.6092609203528, 4223.366666666667
578.0323145940308, 4247.638888888889
578.4553134378172, 4264.629444444445
578.8782574311896, 4291.328888888889
579.3011465536257, 4293.756111111111
579.7239807846037, 4390.845
580.146760103601, 4514.633333333333
580.5694844900961, 4521.915
580.9921539235664, 4444.243888888889
581.4147683834901, 4614.149444444444
581.8373278493451, 4672.402777777777
582.2598323006089, 4750.073888888889
582.6822817167598, 4635.9944444444445
583.1046760772754, 4694.247777777778
583.5270153616337, 4706.383888888889
583.9492995493126, 4740.365
584.3715286197901, 4910.270555555556
584.7937025525439, 4888.425555555556
585.2158213270517, 4869.007777777778
585.6378849227918, 4805.9
586.059893319242, 4847.162777777778
586.4818464958798, 4956.387777777778
586.9037444321838, 4873.862222222222
587.3255871076311, 4990.368888888889
587.7473745017, 4934.542777777778
588.1691065938684, 5002.505
588.590783363614, 4907.843333333333
589.0124047904148, 4924.833888888889
589.4339708537487, 4973.378333333333
589.8554815330937, 4978.232777777778
590.2769368079274, 4764.637222222223
590.6983366577279, 4932.115555555555
591.1196810619729, 4929.6883333333335
591.5409700001403, 4832.599444444444
591.9622034517083, 4839.881111111111
592.3833813961545, 4781.627777777778
592.8045038129568, 4716.092777777778
593.2255706815931, 4742.792222222222
593.6465819815413, 4708.811111111111
594.0675376922794, 4718.52
594.488437793285, 4538.905555555555
594.9092822640364, 4616.576666666667
595.3300710840113, 4645.703333333333
595.7508042326872, 4623.858333333334
596.1714816895425, 4585.022777777778
596.5921034340548, 4582.595555555556
597.0126694457022, 4500.07
597.4331797039623, 4514.633333333333
597.8536341883132, 4570.459444444445
598.2740328782329, 4458.807222222223
598.6943757531989, 4439.389444444444
599.1146627926894, 4495.2155555555555
599.5348939761823, 4434.535
599.9550692831551, 4563.177777777778
600.3751886930862, 4400.553888888889
600.795252185453, 4419.971666666666
601.2152597397338, 4347.155
601.6352113354062, 4398.126666666667
602.0551069519482, 4371.427222222223
602.4749465688378, 4303.465
602.8947301655527, 4347.155
603.3144577215706, 4325.31
603.7341292163699, 4332.591666666666
604.153744629428, 4347.155
604.5733039402232, 4162.686111111111
604.9928071282329, 4169.967777777778
605.4122541729356, 4140.841111111111
605.8316450538086, 4250.066111111111
606.2509797503302, 4276.765555555556
606.670258241978, 4203.948888888889
607.0894805082299, 4063.17
607.5086465285641, 4111.714444444445
607.9277562824581, 4097.151111111111
608.3468097493899, 4063.17
608.7658069088376, 4026.7616666666668
609.1847477402787, 4087.4422222222224
609.6036322231914, 3970.9355555555558
610.0224603370534, 4026.7616666666668
610.4412320613428, 4072.878888888889
610.8599473755373, 4077.733333333333
611.2786062591147, 3885.9827777777778
611.6972086915533, 3871.4194444444443
612.1157546523305, 3917.536666666667
612.5342441209243, 3878.701111111111
612.952677076813, 3798.6027777777776
613.3710534994736, 3808.3116666666665
613.789373368385, 3776.757777777778
614.2076366630243, 3801.03
614.62584336287, 3708.7955555555554
615.0439934473997, 3701.5138888888887
615.4620868960909, 3575.298333333333
615.8801236884221, 3667.532777777778
616.298103803871, 3524.326666666667
616.7160272219153, 3536.462777777778
617.1338939220329, 3565.5894444444443
617.5517038837019, 3585.007222222222
617.9694570864001, 3563.162222222222
618.3871535096054, 3449.0827777777777
618.8047931327956, 3473.355
619.2223759354484, 3478.2094444444447
619.6399018970421, 3463.646111111111
620.0573709970545, 3390.8294444444446
620.4747832149632, 3366.557222222222
620.8921385302463, 3534.0355555555557
621.3094369223816, 3298.595
621.7266783708471, 3373.838888888889
622.1438628551207, 3347.1394444444445
622.5609903546799, 3325.2944444444443
622.9780608490031, 3356.8483333333334
623.395074317568, 3286.458888888889
623.8120307398522, 3339.8577777777778
624.228930095334, 3310.731111111111
624.645772363491, 3208.7877777777776
625.0625575238014, 3276.75
625.4792855557428, 3291.3133333333335
625.8959564387931, 3245.196111111111
626.3125701524302, 3182.088333333333
626.7291266761321, 3174.806666666667
627.1456259893766, 3213.6422222222222
627.5620680716416, 3303.4494444444445
627.978452902405, 3269.4683333333332
628.3947804611447, 3252.4777777777776
628.8110507273384, 3288.886111111111
629.2272636804644, 3259.7594444444444
629.6434193000001, 3250.0505555555555
630.0595175654236, 3199.0788888888887
630.4755584562129, 3162.6705555555554
630.8915419518455, 3126.262222222222
631.3074680317999, 3218.4966666666664
631.7233366755535, 3135.971111111111
632.1391478625843, 3106.8444444444444
632.5549015723702, 3223.351111111111
632.9705977843889, 3133.543888888889
633.3862364781188, 3179.661111111111
633.8018176330373, 3148.1072222222224
634.2173412286224, 3201.5061111111113
634.6328072443522, 3157.8161111111112
635.0482156597042, 3179.661111111111
635.4635664541566, 3126.262222222222
635.8788596071872, 3128.6894444444442
636.2940950982738, 3058.3
636.7092729068943, 3094.7083333333335
637.1243930125266, 3131.116666666667
637.5394553946488, 3186.942777777778
637.9544600327383, 3094.7083333333335
638.3694069062735, 3118.9805555555554
638.784295994732, 2995.1922222222224
639.1991272775919, 3077.717777777778
639.6139007343309, 3002.4738888888887
640.0286163444265, 3053.4455555555555
640.4432740873574, 3031.6005555555557
640.857873942601, 3014.61
641.2724158896351, 3089.853888888889
641.686899907938, 2997.6194444444445
642.101325976987, 3072.8633333333332
642.5156940762606, 3017.037222222222
642.9300041852364, 3029.173333333333
643.344256283392, 2944.2205555555556
643.758450350206, 2995.1922222222224
644.1725863651554, 2995.1922222222224
644.5866643077189, 2936.938888888889
645.0006841573738, 2992.765
645.4146458935983, 2949.075
645.8285494958702, 3101.99
646.2423949436671, 3024.318888888889
646.6561822164675, 2980.628888888889
647.0699112937488, 2963.6383333333333
647.483582154989, 2898.1033333333335
647.897194779666, 3053.4455555555555
648.3107491472578, 2927.23
648.724245237242, 2876.258333333333
649.1376830290968, 2963.6383333333333
649.5510625022998, 2961.211111111111
649.964383636329, 2888.3944444444446
650.3776464106625, 2907.8122222222223
650.790850804778, 2987.9105555555557
651.2039967981532, 2992.765
651.6170843702662, 2861.695
652.0301135005949, 2898.1033333333335
652.443084168617, 2898.1033333333335
652.8559963538107, 2854.4133333333334
653.2688500356536, 2968.492777777778
653.6816451936236, 2859.2677777777776
654.0943818071987, 2820.432222222222
654.5070598558568, 2767.0333333333333
654.9196793190757, 2818.005
655.3322401763332, 2888.3944444444446
655.7447424071077, 2820.432222222222
656.1571859908762, 2898.1033333333335
656.5695709071173, 2798.5872222222224
656.9818971353087, 2861.695
657.394164654928, 2859.2677777777776
657.8063734454535, 2868.9766666666665
658.2185234863628, 2801.0144444444445
658.6306147571338, 2745.1883333333335
659.0426472372449, 2791.3055555555557
659.454620906173, 2742.761111111111
659.8665357433969, 2820.432222222222
660.2783917283939, 2752.47
660.6901888406422, 2776.742222222222
661.1019270596197, 2776.742222222222
661.5136063648039, 2771.887777777778
661.9252267356732, 2742.761111111111
662.336788151705, 2767.0333333333333
662.7482905923775, 2759.7516666666666
663.1597340371688, 2745.1883333333335
663.5711184655561, 2781.596666666667
663.9824438570179, 2713.6344444444444
664.3937101910318, 2720.916111111111
664.8049174470756, 2813.1505555555555
665.2160656046276, 2781.596666666667
665.627154643165, 2694.2166666666667
666.0381845421665, 2708.78
666.4491552811094, 2701.4983333333334
666.8600668394716, 2655.3811111111113
667.2709191967314, 2737.9066666666668
667.6817123323663, 2679.653333333333
668.0924462258544, 2662.6627777777776
668.5031208566734, 2701.4983333333334
668.9137362043014, 2699.071111111111
669.324292248216, 2672.3716666666664
669.7347889678953, 2754.8972222222224
670.1452263428172, 2667.5172222222222
670.5556043524593, 2711.2072222222223
670.9659229763, 2618.972777777778
671.3761821938167, 2604.4094444444445
671.7863819844875, 2694.2166666666667
672.1965223277904, 2747.6155555555556
672.6066032032028, 2657.8083333333334
673.0166245902033, 2694.2166666666667
673.4265864682691, 2716.0616666666665
673.8364888168785, 2631.108888888889
674.2463316155092, 2682.0805555555557
674.6561148436392, 2645.6722222222224
675.0658384807463, 2733.052222222222
675.4755025063084, 2665.09
675.8851068998035, 2604.4094444444445
676.2946516407094, 2691.7894444444446
676.7041367085039, 2718.488888888889
677.1135620826649, 2733.052222222222
677.5229277426704, 2708.78
677.9322336679982, 2555.865
678.3414798381262, 2633.536111111111
678.7506662325325, 2599.555
679.1597928306944, 2645.6722222222224
679.5688596120904, 2711.2072222222223
679.977866556198, 2662.6627777777776
680.3868136424953, 2667.5172222222222
680.7957008504601, 2606.8366666666666
681.2045281595704, 2655.3811111111113
681.6132955493039, 2609.2638888888887
682.0220029991384, 2575.282777777778
682.430650488552, 2645.6722222222224
682.8392379970227, 2645.6722222222224
683.2477655040282, 2568.001111111111
683.6562329890462, 2601.9822222222224
684.064640431555, 2609.2638888888887
684.472987811032, 2577.71
684.8812751069555, 2616.5455555555554
685.2895022988033, 2626.2544444444443
685.6976693660531, 2570.4283333333333
686.1057762881829, 2616.5455555555554
686.5138230446706, 2640.817777777778
686.9218096149941, 2582.5644444444442
687.3297359786312, 2548.5833333333335
687.7376021150599, 2635.963333333333
688.145408003758, 2558.2922222222223
688.5531536242033, 2565.573888888889
688.9608389558739, 2618.972777777778
689.3684639782474, 2611.6911111111112
689.7760286708021, 2597.1277777777777
690.1835330130154, 2577.71
690.5909769843656, 2584.991666666667
690.9983605643303, 2538.8744444444446
691.4056837323875, 2536.447222222222
691.8129464680152, 2572.8555555555554
692.220148750691, 2519.4566666666665
692.6272905598929, 2560.7194444444444
693.0343718750988, 2572.8555555555554
693.4413926757868, 2614.1183333333333
693.8483529414345, 2541.3016666666667
694.25525265152, 2543.728888888889
694.6620917855208, 2553.4377777777777
695.0688703229151, 2565.573888888889
695.4755882431808, 2570.4283333333333
695.8822455257957, 2606.8366666666666
696.2888421502378, 2517.0294444444444
696.6953780959847, 2521.883888888889
697.1018533425145, 2502.4661111111113
697.5082678693051, 2577.71
697.9146216558341, 2563.1466666666665
698.3209146815799, 2570.4283333333333
698.72714692602, 2480.621111111111
699.1333183686324, 2446.64
699.5394289888949, 2543.728888888889
699.9454787662854, 2633.536111111111
700.3514676802821, 2568.001111111111
700.7573957103624, 2485.4755555555557
701.1632628360044, 2517.0294444444444
701.569069036686, 2541.3016666666667
701.9748142918851, 2565.573888888889
702.3804985810796, 2558.2922222222223
702.7861218837471, 2507.3205555555555
703.1916841793659, 2497.6116666666667
703.5971854474136, 2524.311111111111
704.0026256673683, 2531.592777777778
704.4080048187078, 2412.6588888888887
704.8133228809098, 2521.883888888889
705.2185798334524, 2555.865
705.6237756558133, 2487.902777777778
706.0289103274706, 2553.4377777777777
706.4339838279021, 2568.001111111111
706.8389961365859, 2490.33
707.2439472329994, 2497.6116666666667
707.6488370966208, 2458.7761111111113
708.0536657069279, 2439.358333333333
708.4584330433985, 2500.038888888889
708.8631390855107, 2500.038888888889
709.2677838127423, 2521.883888888889
709.6723672045712, 2517.0294444444444
710.0768892404751, 2487.902777777778
710.4813498999321, 2514.6022222222223
710.88574916242, 2543.728888888889
711.2900870074167, 2548.5833333333335
711.6943634144001, 2531.592777777778
712.0985783628479, 2478.193888888889
712.5027318322383, 2463.6305555555555
712.906823802049, 2483.048333333333
713.310854251758, 2451.4944444444445
713.7148231608429, 2509.7477777777776
714.1187305087819, 2521.883888888889
714.5225762750528, 2538.8744444444446
714.9263604391333, 2529.1655555555553
715.3300829805016, 2597.1277777777777
715.7337438786353, 2490.33
716.1373431130124, 2436.931111111111
716.5408806631108, 2500.038888888889
716.9443565084084, 2490.33
717.3477706283832, 2558.2922222222223
717.7511230025127, 2470.912222222222
718.1544136102751, 2512.175
718.5576424311482, 2461.2033333333334
718.9608094446097, 2509.7477777777776
719.363914630138, 2548.5833333333335
719.7669579672105, 2504.8933333333334
720.1699394353052, 2480.621111111111
720.5728590138999, 2509.7477777777776
720.9757166824728, 2504.8933333333334
721.3785124205016, 2475.766666666667
721.7812462074642, 2507.3205555555555
722.1839180228383, 2480.621111111111
722.586527846102, 2436.931111111111
722.989075656733, 2517.0294444444444
723.3915614342095, 2478.193888888889
723.7939851580091, 2497.6116666666667
724.1963468076099, 2495.1844444444446
724.5986463624895, 2478.193888888889
725.0008838021259, 2502.4661111111113
725.4030591059972, 2497.6116666666667
725.8051722535811, 2517.0294444444444
726.2072232243553, 2453.9216666666666
726.6092119977981, 2507.3205555555555
727.011138553387, 2495.1844444444446
727.4130028706, 2546.156111111111
727.8148049289152, 2517.0294444444444
728.2165447078104, 2456.3488888888887
728.6182221867631, 2492.757222222222
729.0198373452516, 2429.6494444444443
729.4213901627536, 2526.7383333333332
729.8228806187471, 2478.193888888889
730.2243086927101, 2463.6305555555555
730.6256743641202, 2451.4944444444445
731.0269776124553, 2483.048333333333
731.4282184171935, 2517.0294444444444
731.8293967578126, 2507.3205555555555
732.2305126137903, 2480.621111111111
732.6315659646046, 2446.64
733.0325567897337, 2475.766666666667
733.4334850686549, 2439.358333333333
733.8343507808465, 2405.3772222222224
734.2351539057863, 2427.222222222222
734.6358944229522, 2478.193888888889
735.0365723118219, 2468.485
735.4371875518735, 2497.6116666666667
735.8377401225848, 2446.64
736.2382300034338, 2502.4661111111113
736.6386571738981, 2487.902777777778
737.0390216134557, 2478.193888888889
737.4393233015847, 2492.757222222222
737.8395622177627, 2497.6116666666667
738.2397383414677, 2495.1844444444446
738.6398516521779, 2483.048333333333
739.0399021293706, 2521.883888888889
739.439889752524, 2480.621111111111
739.8398145011159, 2483.048333333333
740.2396763546243, 2483.048333333333
740.639475292527, 2519.4566666666665
741.0392112943019, 2524.311111111111
741.4388843394269, 2514.6022222222223
741.8384944073797, 2495.1844444444446
742.2380414776385, 2470.912222222222
742.637525529681, 2470.912222222222
743.0369465429851, 2468.485
743.4363044970287, 2439.358333333333
743.8355993712896, 2483.048333333333
744.2348311452458, 2446.64
744.6339997983753, 2456.3488888888887
745.0331053101557, 2453.9216666666666
745.432147660065, 2449.0672222222224
745.8311268275811, 2495.1844444444446
746.230042792182, 2429.6494444444443
746.6288955333454, 2458.7761111111113
747.0276850305493, 2466.0577777777776
747.4264112632713, 2371.396111111111
747.8250742109897, 2473.3394444444443
748.2236738531822, 2415.086111111111
748.6222101693266, 2517.0294444444444
749.0206831389012, 2468.485
749.4190927413832, 2410.2316666666666
749.817438956251, 2432.076666666667
750.2157217629822, 2461.2033333333334
750.6139411410547, 2483.048333333333
751.0120970699468, 2463.6305555555555
751.4101895291359, 2492.757222222222
751.8082184981, 2514.6022222222223
752.2061839563171, 2432.076666666667
752.604085883265, 2485.4755555555557
753.0019242584217, 2485.4755555555557
753.399699061265, 2446.64
753.7974102712727, 2439.358333333333
754.1950578679227, 2534.02
754.5926418306931, 2478.193888888889
754.9901621390615, 2502.4661111111113
755.387618772506, 2449.0672222222224
755.7850117105044, 2449.0672222222224
756.1823409325345, 2468.485
756.5796064180743, 2424.795
756.9768081466016, 2441.7855555555557
757.3739460975944, 2429.6494444444443
757.7710202505305, 2473.3394444444443
758.1680305848877, 2444.212777777778
758.564977080144, 2422.367777777778
758.9618597157773, 2490.33
759.3586784712656, 2521.883888888889
759.7554333260865, 2436.931111111111
760.1521242597179, 2456.3488888888887
760.5487512516379, 2519.4566666666665
760.9453142813243, 2504.8933333333334
761.341813328255, 2402.95
761.738248371908, 2400.5227777777777
762.1346193917608, 2405.3772222222224
762.5309263672914, 2466.0577777777776
762.927169277978, 2458.7761111111113
763.3233481032983, 2466.0577777777776
763.7194628227302, 2444.212777777778
764.1155134157514, 2368.968888888889
764.5114998618401, 2449.0672222222224
764.9074221404738, 2415.086111111111
765.3032802311308, 2463.6305555555555
765.6990741132888, 2441.7855555555557
766.0948037664257, 2468.485
766.4904691700191, 2526.7383333333332
766.8860703035473, 2417.5133333333333
767.2816071464881, 2461.2033333333334
767.6770796783193, 2456.3488888888887
768.0724878785187, 2400.5227777777777
768.4678317265643, 2424.795
768.8631112019339, 2473.3394444444443
769.2583262841056, 2368.968888888889
769.653476952557, 2449.0672222222224
770.0485631867662, 2395.6683333333335
770.4435849662109, 2470.912222222222
770.8385422703691, 2538.8744444444446
771.2334350787187, 2492.757222222222
771.6282633707374, 2478.193888888889
772.0230271259036, 2441.7855555555557
772.4177263236944, 2490.33
772.8123609435884, 2456.3488888888887
773.2069309650631, 2514.6022222222223
773.6014363675963, 2536.447222222222
773.9958771306663, 2432.076666666667
774.3902532337505, 2383.532222222222
774.7845646563271, 2395.6683333333335
775.1788113778739, 2473.3394444444443
775.5729933778688, 2463.6305555555555
775.9671106357898, 2402.95
776.3611631311144, 2398.0955555555556
776.755150843321, 2495.1844444444446
777.1490737518869, 2466.0577777777776
777.5429318362906, 2490.33
777.9367250760095, 2446.64
778.3304534505218, 2434.503888888889
778.7241169393052, 2371.396111111111
779.1177155218376, 2502.4661111111113
779.5112491775968, 2519.4566666666665
779.904717886061, 2439.358333333333
780.2981216267079, 2500.038888888889
780.6914603790154, 2458.7761111111113
781.0847341224612, 2485.4755555555557
781.4779428365234, 2427.222222222222
781.8710865006798, 2395.6683333333335
782.2641650944086, 2422.367777777778
782.657178597187, 2453.9216666666666
783.0501269884934, 2521.883888888889
783.4430102478057, 2424.795
783.8358283546014, 2446.64
784.2285812883588, 2495.1844444444446
784.6212690285556, 2417.5133333333333
785.0138915546697, 2480.621111111111
785.4064488461789, 2490.33
785.7989408825612, 2434.503888888889
786.1913676432944, 2434.503888888889
786.5837291078566, 2449.0672222222224
786.9760252557254, 2490.33
787.3682560663788, 2393.241111111111
787.7604215192946, 2490.33
788.1525215939508, 2417.5133333333333
788.5445562698254, 2497.6116666666667
788.9365255263959, 2495.1844444444446
789.3284293431406, 2490.33
789.7202676995372, 2446.64
790.1120405750635, 2415.086111111111
790.5037479491975, 2463.6305555555555
790.8953898014171, 2444.212777777778
791.2869661112001, 2480.621111111111
791.6784768580243, 2400.5227777777777
792.0699220213678, 2378.677777777778
792.4613015807084, 2500.038888888889
792.852615515524, 2451.4944444444445
793.2438638052924, 2490.33
793.6350464294916, 2521.883888888889
794.0261633675993, 2405.3772222222224
794.4172145990937, 2422.367777777778
794.8082001034524, 2485.4755555555557
795.1991198601534, 2480.621111111111
795.5899738486744, 2436.931111111111
795.9807620484936, 2485.4755555555557
796.3714844390886, 2519.4566666666665
796.7621409999376, 2453.9216666666666
797.1527317105182, 2461.2033333333334
797.5432565503083, 2444.212777777778
797.933715498786, 2415.086111111111
798.3241085354289, 2446.64
798.7144356397151, 2402.95
799.1046967911225, 2407.8044444444445
799.4948919691287, 2373.8233333333333
799.8850211532119, 2485.4755555555557
800.2750843228498, 2483.048333333333
800.6650814575204, 2490.33
801.0550125367017, 2458.7761111111113
801.4448775398711, 2461.2033333333334
801.8346764465069, 2463.6305555555555
802.224409236087, 2417.5133333333333
802.614075888089, 2524.311111111111
803.0036763819912, 2468.485
803.393210697271, 2412.6588888888887
803.7826788134066, 2456.3488888888887
804.1720807098758, 2551.0105555555556
804.5614163661564, 2429.6494444444443
804.9506857617265, 2507.3205555555555
805.3398888760638, 2470.912222222222
805.7290256886463, 2492.757222222222
806.1180961789518, 2427.222222222222
806.507100326458, 2468.485
806.8960381106433, 2473.3394444444443
807.2849095109851, 2407.8044444444445
807.6737145069615, 2500.038888888889
808.0624530780502, 2473.3394444444443
808.4511252037294, 2405.3772222222224
808.8397308634767, 2422.367777777778
809.2282700367703, 2439.358333333333
809.6167427030877, 2427.222222222222
810.0051488419068, 2446.64
810.3934884327059, 2543.728888888889
810.7817614549624, 2456.3488888888887
811.1699678881547, 2453.9216666666666
811.5581077117603, 2512.175
811.946180905257, 2444.212777777778
812.3341874481231, 2400.5227777777777
812.722127319836, 2483.048333333333
813.1100004998741, 2490.33
813.4978069677148, 2378.677777777778
813.8855467028363, 2475.766666666667
814.2732196847163, 2463.6305555555555
814.6608258928328, 2446.64
815.0483653066638, 2461.2033333333334
815.4358379056869, 2468.485
815.82324366938, 2371.396111111111
816.2105825772212, 2470.912222222222
816.5978546086883, 2410.2316666666666
816.9850597432592, 2451.4944444444445
817.3721979604117, 2449.0672222222224
817.7592692396238, 2444.212777777778
818.1462735603732, 2480.621111111111
818.5332109021379, 2463.6305555555555
818.9200812443959, 2446.64
819.306884566625, 2478.193888888889
819.6936208483029, 2412.6588888888887
820.0802900689077, 2383.532222222222
820.4668922079172, 2470.912222222222
820.8534272448094, 2512.175
821.239895159062, 2410.2316666666666
821.626295930153, 2436.931111111111
822.0126295375603, 2436.931111111111
822.3988959607616, 2412.6588888888887
822.785095179235, 2475.766666666667
823.1712271724583, 2468.485
823.5572919199096, 2492.757222222222
823.9432894010663, 2463.6305555555555
824.3292195954066, 2417.5133333333333
824.7150824824083, 2478.193888888889
825.1008780415495, 2507.3205555555555
825.486606252308, 2490.33
825.8722670941613, 2461.2033333333334
826.2578605465877, 2502.4661111111113
826.643386589065, 2487.902777777778
827.028845201071, 2405.3772222222224
827.4142363620837, 2509.7477777777776
827.7995600515808, 2451.4944444444445
828.1848162490403, 2466.0577777777776
828.5700049339401, 2415.086111111111
828.9551260857583, 2441.7855555555557
829.3401796839723, 2504.8933333333334
829.7251657080603, 2480.621111111111
830.1100841375, 2434.503888888889
830.4949349517696, 2519.4566666666665
830.8797181303465, 2461.2033333333334
831.264433652709, 2497.6116666666667
831.649081498335, 2446.64
832.0336616467022, 2446.64
832.4181740772884, 2432.076666666667
832.8026187695717, 2436.931111111111
833.1869957030299, 2463.6305555555555
833.5713048571408, 2512.175
833.9555462113824, 2483.048333333333
834.3397197452325, 2432.076666666667
834.723825438169, 2424.795
835.1078632696698, 2441.7855555555557
835.4918332192129, 2466.0577777777776
835.875735266276, 2436.931111111111
836.259569390337, 2393.241111111111
836.6433355708738, 2432.076666666667
837.0270337873644, 2456.3488888888887
837.4106640192867, 2468.485
837.7942262461185, 2497.6116666666667
838.1777204473375, 2368.968888888889
838.5611466024219, 2475.766666666667
838.9445046908494, 2483.048333333333
839.3277946920979, 2478.193888888889
839.7110165856454, 2424.795
840.0941703509696, 2415.086111111111
840.4772559675484, 2492.757222222222
840.8602734148599, 2432.076666666667
841.2432226723819, 2419.9405555555554
841.6261037195922, 2490.33
842.0089165359686, 2466.0577777777776
842.3916611009893, 2490.33
842.7743373941316, 2495.1844444444446
843.156945394874, 2468.485
843.5394850826943, 2427.222222222222
843.9219564370701, 2463.6305555555555
844.3043594374793, 2480.621111111111
844.6866940634001, 2449.0672222222224
845.06896029431, 2463.6305555555555
845.4511581096873, 2429.6494444444443
845.8332874890094, 2461.2033333333334
846.2153484117546, 2529.1655555555553
846.5973408574006, 2536.447222222222
846.9792648054253, 2436.931111111111
847.3611202353064, 2376.2505555555554
847.7429071265223, 2466.0577777777776
848.1246254585504, 2383.532222222222
848.5062752108686, 2497.6116666666667
848.8878563629551, 2424.795
849.2693688942875, 2485.4755555555557
849.6508127843439, 2521.883888888889
850.0321880126021, 2466.0577777777776
850.4134945585397, 2453.9216666666666
850.7947324016351, 2529.1655555555553
851.1759015213659, 2415.086111111111
851.55700189721, 2475.766666666667
851.9380335086452, 2453.9216666666666
852.3189963351494, 2470.912222222222
852.6998903562007, 2441.7855555555557
853.0807155512767, 2485.4755555555557
853.4614718998556, 2429.6494444444443
853.8421593814152, 2461.2033333333334
854.2227779754331, 2490.33
854.6033276613874, 2514.6022222222223
854.983808418756, 2429.6494444444443
855.3642202270167, 2473.3394444444443
855.7445630656476, 2466.0577777777776
856.1248369141263, 2456.3488888888887
856.5050417519308, 2434.503888888889
856.8851775585389, 2405.3772222222224
857.2652443134286, 2402.95
857.6452419960779, 2444.212777777778
858.0251705859644, 2424.795
858.4050300625662, 2422.367777777778
858.784820405361, 2422.367777777778
859.1645415938268, 2456.3488888888887
859.5441936074416, 2509.7477777777776
859.923776425683, 2422.367777777778
860.3032900280291, 2417.5133333333333
860.6827343939576, 2485.4755555555557
861.0621095029466, 2434.503888888889
861.441415334474, 2490.33
861.8206518680174, 2480.621111111111
862.1998190830549, 2429.6494444444443
862.5789169590645, 2444.212777777778
862.9579454755236, 2475.766666666667
863.3369046119107, 2461.2033333333334
863.7157943477033, 2446.64
864.0946146623794, 2478.193888888889
864.4733655354167, 2427.222222222222
864.8520469462933, 2507.3205555555555
865.2306588744871, 2412.6588888888887
865.609201299476, 2415.086111111111
865.9876742007377, 2439.358333333333
866.3660775577501, 2419.9405555555554
866.7444113499912, 2439.358333333333
867.1226755569388, 2417.5133333333333
867.500870158071, 2441.7855555555557
867.8789951328655, 2449.0672222222224
868.2570504608001, 2439.358333333333
868.6350361213526, 2449.0672222222224
869.0129520940013, 2434.503888888889
869.3907983582237, 2485.4755555555557
869.7685748934982, 2424.795
870.146281679302, 2424.795
870.5239186951134, 2483.048333333333
870.90148592041, 2446.64
871.27898333467, 2473.3394444444443
871.6564109173712, 2412.6588888888887
872.0337686479913, 2470.912222222222
872.4110565060084, 2456.3488888888887
872.7882744709003, 2385.9594444444447
873.1654225221448, 2427.222222222222
873.5425006392201, 2480.621111111111
873.9195088016037, 2461.2033333333334
874.2964469887736, 2419.9405555555554
874.6733151802077, 2451.4944444444445
875.050113355384, 2463.6305555555555
875.4268414937803, 2534.02
875.8034995748744, 2470.912222222222
876.1800875781444, 2429.6494444444443
876.5566054830679, 2495.1844444444446
876.9330532691229, 2461.2033333333334
877.3094309157873, 2483.048333333333
877.6857384025392, 2504.8933333333334
878.061975708856, 2434.503888888889
878.438142814216, 2487.902777777778
878.8142396980969, 2529.1655555555553
879.1902663399766, 2422.367777777778
879.5662227193332, 2497.6116666666667
879.9421088156442, 2495.1844444444446
880.3179246083878, 2434.503888888889
880.6936700770416, 2490.33
881.0693452010837, 2485.4755555555557
881.4449499599921, 2463.6305555555555
881.8204843332443, 2453.9216666666666
882.1959483003185, 2456.3488888888887
882.5713418406924, 2456.3488888888887
882.9466649338441, 2517.0294444444444
883.3219175592512, 2514.6022222222223
883.6970996963919, 2466.0577777777776
884.0722113247438, 2458.7761111111113
884.4472524237849, 2473.3394444444443
884.822222972993, 2419.9405555555554
885.1971229518462, 2419.9405555555554
885.5719523398224, 2492.757222222222
885.9467111163991, 2458.7761111111113
886.3213992610544, 2456.3488888888887
886.6960167532662, 2444.212777777778
887.0705635725126, 2444.212777777778
887.4450396982711, 2485.4755555555557
887.8194451100198, 2458.7761111111113
888.1937797872365, 2492.757222222222
888.568043709399, 2436.931111111111
888.9422368559856, 2402.95
889.3163592064737, 2449.0672222222224
889.6904107403415, 2429.6494444444443
890.0643914370667, 2485.4755555555557
890.438301276127, 2419.9405555555554
890.8121402370008, 2461.2033333333334
891.1859082991656, 2453.9216666666666
891.5596054420996, 2429.6494444444443
891.9332316452803, 2449.0672222222224
892.3067868881857, 2478.193888888889
892.6802711502938, 2393.241111111111
893.0536844110824, 2475.766666666667
893.4270266500296, 2439.358333333333
893.8002978466128, 2381.105
894.1734979803103, 2497.6116666666667
894.5466270305999, 2436.931111111111
894.9196849769595, 2439.358333333333
895.2926717988669, 2512.175
895.6655874758, 2478.193888888889
896.0384319872365, 2463.6305555555555
896.4112053126547, 2439.358333333333
896.7839074315323, 2429.6494444444443
897.156538323347, 2393.241111111111
897.529097967577, 2424.795
897.9015863436998, 2485.4755555555557
898.2740034311936, 2531.592777777778
898.6463492095362, 2400.5227777777777
899.0186236582055, 2412.6588888888887
899.3908267566794, 2432.076666666667
899.7629584844356, 2478.193888888889
900.1350188209522, 2500.038888888889
900.5070077457069, 2434.503888888889
900.8789252381778, 2422.367777777778
901.2507712778427, 2466.0577777777776
901.6225458441793, 2439.358333333333
901.9942489166658, 2470.912222222222
902.3658804747797, 2446.64
902.7374404979993, 2436.931111111111
903.1089289658024, 2439.358333333333
903.4803458576665, 2483.048333333333
903.8516911530699, 2407.8044444444445
904.2229648314902, 2415.086111111111
904.5941668724056, 2356.8327777777777
904.9652972552939, 2468.485
905.3363559596327, 2475.766666666667
905.7073429649, 2473.3394444444443
906.0782582505739, 2485.4755555555557
906.4491017961321, 2514.6022222222223
906.8198735810525, 2453.9216666666666
907.1905735848133, 2444.212777777778
907.5612017868917, 2427.222222222222
907.9317581667661, 2410.2316666666666
908.3022427039143, 2439.358333333333
908.6726553778141, 2378.677777777778
909.0429961679436, 2451.4944444444445
909.4132650537804, 2463.6305555555555
909.7834620148025, 2395.6683333333335
910.1535870304876, 2342.2694444444446
910.523640080314, 2400.5227777777777
910.8936211437593, 2427.222222222222
911.2635302003015, 2441.7855555555557
911.6333672294182, 2441.7855555555557
912.0031322105876, 2400.5227777777777
912.3728251232876, 2395.6683333333335
912.742445946996, 2429.6494444444443
913.1119946611905, 2388.3866666666668
913.4814712453491, 2422.367777777778
913.8508756789498, 2517.0294444444444
914.2202079414703, 2466.0577777777776
914.5894680123887, 2458.7761111111113
914.9586558711829, 2429.6494444444443
915.3277714973304, 2451.4944444444445
915.6968148703095, 2439.358333333333
916.0657859695979, 2415.086111111111
916.4346847746734, 2492.757222222222
916.8035112650142, 2449.0672222222224
917.1722654200979, 2412.6588888888887
917.5409472194023, 2415.086111111111
917.9095566424055, 2422.367777777778
918.2780936685854, 2470.912222222222
918.6465582774198, 2463.6305555555555
919.0149504483866, 2461.2033333333334
919.3832701609637, 2451.4944444444445
919.7515173946289, 2441.7855555555557
920.1196921288599, 2427.222222222222
920.4877943431352, 2427.222222222222
920.8558240169323, 2422.367777777778
921.223781129729, 2427.222222222222
921.5916656610033, 2485.4755555555557
921.9594775902328, 2517.0294444444444
922.327216896896, 2458.7761111111113
922.6948835604703, 2422.367777777778
923.0624775604338, 2507.3205555555555
923.4299988762641, 2444.212777777778
923.7974474874394, 2429.6494444444443
924.1648233734376, 2453.9216666666666
924.5321265137363, 2475.766666666667
924.8993568878135, 2439.358333333333
925.2665144751472, 2407.8044444444445
925.6335992552152, 2439.358333333333
926.0006112074952, 2461.2033333333334
926.3675503114656, 2429.6494444444443
926.7344165466038, 2410.2316666666666
927.1012098923877, 2371.396111111111
927.4679303282956, 2429.6494444444443
927.8345778338048, 2446.64
928.2011523883937, 2366.5416666666665
928.5676539715399, 2444.212777777778
928.9340825627213, 2458.7761111111113
929.300438141416, 2439.358333333333
929.6667206871015, 2458.7761111111113
930.032930179256, 2470.912222222222
930.3990665973574, 2466.0577777777776
930.7651299208834, 2473.3394444444443
931.131120129312, 2400.5227777777777
931.497037202121, 2473.3394444444443
931.8628811187882, 2480.621111111111
932.2286518587919, 2405.3772222222224
932.5943494016095, 2509.7477777777776
932.959973726719, 2410.2316666666666
933.3255248135985, 2412.6588888888887
933.6910026417256, 2349.551111111111
934.0564071905786, 2432.076666666667
934.421738439635, 2427.222222222222
934.7869963683726, 2439.358333333333
935.1521809562696, 2461.2033333333334
935.5172921828038, 2419.9405555555554
935.882330027453, 2446.64
936.2472944696952, 2453.9216666666666
936.6121854890082, 2453.9216666666666
936.9770030648699, 2475.766666666667
937.3417471767581, 2385.9594444444447
937.7064178041509, 2376.2505555555554
938.071014926526, 2412.6588888888887
938.4355385233613, 2407.8044444444445
938.7999885741348, 2483.048333333333
939.1643650583242, 2519.4566666666665
939.5286679554074, 2441.7855555555557
939.8928972448628, 2446.64
940.2570529061674, 2444.212777777778
940.6211349187996, 2407.8044444444445
940.9851432622372, 2500.038888888889
941.3490779159583, 2456.3488888888887
941.7129388594406, 2453.9216666666666
942.0767260721618, 2480.621111111111
942.4404395336, 2473.3394444444443
942.8040792232331, 2466.0577777777776
943.1676451205389, 2390.813888888889
943.5311372049953, 2475.766666666667
943.8945554560802, 2446.64
944.2578998532713, 2446.64
944.621170376047, 2453.9216666666666
944.9843670038847, 2449.0672222222224
945.3474897162623, 2497.6116666666667
945.710538492658, 2313.1427777777776
946.0735133125493, 2453.9216666666666
946.4364141554144, 2461.2033333333334
946.7992410007312, 2419.9405555555554
947.1619938279771, 2468.485
947.5246726166306, 2434.503888888889
947.8872773461691, 2451.4944444444445
948.2498079960709, 2456.3488888888887
948.6122645458137, 2424.795
948.9746469748751, 2415.086111111111
949.3369552627336, 2402.95
949.6991893888663, 2451.4944444444445
950.0613493327519, 2439.358333333333
950.4234350738678, 2402.95
950.7854465916919, 2412.6588888888887
951.1473838657021, 2470.912222222222
951.5092468753764, 2519.4566666666665
951.871035600193, 2468.485
952.2327500196291, 2446.64
952.5943901131628, 2422.367777777778
952.9559558602721, 2456.3488888888887
953.3174472404351, 2436.931111111111
953.6788642331294, 2463.6305555555555
954.040206817833, 2434.503888888889
954.4014749740235, 2470.912222222222
954.7626686811789, 2487.902777777778
955.1237879187775, 2463.6305555555555
955.4848326662968, 2436.931111111111
955.8458029032148, 2461.2033333333334
956.2066986090091, 2466.0577777777776
956.5675197631579, 2429.6494444444443
956.9282663451391, 2446.64
957.2889383344307, 2453.9216666666666
957.6495357105102, 2436.931111111111
958.0100584528556, 2483.048333333333
958.3705065409446, 2439.358333333333
958.7308799542557, 2449.0672222222224
959.0911786722664, 2402.95
959.4514026744546, 2419.9405555555554
959.8115519402979, 2451.4944444444445
960.1716264492745, 2444.212777777778
960.5316261808625, 2478.193888888889
960.8915511145395, 2504.8933333333334
961.2514012297835, 2468.485
961.6111765060718, 2436.931111111111
961.9708769228831, 2422.367777777778
962.330502459695, 2463.6305555555555
962.6900530959854, 2395.6683333333335
963.0495288112322, 2429.6494444444443
963.4089295849129, 2434.503888888889
963.7682553965058, 2432.076666666667
964.1275062254888, 2451.4944444444445
964.4866820513397, 2446.64
964.8457828535363, 2531.592777777778
965.2048086115565, 2432.076666666667
965.5637593048781, 2466.0577777777776
965.9226349129792, 2451.4944444444445
966.2814354153378, 2463.6305555555555
966.6401607914315, 2446.64
966.998811020738, 2436.931111111111
967.3573860827355, 2390.813888888889
967.715885956902, 2432.076666666667
968.0743106227152, 2456.3488888888887
968.4326600596529, 2400.5227777777777
968.7909342471929, 2473.3394444444443
969.1491331648133, 2405.3772222222224
969.5072567919922, 2427.222222222222
969.8653051082072, 2356.8327777777777
970.2232780929362, 2502.4661111111113
970.5811757256569, 2451.4944444444445
970.9389979858473, 2500.038888888889
971.2967448529856, 2371.396111111111
971.6544163065495, 2427.222222222222
972.0120123260166, 2451.4944444444445
972.3695328908652, 2461.2033333333334
972.7269779805728, 2485.4755555555557
973.0843475746177, 2468.485
973.4416416524775, 2439.358333333333
973.7988601936299, 2446.64
974.1560031775534, 2456.3488888888887
974.5130705837252, 2439.358333333333
974.8700623916237, 2492.757222222222
975.2269785807267, 2385.9594444444447
975.5838191305116, 2502.4661111111113
975.940584020457, 2449.0672222222224
976.2972732300401, 2478.193888888889
976.6538867387394, 2436.931111111111
977.0104245260326, 2480.621111111111
977.366886571397, 2504.8933333333334
977.7232728543113, 2478.193888888889
978.079583354253, 2419.9405555555554
978.4358180507, 2502.4661111111113
978.7919769231304, 2495.1844444444446
979.1480599510217, 2405.3772222222224
979.5040671138518, 2405.3772222222224
979.8599983910992, 2507.3205555555555
980.2158537622412, 2461.2033333333334
980.5716332067559, 2507.3205555555555
980.9273367041209, 2529.1655555555553
981.2829642338144, 2432.076666666667
981.6385157753143, 2487.902777777778
981.9939913080984, 2504.8933333333334
982.3493908116445, 2507.3205555555555
982.7047142654303, 2422.367777777778
983.0599616489342, 2451.4944444444445
983.4151329416338, 2512.175
983.770228123007, 2492.757222222222
984.1252471725317, 2434.503888888889
984.4801900696855, 2383.532222222222
984.8350567939466, 2402.95
985.189847324793, 2417.5133333333333
985.5445616417024, 2436.931111111111
985.8991997241528, 2402.95
986.2537615516217, 2461.2033333333334
986.6082471035874, 2475.766666666667
986.9626563595276, 2415.086111111111
987.3169892989204, 2449.0672222222224
987.6712459012435, 2456.3488888888887
988.0254261459746, 2475.766666666667
988.3795300125918, 2531.592777777778
988.733557480573, 2480.621111111111
989.0875085293962, 2429.6494444444443
989.4413831385392, 2449.0672222222224
989.7951812874794, 2473.3394444444443
990.1489029556951, 2393.241111111111
990.5025481226647, 2500.038888888889
990.8561167678653, 2434.503888888889
991.2096088707751, 2424.795
991.5630244108718, 2495.1844444444446
991.9163633676334, 2456.3488888888887
992.269625720538, 2514.6022222222223
992.6228114490633, 2456.3488888888887
992.9759205326872, 2461.2033333333334
993.3289529508872, 2424.795
993.6819086831417, 2390.813888888889
994.0347877089287, 2492.757222222222
994.3875900077255, 2410.2316666666666
994.7403155590106, 2446.64
995.0929643422612, 2461.2033333333334
995.4455363369556, 2429.6494444444443
995.7980315225718, 2432.076666666667
996.1504498785876, 2463.6305555555555
996.5027913844808, 2473.3394444444443
996.8550560197291, 2407.8044444444445
997.2072437638105, 2366.5416666666665
997.5593545962032, 2378.677777777778
997.9113884963849, 2451.4944444444445
998.2633454438334, 2490.33
998.6152254180263, 2439.358333333333
998.967028398442, 2475.766666666667
999.3187543645583, 2531.592777777778
999.6704032958529, 2412.6588888888887
1000.0219751718037, 2461.2033333333334
1000.3734699718887, 2351.9783333333335
1000.7248876755855, 2473.3394444444443
1001.0762282623723, 2519.4566666666665
1001.4274917117272, 2436.931111111111
1001.7786780031272, 2398.0955555555556
1002.1297871160513, 2502.4661111111113
1002.4808190299765, 2407.8044444444445
1002.831773724381, 2485.4755555555557
1003.1826511787431, 2517.0294444444444
1003.5334513725397, 2444.212777777778
1003.8841742852499, 2417.5133333333333
1004.2348198963505, 2473.3394444444443
1004.58538818532, 2492.757222222222
1004.9358791316362, 2468.485
1005.2862927147766, 2432.076666666667
1005.6366289142197, 2415.086111111111
1005.9868877094427, 2524.311111111111
1006.3370690799243, 2475.766666666667
1006.6871730051417, 2444.212777777778
1007.0371994645731, 2504.8933333333334
1007.387148437696, 2509.7477777777776
1007.7370199039891, 2453.9216666666666
1008.0868138429296, 2473.3394444444443
1008.4365302339957, 2504.8933333333334
1008.7861690566647, 2468.485
1009.135730290415, 2446.64
1009.4852139147247, 2509.7477777777776
1009.8346199090714, 2436.931111111111
1010.183948252933, 2419.9405555555554
1010.5331989257868, 2410.2316666666666
1010.8823719071117, 2424.795
1011.2314671763851, 2422.367777777778
1011.5804847130852, 2400.5227777777777
1011.9294244966892, 2424.795
1012.2782865066753, 2429.6494444444443
1012.6270707225216, 2378.677777777778
1012.9757771237059, 2427.222222222222
1013.3244056897063, 2449.0672222222224
1013.6729564000002, 2378.677777777778
1014.0214292340655, 2415.086111111111
1014.3698241713803, 2419.9405555555554
1014.7181411914225, 2439.358333333333
1015.0663802736703, 2424.795
1015.414541397601, 2468.485
1015.7626245426926, 2402.95
1016.1106296884232, 2463.6305555555555
1016.4585568142705, 2473.3394444444443
1016.8064058997128, 2451.4944444444445
1017.1541769242275, 2473.3394444444443
1017.5018698672923, 2475.766666666667
1017.8494847083857, 2485.4755555555557
1018.1970214269853, 2412.6588888888887
1018.544480002569, 2480.621111111111
1018.8918604146148, 2509.7477777777776
1019.2391626426003, 2468.485
1019.5863866660034, 2419.9405555555554
1019.9335324643024, 2441.7855555555557
1020.2806000169747, 2407.8044444444445
1020.6275893034986, 2432.076666666667
1020.9745003033515, 2429.6494444444443
1021.3213329960116, 2429.6494444444443
1021.6680873609569, 2500.038888888889
1022.0147633776651, 2449.0672222222224
1022.3613610256143, 2427.222222222222
1022.7078802842818, 2458.7761111111113
1023.054321133146, 2410.2316666666666
1023.4006835516849, 2344.6966666666667
1023.7469675193759, 2487.902777777778
1024.0931730156972, 2541.3016666666667
1024.4393000201267, 2468.485
1024.785348512142, 2419.9405555555554
1025.1313184712212, 2470.912222222222
1025.4772098768424, 2424.795
1025.8230227084832, 2466.0577777777776
1026.1687569456215, 2327.706111111111
1026.5144125677348, 2415.086111111111
1026.8599895543018, 2412.6588888888887
1027.2054878848003, 2383.532222222222
1027.5509075387072, 2410.2316666666666
1027.8962484955014, 2466.0577777777776
1028.2415107346603, 2461.2033333333334
1028.586694235662, 2519.4566666666665
1028.9317989779845, 2398.0955555555556
1029.2768249411054, 2429.6494444444443
1029.6217721045025, 2429.6494444444443
1029.9666404476538, 2429.6494444444443
