# FLAME spectrum data format
# Time of snapshot: 2021-02-08T18:31:06Eastern Standard Time
# Number of frames accumulated: 0
# Scan time per exposure [us]: 100000
# Wavelength [nm], Intensity [count]:
189.1861363086452, 2048.5755555555556
189.64926416366848, 2009.74
190.11235512512943, 2053.43
190.57540917250594, 1968.4772222222223
191.03842628527582, 2063.1388888888887
191.50140644291702, 2082.556666666667
191.9643496249074, 2060.7116666666666
192.4272558107249, 2097.12
192.89012497984731, 2082.556666666667
193.35295711175254, 2135.9555555555557
193.81575218591854, 2121.3922222222222
194.27851018182312, 2104.4016666666666
194.7412310789442, 2133.528333333333
195.20391485675964, 2189.3544444444447
195.66656149474733, 2201.4905555555556
196.12917097238517, 2189.3544444444447
196.59174326915107, 2257.3166666666666
197.05427836452282, 2267.0255555555555
197.51677623797838, 2291.297777777778
197.97923686899566, 2267.0255555555555
198.44166023705247, 2305.8611111111113
198.9040463216267, 2339.842222222222
199.36639510219626, 2378.677777777778
199.82870655823908, 2400.5227777777777
200.29098066923297, 2330.133333333333
200.7532174146558, 2417.5133333333333
201.21541677398554, 2395.6683333333335
201.6775787267, 2381.105
202.13970325227712, 2444.212777777778
202.60179033019475, 2483.048333333333
203.06383993993072, 2419.9405555555554
203.52585206096302, 2398.0955555555556
203.9878266727695, 2395.6683333333335
204.44976375482798, 2446.64
204.91166328661643, 2422.367777777778
205.3735252476127, 2429.6494444444443
205.83534961729464, 2371.396111111111
206.2971363751402, 2466.0577777777776
206.75888550062717, 2458.7761111111113
207.22059697323357, 2330.133333333333
207.68227077243716, 2405.3772222222224
208.14390687771592, 2429.6494444444443
208.6055052685476, 2351.9783333333335
209.0670659244102, 2439.358333333333
209.5285888247816, 2424.795
209.99007394913966, 2412.6588888888887
210.4515212769622, 2439.358333333333
210.9129307877272, 2419.9405555555554
211.3743024609125, 2395.6683333333335
211.835636275996, 2407.8044444444445
212.29693221245557, 2441.7855555555557
212.7581902497691, 2497.6116666666667
213.21941036741444, 2449.0672222222224
213.68059254486954, 2422.367777777778
214.14173676161224, 2439.358333333333
214.60284299712043, 2427.222222222222
215.06391123087198, 2453.9216666666666
215.52494144234484, 2327.706111111111
215.9859336110168, 2349.551111111111
216.4468877163658, 2463.6305555555555
216.9078037378697, 2381.105
217.36868165500644, 2378.677777777778
217.82952144725382, 2422.367777777778
218.29032309408976, 2497.6116666666667
218.75108657499214, 2398.0955555555556
219.2118118694389, 2376.2505555555554
219.67249895690784, 2434.503888888889
220.13314781687689, 2422.367777777778
220.5937584288239, 2468.485
221.0543307722268, 2405.3772222222224
221.51486482656347, 2417.5133333333333
221.97536057131174, 2359.26
222.43581798594948, 2402.95
222.8962370499547, 2434.503888888889
223.35661774280518, 2427.222222222222
223.81696004397878, 2390.813888888889
224.2772639329535, 2361.6872222222223
224.73752938920714, 2388.3866666666668
225.1977563922176, 2427.222222222222
225.65794492146279, 2415.086111111111
226.1180949564205, 2487.902777777778
226.57820647656874, 2478.193888888889
227.03827946138532, 2405.3772222222224
227.4983138903481, 2429.6494444444443
227.95830974293503, 2436.931111111111
228.418266998624, 2410.2316666666666
228.87818563689282, 2478.193888888889
229.33806563721944, 2456.3488888888887
229.79790697908172, 2415.086111111111
230.25770964195752, 2376.2505555555554
230.71747360532476, 2463.6305555555555
231.1771988486613, 2410.2316666666666
231.63688535144504, 2444.212777777778
232.09653309315385, 2407.8044444444445
232.5561420532656, 2436.931111111111
233.01571221125823, 2470.912222222222
233.4752435466096, 2361.6872222222223
233.93473603879755, 2470.912222222222
234.3941896673, 2473.3394444444443
234.85360441159483, 2429.6494444444443
235.31298025115996, 2456.3488888888887
235.77231716547317, 2492.757222222222
236.23161513401246, 2398.0955555555556
236.69087413625567, 2417.5133333333333
237.15009415168063, 2458.7761111111113
237.60927515976533, 2351.9783333333335
238.0684171399876, 2456.3488888888887
238.52752007182528, 2405.3772222222224
238.9865839347563, 2449.0672222222224
239.44560870825856, 2439.358333333333
239.90459437180988, 2385.9594444444447
240.36354090488823, 2434.503888888889
240.82244828697142, 2441.7855555555557
241.28131649753738, 2405.3772222222224
241.740145516064, 2439.358333333333
242.1989353220291, 2412.6588888888887
242.65768589491063, 2475.766666666667
243.1163972141864, 2495.1844444444446
243.5750692593344, 2378.677777777778
244.03370200983244, 2395.6683333333335
244.49229544515842, 2446.64
244.95084954479023, 2381.105
245.40936428820572, 2415.086111111111
245.8678396548828, 2429.6494444444443
246.3262756242994, 2368.968888888889
246.7846721759333, 2410.2316666666666
247.2430292892625, 2405.3772222222224
247.7013469437648, 2398.0955555555556
248.15962511891811, 2429.6494444444443
248.61786379420033, 2492.757222222222
249.0760629490893, 2478.193888888889
249.53422256306294, 2436.931111111111
249.9923426155991, 2449.0672222222224
250.4504230861757, 2453.9216666666666
250.90846395427067, 2441.7855555555557
251.3664651993618, 2458.7761111111113
251.82442680092703, 2415.086111111111
252.2823487384442, 2497.6116666666667
252.7402309913912, 2402.95
253.19807353924597, 2388.3866666666668
253.65587636148632, 2502.4661111111113
254.1136394375902, 2373.8233333333333
254.57136274703547, 2449.0672222222224
255.02904626929998, 2466.0577777777776
255.48668998386165, 2419.9405555555554
255.94429387019835, 2417.5133333333333
256.401857907788, 2417.5133333333333
256.8593820761084, 2453.9216666666666
257.3168663546375, 2492.757222222222
257.77431072285316, 2410.2316666666666
258.2317151602333, 2458.7761111111113
258.6890796462558, 2400.5227777777777
259.14640416039845, 2368.968888888889
259.6036886821393, 2427.222222222222
260.0609331909561, 2483.048333333333
260.51813766632677, 2483.048333333333
260.9753020877292, 2463.6305555555555
261.4324264346412, 2478.193888888889
261.8895106865408, 2439.358333333333
262.3465548229058, 2393.241111111111
262.8035588232141, 2373.8233333333333
263.26052266694353, 2432.076666666667
263.717446333572, 2424.795
264.1743298025776, 2400.5227777777777
264.6311730534378, 2398.0955555555556
265.0879760656308, 2451.4944444444445
265.5447388186344, 2441.7855555555557
266.00146129192643, 2495.1844444444446
266.4581434649849, 2439.358333333333
266.91478531728757, 2463.6305555555555
267.3713868283124, 2441.7855555555557
267.82794797753724, 2631.108888888889
268.28446874443995, 2356.8327777777777
268.7409491084984, 2453.9216666666666
269.19738904919063, 2436.931111111111
269.6537885459943, 2417.5133333333333
270.1101475783875, 2483.048333333333
270.56646612584797, 2480.621111111111
271.0227441678536, 2441.7855555555557
271.4789816838824, 2444.212777777778
271.93517865341204, 2415.086111111111
272.3913350559207, 2427.222222222222
272.84745087088595, 2412.6588888888887
273.3035260777859, 2441.7855555555557
273.7595606560983, 2456.3488888888887
274.2155545853011, 2480.621111111111
274.6715078448722, 2502.4661111111113
275.1274204142894, 2456.3488888888887
275.58329227303074, 2470.912222222222
276.0391234005739, 2468.485
276.4949137763969, 2412.6588888888887
276.9506633799776, 2427.222222222222
277.4063721907939, 2415.086111111111
277.8620401883236, 2349.551111111111
278.3176673520446, 2497.6116666666667
278.773253661435, 2495.1844444444446
279.22879909597236, 2410.2316666666666
279.68430363513477, 2490.33
280.1397672584, 2458.7761111111113
280.595189945246, 2463.6305555555555
281.05057167515076, 2434.503888888889
281.5059124275919, 2429.6494444444443
281.9612121820476, 2417.5133333333333
282.4164709179954, 2444.212777777778
282.87168861491347, 2398.0955555555556
283.3268652522797, 2543.728888888889
283.78200080957174, 2361.6872222222223
284.2370952662677, 2497.6116666666667
284.6921486018453, 2475.766666666667
285.14716079578255, 2449.0672222222224
285.60213182755723, 2371.396111111111
286.0570616766474, 2483.048333333333
286.5119503225307, 2434.503888888889
286.9667977446852, 2376.2505555555554
287.4216039225886, 2347.123888888889
287.87636883571895, 2424.795
288.33109246355417, 2456.3488888888887
288.785774785572, 2383.532222222222
289.2404157812505, 2378.677777777778
289.6950154300672, 2470.912222222222
290.14957371150035, 2378.677777777778
290.60409060502775, 2483.048333333333
291.05856609012716, 2446.64
291.51300014627657, 2439.358333333333
291.96739275295386, 2441.7855555555557
292.42174388963684, 2429.6494444444443
292.8760535358034, 2427.222222222222
293.3303216709316, 2468.485
293.7845482744991, 2492.757222222222
294.2387333259839, 2407.8044444444445
294.6928768048639, 2400.5227777777777
295.14697869061683, 2449.0672222222224
295.6010389627208, 2487.902777777778
296.05505760065347, 2480.621111111111
296.50903458389297, 2453.9216666666666
296.9629698919169, 2463.6305555555555
297.4168635042034, 2390.813888888889
297.8707154002302, 2497.6116666666667
298.32452555947515, 2432.076666666667
298.7782939614164, 2446.64
299.2320205855315, 2422.367777777778
299.6857054112985, 2463.6305555555555
300.1393484181953, 2405.3772222222224
300.5929495856997, 2441.7855555555557
301.0465088932897, 2327.706111111111
301.50002632044306, 2398.0955555555556
301.9535018466377, 2543.728888888889
302.40693545135156, 2436.931111111111
302.8603271140625, 2485.4755555555557
303.31367681424837, 2461.2033333333334
303.7669845313871, 2463.6305555555555
304.2202502449565, 2507.3205555555555
304.6734739344345, 2429.6494444444443
305.12665557929904, 2453.9216666666666
305.57979515902787, 2485.4755555555557
306.03289265309905, 2383.532222222222
306.4859480409903, 2512.175
306.93896130217956, 2395.6683333333335
307.39193241614487, 2432.076666666667
307.8448613623638, 2521.883888888889
308.2977481203145, 2466.0577777777776
308.75059266947466, 2456.3488888888887
309.20339498932225, 2461.2033333333334
309.6561550593353, 2417.5133333333333
310.10887285899145, 2432.076666666667
310.56154836776875, 2487.902777777778
311.01418156514495, 2458.7761111111113
311.46677243059804, 2441.7855555555557
311.9193209436059, 2415.086111111111
312.37182708364634, 2441.7855555555557
312.8242908301973, 2458.7761111111113
313.27671216273677, 2444.212777777778
313.7290910607424, 2461.2033333333334
314.1814275036922, 2504.8933333333334
314.63372147106406, 2432.076666666667
315.08597294233584, 2507.3205555555555
315.53818189698546, 2436.931111111111
315.99034831449075, 2441.7855555555557
316.44247217432957, 2487.902777777778
316.8945534559799, 2480.621111111111
317.3465921389196, 2478.193888888889
317.7985882026266, 2400.5227777777777
318.2505416265786, 2509.7477777777776
318.7024523902536, 2483.048333333333
319.1543204731295, 2417.5133333333333
319.6061458546842, 2419.9405555555554
320.0579285143956, 2463.6305555555555
320.50966843174143, 2451.4944444444445
320.9613655861997, 2368.968888888889
321.4130199572483, 2449.0672222222224
321.86463152436505, 2483.048333333333
322.3162002670279, 2500.038888888889
322.76772616471476, 2461.2033333333334
323.2192091969033, 2507.3205555555555
323.6706493430717, 2322.8516666666665
324.1220465826977, 2456.3488888888887
324.5734008952591, 2466.0577777777776
325.0247122602339, 2461.2033333333334
325.4759806571, 2419.9405555555554
325.9272060653352, 2449.0672222222224
326.3783884644174, 2458.7761111111113
326.8295278338246, 2444.212777777778
327.2806241530346, 2393.241111111111
327.7316774015252, 2419.9405555555554
328.1826875587743, 2507.3205555555555
328.63365460425996, 2424.795
329.08457851745993, 2407.8044444444445
329.5354592778521, 2422.367777777778
329.9862968649143, 2410.2316666666666
330.4370912581245, 2473.3394444444443
330.88784243696057, 2349.551111111111
331.3385503809005, 2444.212777777778
331.78921506942197, 2475.766666666667
332.2398364820029, 2444.212777777778
332.69041459812127, 2509.7477777777776
333.1409493972549, 2405.3772222222224
333.59144085888175, 2451.4944444444445
334.0418889624796, 2415.086111111111
334.49229368752646, 2359.26
334.94265501350003, 2470.912222222222
335.3929729198783, 2456.3488888888887
335.8432473861392, 2495.1844444444446
336.29347839176063, 2509.7477777777776
336.7436659162204, 2492.757222222222
337.19380993899625, 2422.367777777778
337.6439104395663, 2458.7761111111113
338.0939673974084, 2453.9216666666666
338.5439807920004, 2436.931111111111
338.9939506028201, 2475.766666666667
339.4438768093455, 2373.8233333333333
339.89375939105446, 2463.6305555555555
340.34359832742473, 2422.367777777778
340.7933935979344, 2492.757222222222
341.24314518206126, 2473.3394444444443
341.69285305928315, 2451.4944444444445
342.14251720907805, 2461.2033333333334
342.5921376109237, 2446.64
343.0417142442982, 2412.6588888888887
343.4912470886792, 2485.4755555555557
343.9407361235448, 2446.64
344.39018132837265, 2383.532222222222
344.8395826826408, 2487.902777777778
345.2889401658271, 2422.367777777778
345.73825375740944, 2381.105
346.1875234368658, 2458.7761111111113
346.63674918367377, 2500.038888888889
347.0859309773115, 2405.3772222222224
347.53506879725677, 2441.7855555555557
347.9841626229875, 2487.902777777778
348.4332124339816, 2415.086111111111
348.8822182097168, 2534.02
349.33117992967124, 2436.931111111111
349.78009757332256, 2451.4944444444445
350.2289711201488, 2483.048333333333
350.67780054962776, 2495.1844444444446
351.1265858412374, 2526.7383333333332
351.5753269744555, 2449.0672222222224
352.02402392876, 2456.3488888888887
352.47267668362883, 2461.2033333333334
352.92128521853977, 2429.6494444444443
353.36984951297086, 2502.4661111111113
353.81836954639977, 2458.7761111111113
354.26684529830453, 2507.3205555555555
354.715276748163, 2466.0577777777776
355.1636638754531, 2473.3394444444443
355.61200665965265, 2509.7477777777776
356.0603050802395, 2429.6494444444443
356.50855911669163, 2390.813888888889
356.9567687484869, 2424.795
357.4049339551032, 2451.4944444444445
357.85305471601833, 2470.912222222222
358.30113101071026, 2536.447222222222
358.7491628186568, 2473.3394444444443
359.1971501193359, 2456.3488888888887
359.64509289222553, 2475.766666666667
360.0929911168034, 2529.1655555555553
360.5408447725474, 2400.5227777777777
360.98865383893553, 2461.2033333333334
361.4364182954456, 2424.795
361.88413812155545, 2410.2316666666666
362.3318132967432, 2480.621111111111
362.7794438004865, 2429.6494444444443
363.2270296122632, 2422.367777777778
363.6745707115514, 2461.2033333333334
364.1220670778288, 2458.7761111111113
364.5695186905733, 2461.2033333333334
365.01692552926295, 2453.9216666666666
365.46428757337543, 2470.912222222222
365.9116048023887, 2466.0577777777776
366.3588771957806, 2473.3394444444443
366.80610473302926, 2368.968888888889
367.25328739361225, 2490.33
367.7004251570076, 2480.621111111111
368.14751800269306, 2434.503888888889
368.59456591014674, 2436.931111111111
369.0415688588464, 2473.3394444444443
369.4885268282698, 2475.766666666667
369.9354397978952, 2485.4755555555557
370.3823077472, 2417.5133333333333
370.82913065566237, 2385.9594444444447
371.2759085027602, 2388.3866666666668
371.7226412679713, 2449.0672222222224
372.1693289307736, 2371.396111111111
372.615971470645, 2483.048333333333
373.0625688670632, 2441.7855555555557
373.5091210995062, 2468.485
373.95562814745205, 2449.0672222222224
374.4020899903785, 2429.6494444444443
374.8485066077633, 2475.766666666667
375.29487797908456, 2451.4944444444445
375.74120408382, 2385.9594444444447
376.1874849014476, 2410.2316666666666
376.6337204114452, 2453.9216666666666
377.07991059329066, 2483.048333333333
377.52605542646194, 2475.766666666667
377.9721548904368, 2480.621111111111
378.41820896469335, 2453.9216666666666
378.8642176287092, 2475.766666666667
379.31018086196246, 2422.367777777778
379.75609864393084, 2419.9405555555554
380.2019709540923, 2490.33
380.64779777192473, 2432.076666666667
381.093579076906, 2478.193888888889
381.5393148485141, 2524.311111111111
381.98500506622673, 2434.503888888889
382.43064970952184, 2441.7855555555557
382.87624875787736, 2441.7855555555557
383.32180219077117, 2468.485
383.76730998768113, 2473.3394444444443
384.2127721280851, 2461.2033333333334
384.658188591461, 2534.02
385.1035593572866, 2451.4944444444445
385.54888440504004, 2424.795
385.994163714199, 2446.64
386.4393972642414, 2485.4755555555557
386.8845850346451, 2468.485
387.32972700488807, 2427.222222222222
387.77482315444814, 2407.8044444444445
388.2198734628032, 2497.6116666666667
388.66487790943114, 2507.3205555555555
389.1098364738098, 2458.7761111111113
389.55474913541707, 2453.9216666666666
389.99961587373093, 2473.3394444444443
390.44443666822923, 2449.0672222222224
390.8892114983898, 2390.813888888889
391.3339403436905, 2424.795
391.7786231836093, 2466.0577777777776
392.2232599976239, 2500.038888888889
392.6678507652125, 2531.592777777778
393.11239546585284, 2492.757222222222
393.55689407902264, 2485.4755555555557
394.0013465841999, 2497.6116666666667
394.4457529608626, 2456.3488888888887
394.89011318848856, 2436.931111111111
395.3344272465556, 2475.766666666667
395.77869511454173, 2458.7761111111113
396.22291677192464, 2434.503888888889
396.6670921981824, 2483.048333333333
397.1112213727928, 2536.447222222222
397.55530427523377, 2478.193888888889
397.99934088498316, 2507.3205555555555
398.4433311815189, 2436.931111111111
398.8872751443188, 2436.931111111111
399.33117275286077, 2444.212777777778
399.7750239866227, 2492.757222222222
400.2188288250826, 2497.6116666666667
400.6625872477181, 2502.4661111111113
401.1062992340072, 2497.6116666666667
401.5499647634279, 2475.766666666667
401.99358381545795, 2432.076666666667
402.43715636957535, 2390.813888888889
402.8806824052578, 2490.33
403.3241619019833, 2415.086111111111
403.7675948392297, 2453.9216666666666
404.2109811964749, 2393.241111111111
404.6543209531968, 2478.193888888889
405.0976140888734, 2427.222222222222
405.5408605829823, 2436.931111111111
405.9840604150016, 2451.4944444444445
406.4272135644091, 2500.038888888889
406.87032001068275, 2517.0294444444444
407.3133797333004, 2473.3394444444443
407.7563927117399, 2444.212777777778
408.1993589254791, 2446.64
408.64227835399595, 2495.1844444444446
409.08515097676843, 2473.3394444444443
409.52797677327436, 2422.367777777778
409.97075572299144, 2475.766666666667
410.4134878053977, 2419.9405555555554
410.856172999971, 2444.212777777778
411.2988112861894, 2504.8933333333334
411.74140264353053, 2534.02
412.18394705147244, 2449.0672222222224
412.6264444894928, 2444.212777777778
413.0688949370698, 2495.1844444444446
413.5112983736811, 2483.048333333333
413.9536547788046, 2439.358333333333
414.39596413191833, 2434.503888888889
414.83822641250003, 2470.912222222222
415.2804416000276, 2463.6305555555555
415.722609673979, 2422.367777777778
416.16473061383203, 2580.137222222222
416.6068043990647, 2475.766666666667
417.0488310091547, 2504.8933333333334
417.49081042358, 2456.3488888888887
417.93274262181853, 2446.64
418.37462758334823, 2461.2033333333334
418.8164652876469, 2478.193888888889
419.25825571419233, 2463.6305555555555
419.6999988424625, 2507.3205555555555
420.1416946519353, 2492.757222222222
420.58334312208865, 2466.0577777777776
421.02494423240046, 2478.193888888889
421.46649796234846, 2485.4755555555557
421.9080042914106, 2473.3394444444443
422.34946319906476, 2461.2033333333334
422.7908746647889, 2497.6116666666667
423.2322386680608, 2453.9216666666666
423.6735551883584, 2444.212777777778
424.1148242051596, 2441.7855555555557
424.55604569794224, 2475.766666666667
424.99721964618425, 2463.6305555555555
425.43834602936346, 2475.766666666667
425.87942482695786, 2456.3488888888887
426.32045601844516, 2461.2033333333334
426.7614395833034, 2512.175
427.20237550101035, 2422.367777777778
427.643263751044, 2458.7761111111113
428.0841043128821, 2531.592777777778
428.5248971660027, 2466.0577777777776
428.96564228988353, 2422.367777777778
429.4063396640026, 2519.4566666666665
429.8469892678377, 2434.503888888889
430.2875910808667, 2470.912222222222
430.72814508256766, 2478.193888888889
431.1686512524183, 2470.912222222222
431.6091095698964, 2490.33
432.04952001448015, 2490.33
432.48988256564724, 2495.1844444444446
432.93019720287555, 2468.485
433.37046390564296, 2524.311111111111
433.8106826534275, 2480.621111111111
434.2508534257068, 2441.7855555555557
434.690976201959, 2410.2316666666666
435.13105096166186, 2483.048333333333
435.57107768429324, 2410.2316666666666
436.011056349331, 2495.1844444444446
436.4509869362532, 2480.621111111111
436.8908694245375, 2502.4661111111113
437.330703793662, 2529.1655555555553
437.7704900231044, 2594.7005555555556
438.2102280923426, 2444.212777777778
438.64991798085464, 2451.4944444444445
439.0895596681183, 2514.6022222222223
439.52915313361143, 2422.367777777778
439.968698356812, 2449.0672222222224
440.4081953171978, 2519.4566666666665
440.84764399424677, 2601.9822222222224
441.28704436743686, 2546.156111111111
441.7263964162458, 2519.4566666666665
442.1657001201515, 2531.592777777778
442.604955458632, 2441.7855555555557
443.044162411165, 2502.4661111111113
443.48332095722856, 2492.757222222222
443.92243107630037, 2500.038888888889
444.36149274785845, 2514.6022222222223
444.80050595138067, 2427.222222222222
445.2394706663448, 2500.038888888889
445.67838687222894, 2504.8933333333334
446.11725454851074, 2534.02
446.5560736746682, 2463.6305555555555
446.99484423017924, 2483.048333333333
447.4335661945217, 2500.038888888889
447.8722395471734, 2526.7383333333332
448.3108642676124, 2526.7383333333332
448.74944033531636, 2534.02
449.18796772976333, 2495.1844444444446
449.6264464304311, 2490.33
450.0648764167976, 2405.3772222222224
450.5032576683408, 2473.3394444444443
450.94159016453835, 2594.7005555555556
451.37987388486823, 2497.6116666666667
451.8181088088085, 2461.2033333333334
452.25629491583686, 2577.71
452.6944321854313, 2495.1844444444446
453.1325205970696, 2536.447222222222
453.5705601302296, 2468.485
454.00855076438944, 2529.1655555555553
454.44649247902674, 2500.038888888889
454.8843852536195, 2507.3205555555555
455.32222906764554, 2507.3205555555555
455.76002390058284, 2517.0294444444444
456.19776973190926, 2446.64
456.63546654110263, 2441.7855555555557
457.07311430764076, 2453.9216666666666
457.5107130110018, 2492.757222222222
457.9482626306634, 2502.4661111111113
458.38576314610356, 2453.9216666666666
458.82321453680004, 2524.311111111111
459.2606167822308, 2500.038888888889
459.69796986187373, 2529.1655555555553
460.13527375520675, 2538.8744444444446
460.5725284417076, 2490.33
461.0097339008544, 2541.3016666666667
461.44689011212483, 2534.02
461.8839970549969, 2529.1655555555553
462.3210547089484, 2543.728888888889
462.7580630534572, 2529.1655555555553
463.1950220680013, 2529.1655555555553
463.63193173205855, 2473.3394444444443
464.0687920251067, 2568.001111111111
464.5056029266238, 2458.7761111111113
464.9423644160876, 2548.5833333333335
465.3790764729762, 2548.5833333333335
465.8157390767672, 2524.311111111111
466.2523522069386, 2480.621111111111
466.6889158429684, 2502.4661111111113
467.12542996433433, 2509.7477777777776
467.5618945505144, 2543.728888888889
467.9983095809864, 2594.7005555555556
468.4346750352282, 2529.1655555555553
468.8709908927178, 2572.8555555555554
469.30725713293293, 2524.311111111111
469.7434737353516, 2483.048333333333
470.1796406794516, 2478.193888888889
470.6157579447109, 2543.728888888889
471.05182551060733, 2570.4283333333333
471.4878433566188, 2584.991666666667
471.9238114622231, 2568.001111111111
472.35972980689826, 2609.2638888888887
472.7955983701221, 2565.573888888889
473.23141713137244, 2500.038888888889
473.66718607012734, 2546.156111111111
474.1029051658645, 2577.71
474.53857439806194, 2631.108888888889
474.97419374619733, 2594.7005555555556
475.4097631897488, 2592.2733333333335
475.84528270819413, 2555.865
476.28075228101125, 2611.6911111111112
476.71617188767794, 2618.972777777778
477.15154150767216, 2657.8083333333334
477.5868611204718, 2667.5172222222222
478.0221307055547, 2604.4094444444445
478.4573502423987, 2711.2072222222223
478.89251971048185, 2660.2355555555555
479.3276390892819, 2689.362222222222
479.76270835827677, 2718.488888888889
480.19772749694437, 2711.2072222222223
480.6326964847625, 2759.7516666666666
481.0676153012091, 2779.1694444444443
481.50248392576214, 2793.7327777777778
481.9373023378993, 2847.1316666666667
482.3720705170987, 2876.258333333333
482.80678844283807, 2837.422777777778
483.2414560945953, 2910.2394444444444
483.6760734518483, 2927.23
484.110640494075, 2978.201666666667
484.5451572007532, 2953.9294444444445
484.9796235513608, 2987.9105555555557
485.41403952537576, 3029.173333333333
485.8484051022759, 3048.5911111111113
486.2827202615391, 3121.407777777778
486.7169849826432, 3172.3794444444443
487.1511992450663, 3199.0788888888887
487.585363028286, 3220.923888888889
488.01947631178035, 3347.1394444444445
488.4535390750272, 3335.0033333333336
488.88755129750444, 3359.2755555555555
489.32151295868994, 3475.782222222222
489.75542403806156, 3534.0355555555557
490.1892845150972, 3456.3644444444444
490.6230943692748, 3650.5422222222223
491.05685358007213, 3832.583888888889
491.4905621269672, 3730.6405555555557
491.9242199894378, 3779.185
492.3578271469619, 3852.0016666666666
492.7913835790173, 3871.4194444444443
493.2248892650819, 4024.3344444444447
493.65834418463356, 4143.268333333333
494.09174831715035, 4143.268333333333
494.52510164210986, 4184.531111111111
494.9584041389902, 4325.31
495.3916557872692, 4621.431111111111
495.8248565664246, 4718.52
496.25800645593455, 4762.21
496.69110543527665, 4871.435
497.124153483929, 4990.368888888889
497.5571505813694, 5128.720555555556
497.99009670707574, 5225.809444444444
498.42299184052587, 5315.616666666667
498.8558359611977, 5587.4655555555555
499.28862904856913, 5754.943888888889
499.72137108211814, 5876.305
500.15406204132233, 5934.558333333333
500.5867019056598, 6111.745555555555
501.01929065460854, 6417.575555555555
501.45182826764614, 6436.993333333333
501.8843147242507, 6847.193888888889
502.3167500039, 6881.175
502.749134086072, 7121.47
503.1814669502445, 7352.056111111111
503.6137485758955, 7526.816111111111
504.04597894250264, 8036.5327777777775
504.4781580295442, 8038.96
504.9102858164977, 8315.663333333334
505.3423622828412, 8691.882777777777
505.7743874080526, 8827.807222222222
506.20636117160956, 9199.172222222222
506.63828355299034, 9488.011666666667
507.07015453167253, 9645.781111111111
507.50197408713404, 10085.108333333334
507.93374219885294, 10483.172777777778
508.36545884630686, 10529.29
508.7971240089739, 11055.997222222222
509.2287376663318, 11092.405555555555
509.66029979785856, 11568.141111111112
510.0918103830321, 11864.262222222222
510.5232694013299, 11815.717777777778
510.9546768322305, 12573.011111111111
511.3860326552112, 12742.916666666666
511.81733684975023, 12946.803333333333
512.2485893953253, 13259.915
512.6797902714144, 13507.491666666667
513.1109394574953, 13958.955
513.5420369330461, 14320.611111111111
513.9730826775443, 14272.066666666668
514.4040766704684, 14742.947777777777
514.8350188912955, 14949.261666666667
515.2659093195042, 15204.12
515.6967479345718, 15187.129444444445
516.1275347159767, 15429.851666666667
516.5582696431964, 15956.558888888889
516.9889526957089, 15806.07111111111
517.4195838529922, 16056.075
517.8501630945242, 15983.258333333333
518.2806903997824, 16497.829444444444
518.7111657482452, 16291.515555555556
519.1415891193901, 16701.716111111113
519.5719604926952, 16597.345555555556
520.0022798476382, 16755.115
520.4325471636973, 16706.570555555554
520.8627624203501, 16842.495
521.2929255970745, 16463.84833333333
521.7230366733485, 16577.92777777778
522.1530956286498, 16335.205555555556
522.5831024424566, 16408.022222222222
523.0130570942465, 16422.585555555557
523.4429595634975, 16408.022222222222
523.8728098296876, 16505.11111111111
524.3026078722943, 15985.685555555556
524.732353670796, 15954.131666666666
525.1620472046701, 15801.216666666667
525.5916884533947, 15424.997222222222
526.0212773964479, 15483.250555555556
526.4508140133071, 15475.968888888889
526.8802982834507, 14949.261666666667
527.3097301863561, 14645.858888888888
527.7391097015015, 14466.244444444445
528.168436808365, 14529.352222222222
528.5977114864237, 14361.87388888889
529.0269337151562, 14170.123333333333
529.4561034740402, 13888.565555555555
529.8852207425534, 13716.232777777777
530.314285500174, 13272.051111111112
530.7432977263796, 13342.440555555555
531.1722574006484, 13174.962222222222
531.6011645024578, 12922.531111111111
532.030019011286, 12519.612222222222
532.458820906611, 12526.89388888889
532.8875701679102, 12191.937222222223
533.3162667746622, 11992.905
533.7449107063443, 11876.398333333333
534.1735019424347, 11689.502222222221
534.602040462411, 11289.010555555555
535.0305262457513, 11233.184444444445
535.4589592719335, 10910.363888888889
535.8873395204353, 10852.110555555555
536.3156669707347, 10585.11611111111
536.7439416023096, 10330.257777777777
537.1721633946379, 10128.798333333334
537.6003323271975, 10038.99111111111
538.028448379466, 9907.92111111111
538.4565115309218, 9852.095
538.8845217610424, 9526.847222222223
539.3124790493057, 9386.068333333333
539.7403833751898, 9386.068333333333
540.1682347181724, 9121.50111111111
540.5960330577315, 8878.778888888888
541.0237783733447, 8905.478333333333
541.4514706444902, 8655.474444444444
541.8791098506459, 8631.202222222222
542.3066959712894, 8247.701111111111
542.7342289858989, 8344.79
543.1617088739521, 8196.729444444445
543.5891356149269, 7869.054444444444
544.0165091883014, 7852.063888888889
544.4438295735529, 7805.946666666667
544.8710967501598, 7500.116666666667
545.2983106976, 7410.309444444444
545.7254713953512, 7223.413333333333
546.1525788228913, 7208.85
546.5796329596982, 7104.479444444444
547.0066337852497, 7145.742222222222
547.4335812790239, 6987.972777777778
547.8604754204986, 6900.592777777778
548.2873161891516, 6757.386666666666
548.7141035644607, 6602.044444444445
549.140837525904, 6497.6738888888885
549.5675180529594, 6364.176666666666
549.9941451251045, 6388.448888888889
550.4207187218174, 6308.350555555556
550.847238822576, 6284.078333333333
551.2737054068582, 6065.628333333333
551.7001184541417, 5859.314444444444
552.1264779439044, 5924.849444444444
552.5527838556245, 5912.713333333333
552.9790361687795, 5691.836111111111
553.4052348628476, 5602.028888888889
553.8313799173064, 5650.573333333334
554.2574713116339, 5478.240555555555
554.6835090253081, 5424.841666666666
555.1094930378068, 5400.569444444444
555.5354233286079, 5109.302777777778
555.961299877189, 5152.9927777777775
556.3871226630284, 5196.682777777778
556.8128916656038, 5038.913333333333
557.2386068643932, 4934.542777777778
557.6642682388743, 4924.833888888889
558.0898757685251, 4820.463333333333
558.5154294328235, 4861.726111111111
558.9409292112473, 4793.763888888889
559.3663750832743, 4701.529444444444
559.7917670283828, 4706.383888888889
560.2171050260499, 4597.158888888889
560.6423890557544, 4500.07
561.0676190969735, 4427.253333333333
561.4927951291855, 4429.680555555556
561.9179171318682, 4412.69
562.3429850844992, 4412.69
562.7679989665568, 4291.328888888889
563.1929587575185, 4216.085
563.6178644368624, 4099.578333333333
564.0427159840664, 4131.1322222222225
564.4675133786083, 4077.733333333333
564.892256599966, 4051.0338888888887
565.3169456276173, 4051.0338888888887
565.7415804410404, 4080.1605555555557
566.1661610197128, 3912.682222222222
566.5906873431126, 3958.7994444444444
567.0151593907176, 3915.1094444444443
567.4395771420056, 3716.077222222222
567.8639405764549, 3881.1283333333336
568.2882496735427, 3706.3683333333333
568.7125044127475, 3810.738888888889
569.136704773547, 3623.842777777778
569.560850735419, 3767.048888888889
569.9849422778414, 3762.1944444444443
570.408979380292, 3674.8144444444442
570.8329620222488, 3568.016666666667
571.2568901831899, 3633.5516666666667
571.6807638425926, 3483.063888888889
572.1045829799353, 3582.58
572.5283475746957, 3519.472222222222
572.9520576063518, 3500.0544444444445
573.3757130543813, 3473.355
573.7993138982621, 3485.491111111111
574.2228601174724, 3594.7161111111113
574.6463516914896, 3344.7122222222224
575.069788599792, 3398.1111111111113
575.4931708218572, 3378.693333333333
575.916498337163, 3337.4305555555557
576.3397711251878, 3371.411666666667
576.7629891654091, 3276.75
577.1861524373047, 3381.1205555555557
577.6092609203528, 3298.595
578.0323145940308, 3339.8577777777778
578.4553134378172, 3327.721666666667
578.8782574311896, 3208.7877777777776
579.3011465536257, 3216.0694444444443
579.7239807846037, 3286.458888888889
580.146760103601, 3240.3416666666667
580.5694844900961, 3179.661111111111
580.9921539235664, 3174.806666666667
581.4147683834901, 3133.543888888889
581.8373278493451, 3179.661111111111
582.2598323006089, 3135.971111111111
582.6822817167598, 3121.407777777778
583.1046760772754, 3143.2527777777777
583.5270153616337, 3063.1544444444444
583.9492995493126, 3145.68
584.3715286197901, 3080.145
584.7937025525439, 2990.337777777778
585.2158213270517, 2980.628888888889
585.6378849227918, 3038.882222222222
586.059893319242, 2997.6194444444445
586.4818464958798, 3026.746111111111
586.9037444321838, 3055.8727777777776
587.3255871076311, 3007.3283333333334
587.7473745017, 3007.3283333333334
588.1691065938684, 2980.628888888889
588.590783363614, 2922.3755555555554
589.0124047904148, 2970.92
589.4339708537487, 2941.7933333333335
589.8554815330937, 2946.6477777777777
590.2769368079274, 3026.746111111111
590.6983366577279, 2983.056111111111
591.1196810619729, 2924.802777777778
591.5409700001403, 2944.2205555555556
591.9622034517083, 2893.248888888889
592.3833813961545, 2922.3755555555554
592.8045038129568, 2881.112777777778
593.2255706815931, 2919.9483333333333
593.6465819815413, 2861.695
594.0675376922794, 2939.366111111111
594.488437793285, 2885.967222222222
594.9092822640364, 2834.9955555555557
595.3300710840113, 2898.1033333333335
595.7508042326872, 2801.0144444444445
596.1714816895425, 2878.6855555555558
596.5921034340548, 2818.005
597.0126694457022, 2818.005
597.4331797039623, 2868.9766666666665
597.8536341883132, 2820.432222222222
598.2740328782329, 2878.6855555555558
598.6943757531989, 2837.422777777778
599.1146627926894, 2910.2394444444444
599.5348939761823, 2878.6855555555558
599.9550692831551, 2815.5777777777776
600.3751886930862, 2878.6855555555558
600.795252185453, 2725.7705555555553
601.2152597397338, 2805.8688888888887
601.6352113354062, 2796.16
602.0551069519482, 2764.606111111111
602.4749465688378, 2791.3055555555557
602.8947301655527, 2723.3433333333332
603.3144577215706, 2769.4605555555554
603.7341292163699, 2832.568333333333
604.153744629428, 2762.178888888889
604.5733039402232, 2737.9066666666668
604.9928071282329, 2694.2166666666667
605.4122541729356, 2793.7327777777778
605.8316450538086, 2723.3433333333332
606.2509797503302, 2781.596666666667
606.670258241978, 2837.422777777778
607.0894805082299, 2839.85
607.5086465285641, 2752.47
607.9277562824581, 2771.887777777778
608.3468097493899, 2737.9066666666668
608.7658069088376, 2701.4983333333334
609.1847477402787, 2805.8688888888887
609.6036322231914, 2737.9066666666668
610.0224603370534, 2737.9066666666668
610.4412320613428, 2740.333888888889
610.8599473755373, 2735.4794444444447
611.2786062591147, 2779.1694444444443
611.6972086915533, 2706.3527777777776
612.1157546523305, 2677.226111111111
612.5342441209243, 2803.4416666666666
612.952677076813, 2699.071111111111
613.3710534994736, 2691.7894444444446
613.789373368385, 2728.197777777778
614.2076366630243, 2699.071111111111
614.62584336287, 2640.817777777778
615.0439934473997, 2677.226111111111
615.4620868960909, 2672.3716666666664
615.8801236884221, 2774.315
616.298103803871, 2730.625
616.7160272219153, 2682.0805555555557
617.1338939220329, 2635.963333333333
617.5517038837019, 2657.8083333333334
617.9694570864001, 2645.6722222222224
618.3871535096054, 2716.0616666666665
618.8047931327956, 2672.3716666666664
619.2223759354484, 2679.653333333333
619.6399018970421, 2737.9066666666668
620.0573709970545, 2645.6722222222224
620.4747832149632, 2669.9444444444443
620.8921385302463, 2657.8083333333334
621.3094369223816, 2643.245
621.7266783708471, 2706.3527777777776
622.1438628551207, 2635.963333333333
622.5609903546799, 2618.972777777778
622.9780608490031, 2665.09
623.395074317568, 2575.282777777778
623.8120307398522, 2631.108888888889
624.228930095334, 2645.6722222222224
624.645772363491, 2640.817777777778
625.0625575238014, 2626.2544444444443
625.4792855557428, 2706.3527777777776
625.8959564387931, 2594.7005555555556
626.3125701524302, 2669.9444444444443
626.7291266761321, 2638.3905555555557
627.1456259893766, 2548.5833333333335
627.5620680716416, 2611.6911111111112
627.978452902405, 2638.3905555555557
628.3947804611447, 2618.972777777778
628.8110507273384, 2645.6722222222224
629.2272636804644, 2674.798888888889
629.6434193000001, 2652.9538888888887
630.0595175654236, 2616.5455555555554
630.4755584562129, 2606.8366666666666
630.8915419518455, 2665.09
631.3074680317999, 2553.4377777777777
631.7233366755535, 2657.8083333333334
632.1391478625843, 2621.4
632.5549015723702, 2577.71
632.9705977843889, 2665.09
633.3862364781188, 2643.245
633.8018176330373, 2669.9444444444443
634.2173412286224, 2599.555
634.6328072443522, 2563.1466666666665
635.0482156597042, 2601.9822222222224
635.4635664541566, 2667.5172222222222
635.8788596071872, 2623.827222222222
636.2940950982738, 2606.8366666666666
636.7092729068943, 2555.865
637.1243930125266, 2633.536111111111
637.5394553946488, 2611.6911111111112
637.9544600327383, 2618.972777777778
638.3694069062735, 2563.1466666666665
638.784295994732, 2570.4283333333333
639.1991272775919, 2555.865
639.6139007343309, 2517.0294444444444
640.0286163444265, 2606.8366666666666
640.4432740873574, 2657.8083333333334
640.857873942601, 2669.9444444444443
641.2724158896351, 2638.3905555555557
641.686899907938, 2599.555
642.101325976987, 2543.728888888889
642.5156940762606, 2601.9822222222224
642.9300041852364, 2570.4283333333333
643.344256283392, 2572.8555555555554
643.758450350206, 2563.1466666666665
644.1725863651554, 2623.827222222222
644.5866643077189, 2604.4094444444445
645.0006841573738, 2582.5644444444442
645.4146458935983, 2560.7194444444444
645.8285494958702, 2551.0105555555556
646.2423949436671, 2652.9538888888887
646.6561822164675, 2589.846111111111
647.0699112937488, 2618.972777777778
647.483582154989, 2485.4755555555557
647.897194779666, 2568.001111111111
648.3107491472578, 2628.681666666667
648.724245237242, 2621.4
649.1376830290968, 2601.9822222222224
649.5510625022998, 2609.2638888888887
649.964383636329, 2534.02
650.3776464106625, 2631.108888888889
650.790850804778, 2584.991666666667
651.2039967981532, 2565.573888888889
651.6170843702662, 2558.2922222222223
652.0301135005949, 2614.1183333333333
652.443084168617, 2614.1183333333333
652.8559963538107, 2517.0294444444444
653.2688500356536, 2570.4283333333333
653.6816451936236, 2504.8933333333334
654.0943818071987, 2623.827222222222
654.5070598558568, 2648.0994444444445
654.9196793190757, 2560.7194444444444
655.3322401763332, 2621.4
655.7447424071077, 2584.991666666667
656.1571859908762, 2546.156111111111
656.5695709071173, 2524.311111111111
656.9818971353087, 2640.817777777778
657.394164654928, 2555.865
657.8063734454535, 2614.1183333333333
658.2185234863628, 2589.846111111111
658.6306147571338, 2536.447222222222
659.0426472372449, 2633.536111111111
659.454620906173, 2575.282777777778
659.8665357433969, 2521.883888888889
660.2783917283939, 2611.6911111111112
660.6901888406422, 2589.846111111111
661.1019270596197, 2546.156111111111
661.5136063648039, 2536.447222222222
661.9252267356732, 2548.5833333333335
662.336788151705, 2638.3905555555557
662.7482905923775, 2534.02
663.1597340371688, 2536.447222222222
663.5711184655561, 2546.156111111111
663.9824438570179, 2529.1655555555553
664.3937101910318, 2534.02
664.8049174470756, 2609.2638888888887
665.2160656046276, 2589.846111111111
665.627154643165, 2584.991666666667
666.0381845421665, 2601.9822222222224
666.4491552811094, 2536.447222222222
666.8600668394716, 2553.4377777777777
667.2709191967314, 2568.001111111111
667.6817123323663, 2546.156111111111
668.0924462258544, 2526.7383333333332
668.5031208566734, 2551.0105555555556
668.9137362043014, 2589.846111111111
669.324292248216, 2553.4377777777777
669.7347889678953, 2570.4283333333333
670.1452263428172, 2551.0105555555556
670.5556043524593, 2543.728888888889
670.9659229763, 2524.311111111111
671.3761821938167, 2551.0105555555556
671.7863819844875, 2592.2733333333335
672.1965223277904, 2558.2922222222223
672.6066032032028, 2560.7194444444444
673.0166245902033, 2541.3016666666667
673.4265864682691, 2611.6911111111112
673.8364888168785, 2444.212777777778
674.2463316155092, 2553.4377777777777
674.6561148436392, 2524.311111111111
675.0658384807463, 2548.5833333333335
675.4755025063084, 2609.2638888888887
675.8851068998035, 2543.728888888889
676.2946516407094, 2628.681666666667
676.7041367085039, 2526.7383333333332
677.1135620826649, 2524.311111111111
677.5229277426704, 2534.02
677.9322336679982, 2541.3016666666667
678.3414798381262, 2534.02
678.7506662325325, 2546.156111111111
679.1597928306944, 2594.7005555555556
679.5688596120904, 2507.3205555555555
679.977866556198, 2626.2544444444443
680.3868136424953, 2478.193888888889
680.7957008504601, 2555.865
681.2045281595704, 2589.846111111111
681.6132955493039, 2565.573888888889
682.0220029991384, 2529.1655555555553
682.430650488552, 2580.137222222222
682.8392379970227, 2546.156111111111
683.2477655040282, 2509.7477777777776
683.6562329890462, 2507.3205555555555
684.064640431555, 2456.3488888888887
684.472987811032, 2538.8744444444446
684.8812751069555, 2497.6116666666667
685.2895022988033, 2514.6022222222223
685.6976693660531, 2560.7194444444444
686.1057762881829, 2565.573888888889
686.5138230446706, 2568.001111111111
686.9218096149941, 2551.0105555555556
687.3297359786312, 2555.865
687.7376021150599, 2534.02
688.145408003758, 2483.048333333333
688.5531536242033, 2495.1844444444446
688.9608389558739, 2529.1655555555553
689.3684639782474, 2507.3205555555555
689.7760286708021, 2468.485
690.1835330130154, 2514.6022222222223
690.5909769843656, 2517.0294444444444
690.9983605643303, 2480.621111111111
691.4056837323875, 2526.7383333333332
691.8129464680152, 2458.7761111111113
692.220148750691, 2536.447222222222
692.6272905598929, 2502.4661111111113
693.0343718750988, 2466.0577777777776
693.4413926757868, 2536.447222222222
693.8483529414345, 2546.156111111111
694.25525265152, 2478.193888888889
694.6620917855208, 2534.02
695.0688703229151, 2497.6116666666667
695.4755882431808, 2492.757222222222
695.8822455257957, 2507.3205555555555
696.2888421502378, 2478.193888888889
696.6953780959847, 2521.883888888889
697.1018533425145, 2536.447222222222
697.5082678693051, 2456.3488888888887
697.9146216558341, 2483.048333333333
698.3209146815799, 2444.212777777778
698.72714692602, 2456.3488888888887
699.1333183686324, 2551.0105555555556
699.5394289888949, 2439.358333333333
699.9454787662854, 2509.7477777777776
700.3514676802821, 2514.6022222222223
700.7573957103624, 2449.0672222222224
701.1632628360044, 2480.621111111111
701.569069036686, 2531.592777777778
701.9748142918851, 2456.3488888888887
702.3804985810796, 2429.6494444444443
702.7861218837471, 2473.3394444444443
703.1916841793659, 2417.5133333333333
703.5971854474136, 2504.8933333333334
704.0026256673683, 2526.7383333333332
704.4080048187078, 2434.503888888889
704.8133228809098, 2504.8933333333334
705.2185798334524, 2487.902777777778
705.6237756558133, 2449.0672222222224
706.0289103274706, 2468.485
706.4339838279021, 2446.64
706.8389961365859, 2487.902777777778
707.2439472329994, 2415.086111111111
707.6488370966208, 2478.193888888889
708.0536657069279, 2555.865
708.4584330433985, 2492.757222222222
708.8631390855107, 2492.757222222222
709.2677838127423, 2509.7477777777776
709.6723672045712, 2555.865
710.0768892404751, 2449.0672222222224
710.4813498999321, 2402.95
710.88574916242, 2427.222222222222
711.2900870074167, 2558.2922222222223
711.6943634144001, 2546.156111111111
712.0985783628479, 2429.6494444444443
712.5027318322383, 2475.766666666667
712.906823802049, 2492.757222222222
713.310854251758, 2500.038888888889
713.7148231608429, 2449.0672222222224
714.1187305087819, 2468.485
714.5225762750528, 2376.2505555555554
714.9263604391333, 2417.5133333333333
715.3300829805016, 2485.4755555555557
715.7337438786353, 2449.0672222222224
716.1373431130124, 2492.757222222222
716.5408806631108, 2475.766666666667
716.9443565084084, 2419.9405555555554
717.3477706283832, 2449.0672222222224
717.7511230025127, 2415.086111111111
718.1544136102751, 2432.076666666667
718.5576424311482, 2473.3394444444443
718.9608094446097, 2453.9216666666666
719.363914630138, 2536.447222222222
719.7669579672105, 2514.6022222222223
720.1699394353052, 2441.7855555555557
720.5728590138999, 2412.6588888888887
720.9757166824728, 2514.6022222222223
721.3785124205016, 2385.9594444444447
721.7812462074642, 2483.048333333333
722.1839180228383, 2538.8744444444446
722.586527846102, 2485.4755555555557
722.989075656733, 2531.592777777778
723.3915614342095, 2427.222222222222
723.7939851580091, 2466.0577777777776
724.1963468076099, 2436.931111111111
724.5986463624895, 2415.086111111111
725.0008838021259, 2500.038888888889
725.4030591059972, 2419.9405555555554
725.8051722535811, 2429.6494444444443
726.2072232243553, 2492.757222222222
726.6092119977981, 2480.621111111111
727.011138553387, 2451.4944444444445
727.4130028706, 2434.503888888889
727.8148049289152, 2497.6116666666667
728.2165447078104, 2432.076666666667
728.6182221867631, 2490.33
729.0198373452516, 2407.8044444444445
729.4213901627536, 2490.33
729.8228806187471, 2487.902777777778
730.2243086927101, 2456.3488888888887
730.6256743641202, 2466.0577777777776
731.0269776124553, 2473.3394444444443
731.4282184171935, 2461.2033333333334
731.8293967578126, 2429.6494444444443
732.2305126137903, 2424.795
732.6315659646046, 2449.0672222222224
733.0325567897337, 2451.4944444444445
733.4334850686549, 2480.621111111111
733.8343507808465, 2502.4661111111113
734.2351539057863, 2456.3488888888887
734.6358944229522, 2463.6305555555555
735.0365723118219, 2485.4755555555557
735.4371875518735, 2412.6588888888887
735.8377401225848, 2451.4944444444445
736.2382300034338, 2497.6116666666667
736.6386571738981, 2412.6588888888887
737.0390216134557, 2487.902777777778
737.4393233015847, 2466.0577777777776
737.8395622177627, 2407.8044444444445
738.2397383414677, 2478.193888888889
738.6398516521779, 2461.2033333333334
739.0399021293706, 2419.9405555555554
739.439889752524, 2395.6683333333335
739.8398145011159, 2502.4661111111113
740.2396763546243, 2463.6305555555555
740.639475292527, 2446.64
741.0392112943019, 2478.193888888889
741.4388843394269, 2461.2033333333334
741.8384944073797, 2470.912222222222
742.2380414776385, 2417.5133333333333
742.637525529681, 2473.3394444444443
743.0369465429851, 2424.795
743.4363044970287, 2466.0577777777776
743.8355993712896, 2451.4944444444445
744.2348311452458, 2453.9216666666666
744.6339997983753, 2456.3488888888887
745.0331053101557, 2359.26
745.432147660065, 2487.902777777778
745.8311268275811, 2480.621111111111
746.230042792182, 2417.5133333333333
746.6288955333454, 2444.212777777778
747.0276850305493, 2439.358333333333
747.4264112632713, 2434.503888888889
747.8250742109897, 2475.766666666667
748.2236738531822, 2444.212777777778
748.6222101693266, 2446.64
749.0206831389012, 2463.6305555555555
749.4190927413832, 2393.241111111111
749.817438956251, 2473.3394444444443
750.2157217629822, 2456.3488888888887
750.6139411410547, 2492.757222222222
751.0120970699468, 2485.4755555555557
751.4101895291359, 2398.0955555555556
751.8082184981, 2485.4755555555557
752.2061839563171, 2429.6494444444443
752.604085883265, 2534.02
753.0019242584217, 2487.902777777778
753.399699061265, 2478.193888888889
753.7974102712727, 2453.9216666666666
754.1950578679227, 2415.086111111111
754.5926418306931, 2463.6305555555555
754.9901621390615, 2449.0672222222224
755.387618772506, 2492.757222222222
755.7850117105044, 2441.7855555555557
756.1823409325345, 2461.2033333333334
756.5796064180743, 2432.076666666667
756.9768081466016, 2444.212777777778
757.3739460975944, 2422.367777777778
757.7710202505305, 2402.95
758.1680305848877, 2446.64
758.564977080144, 2432.076666666667
758.9618597157773, 2441.7855555555557
759.3586784712656, 2543.728888888889
759.7554333260865, 2461.2033333333334
760.1521242597179, 2536.447222222222
760.5487512516379, 2490.33
760.9453142813243, 2407.8044444444445
761.341813328255, 2449.0672222222224
761.738248371908, 2427.222222222222
762.1346193917608, 2517.0294444444444
762.5309263672914, 2461.2033333333334
762.927169277978, 2434.503888888889
763.3233481032983, 2424.795
763.7194628227302, 2483.048333333333
764.1155134157514, 2497.6116666666667
764.5114998618401, 2456.3488888888887
764.9074221404738, 2441.7855555555557
765.3032802311308, 2427.222222222222
765.6990741132888, 2427.222222222222
766.0948037664257, 2390.813888888889
766.4904691700191, 2410.2316666666666
766.8860703035473, 2422.367777777778
767.2816071464881, 2497.6116666666667
767.6770796783193, 2458.7761111111113
768.0724878785187, 2390.813888888889
768.4678317265643, 2371.396111111111
768.8631112019339, 2461.2033333333334
769.2583262841056, 2453.9216666666666
769.653476952557, 2453.9216666666666
770.0485631867662, 2429.6494444444443
770.4435849662109, 2444.212777777778
770.8385422703691, 2456.3488888888887
771.2334350787187, 2432.076666666667
771.6282633707374, 2480.621111111111
772.0230271259036, 2492.757222222222
772.4177263236944, 2504.8933333333334
772.8123609435884, 2434.503888888889
773.2069309650631, 2441.7855555555557
773.6014363675963, 2485.4755555555557
773.9958771306663, 2398.0955555555556
774.3902532337505, 2478.193888888889
774.7845646563271, 2509.7477777777776
775.1788113778739, 2427.222222222222
775.5729933778688, 2434.503888888889
775.9671106357898, 2449.0672222222224
776.3611631311144, 2497.6116666666667
776.755150843321, 2470.912222222222
777.1490737518869, 2468.485
777.5429318362906, 2422.367777777778
777.9367250760095, 2444.212777777778
778.3304534505218, 2434.503888888889
778.7241169393052, 2393.241111111111
779.1177155218376, 2478.193888888889
779.5112491775968, 2490.33
779.904717886061, 2490.33
780.2981216267079, 2485.4755555555557
780.6914603790154, 2451.4944444444445
781.0847341224612, 2453.9216666666666
781.4779428365234, 2436.931111111111
781.8710865006798, 2485.4755555555557
782.2641650944086, 2468.485
782.657178597187, 2480.621111111111
783.0501269884934, 2509.7477777777776
783.4430102478057, 2521.883888888889
783.8358283546014, 2439.358333333333
784.2285812883588, 2434.503888888889
784.6212690285556, 2509.7477777777776
785.0138915546697, 2495.1844444444446
785.4064488461789, 2475.766666666667
785.7989408825612, 2429.6494444444443
786.1913676432944, 2441.7855555555557
786.5837291078566, 2456.3488888888887
786.9760252557254, 2502.4661111111113
787.3682560663788, 2449.0672222222224
787.7604215192946, 2453.9216666666666
788.1525215939508, 2407.8044444444445
788.5445562698254, 2487.902777777778
788.9365255263959, 2485.4755555555557
789.3284293431406, 2517.0294444444444
789.7202676995372, 2524.311111111111
790.1120405750635, 2497.6116666666667
790.5037479491975, 2483.048333333333
790.8953898014171, 2492.757222222222
791.2869661112001, 2415.086111111111
791.6784768580243, 2483.048333333333
792.0699220213678, 2395.6683333333335
792.4613015807084, 2441.7855555555557
792.852615515524, 2514.6022222222223
793.2438638052924, 2475.766666666667
793.6350464294916, 2407.8044444444445
794.0261633675993, 2393.241111111111
794.4172145990937, 2451.4944444444445
794.8082001034524, 2463.6305555555555
795.1991198601534, 2517.0294444444444
795.5899738486744, 2560.7194444444444
795.9807620484936, 2441.7855555555557
796.3714844390886, 2461.2033333333334
796.7621409999376, 2422.367777777778
797.1527317105182, 2458.7761111111113
797.5432565503083, 2441.7855555555557
797.933715498786, 2368.968888888889
798.3241085354289, 2446.64
798.7144356397151, 2485.4755555555557
799.1046967911225, 2395.6683333333335
799.4948919691287, 2441.7855555555557
799.8850211532119, 2415.086111111111
800.2750843228498, 2507.3205555555555
800.6650814575204, 2507.3205555555555
801.0550125367017, 2427.222222222222
801.4448775398711, 2490.33
801.8346764465069, 2441.7855555555557
802.224409236087, 2415.086111111111
802.614075888089, 2463.6305555555555
803.0036763819912, 2395.6683333333335
803.393210697271, 2432.076666666667
803.7826788134066, 2470.912222222222
804.1720807098758, 2534.02
804.5614163661564, 2475.766666666667
804.9506857617265, 2451.4944444444445
805.3398888760638, 2339.842222222222
805.7290256886463, 2470.912222222222
806.1180961789518, 2468.485
806.507100326458, 2502.4661111111113
806.8960381106433, 2466.0577777777776
807.2849095109851, 2473.3394444444443
807.6737145069615, 2412.6588888888887
808.0624530780502, 2502.4661111111113
808.4511252037294, 2451.4944444444445
808.8397308634767, 2434.503888888889
809.2282700367703, 2432.076666666667
809.6167427030877, 2470.912222222222
810.0051488419068, 2480.621111111111
810.3934884327059, 2432.076666666667
810.7817614549624, 2422.367777777778
811.1699678881547, 2388.3866666666668
811.5581077117603, 2407.8044444444445
811.946180905257, 2485.4755555555557
812.3341874481231, 2504.8933333333334
812.722127319836, 2490.33
813.1100004998741, 2424.795
813.4978069677148, 2449.0672222222224
813.8855467028363, 2449.0672222222224
814.2732196847163, 2356.8327777777777
814.6608258928328, 2432.076666666667
815.0483653066638, 2480.621111111111
815.4358379056869, 2424.795
815.82324366938, 2463.6305555555555
816.2105825772212, 2446.64
816.5978546086883, 2432.076666666667
816.9850597432592, 2514.6022222222223
817.3721979604117, 2436.931111111111
817.7592692396238, 2543.728888888889
818.1462735603732, 2487.902777777778
818.5332109021379, 2475.766666666667
818.9200812443959, 2449.0672222222224
819.306884566625, 2449.0672222222224
819.6936208483029, 2463.6305555555555
820.0802900689077, 2453.9216666666666
820.4668922079172, 2444.212777777778
820.8534272448094, 2429.6494444444443
821.239895159062, 2395.6683333333335
821.626295930153, 2461.2033333333334
822.0126295375603, 2524.311111111111
822.3988959607616, 2393.241111111111
822.785095179235, 2468.485
823.1712271724583, 2451.4944444444445
823.5572919199096, 2548.5833333333335
823.9432894010663, 2487.902777777778
824.3292195954066, 2456.3488888888887
824.7150824824083, 2376.2505555555554
825.1008780415495, 2504.8933333333334
825.486606252308, 2490.33
825.8722670941613, 2526.7383333333332
826.2578605465877, 2521.883888888889
826.643386589065, 2456.3488888888887
827.028845201071, 2439.358333333333
827.4142363620837, 2446.64
827.7995600515808, 2381.105
828.1848162490403, 2461.2033333333334
828.5700049339401, 2415.086111111111
828.9551260857583, 2415.086111111111
829.3401796839723, 2502.4661111111113
829.7251657080603, 2458.7761111111113
830.1100841375, 2475.766666666667
830.4949349517696, 2534.02
830.8797181303465, 2446.64
831.264433652709, 2461.2033333333334
831.649081498335, 2385.9594444444447
832.0336616467022, 2419.9405555555554
832.4181740772884, 2429.6494444444443
832.8026187695717, 2453.9216666666666
833.1869957030299, 2446.64
833.5713048571408, 2456.3488888888887
833.9555462113824, 2463.6305555555555
834.3397197452325, 2473.3394444444443
834.723825438169, 2402.95
835.1078632696698, 2405.3772222222224
835.4918332192129, 2468.485
835.875735266276, 2461.2033333333334
836.259569390337, 2475.766666666667
836.6433355708738, 2500.038888888889
837.0270337873644, 2500.038888888889
837.4106640192867, 2492.757222222222
837.7942262461185, 2427.222222222222
838.1777204473375, 2444.212777777778
838.5611466024219, 2509.7477777777776
838.9445046908494, 2480.621111111111
839.3277946920979, 2466.0577777777776
839.7110165856454, 2492.757222222222
840.0941703509696, 2422.367777777778
840.4772559675484, 2378.677777777778
840.8602734148599, 2529.1655555555553
841.2432226723819, 2478.193888888889
841.6261037195922, 2446.64
842.0089165359686, 2485.4755555555557
842.3916611009893, 2507.3205555555555
842.7743373941316, 2490.33
843.156945394874, 2434.503888888889
843.5394850826943, 2410.2316666666666
843.9219564370701, 2541.3016666666667
844.3043594374793, 2419.9405555555554
844.6866940634001, 2441.7855555555557
845.06896029431, 2441.7855555555557
845.4511581096873, 2429.6494444444443
845.8332874890094, 2432.076666666667
846.2153484117546, 2444.212777777778
846.5973408574006, 2417.5133333333333
846.9792648054253, 2417.5133333333333
847.3611202353064, 2444.212777777778
847.7429071265223, 2412.6588888888887
848.1246254585504, 2436.931111111111
848.5062752108686, 2497.6116666666667
848.8878563629551, 2410.2316666666666
849.2693688942875, 2466.0577777777776
849.6508127843439, 2441.7855555555557
850.0321880126021, 2478.193888888889
850.4134945585397, 2424.795
850.7947324016351, 2478.193888888889
851.1759015213659, 2473.3394444444443
851.55700189721, 2451.4944444444445
851.9380335086452, 2449.0672222222224
852.3189963351494, 2456.3488888888887
852.6998903562007, 2424.795
853.0807155512767, 2480.621111111111
853.4614718998556, 2485.4755555555557
853.8421593814152, 2410.2316666666666
854.2227779754331, 2468.485
854.6033276613874, 2485.4755555555557
854.983808418756, 2495.1844444444446
855.3642202270167, 2453.9216666666666
855.7445630656476, 2526.7383333333332
856.1248369141263, 2376.2505555555554
856.5050417519308, 2536.447222222222
856.8851775585389, 2521.883888888889
857.2652443134286, 2461.2033333333334
857.6452419960779, 2468.485
858.0251705859644, 2451.4944444444445
858.4050300625662, 2536.447222222222
858.784820405361, 2529.1655555555553
859.1645415938268, 2412.6588888888887
859.5441936074416, 2415.086111111111
859.923776425683, 2446.64
860.3032900280291, 2546.156111111111
860.6827343939576, 2441.7855555555557
861.0621095029466, 2495.1844444444446
861.441415334474, 2480.621111111111
861.8206518680174, 2419.9405555555554
862.1998190830549, 2473.3394444444443
862.5789169590645, 2461.2033333333334
862.9579454755236, 2458.7761111111113
863.3369046119107, 2398.0955555555556
863.7157943477033, 2444.212777777778
864.0946146623794, 2514.6022222222223
864.4733655354167, 2441.7855555555557
864.8520469462933, 2492.757222222222
865.2306588744871, 2434.503888888889
865.609201299476, 2485.4755555555557
865.9876742007377, 2429.6494444444443
866.3660775577501, 2466.0577777777776
866.7444113499912, 2480.621111111111
867.1226755569388, 2461.2033333333334
867.500870158071, 2478.193888888889
867.8789951328655, 2473.3394444444443
868.2570504608001, 2415.086111111111
868.6350361213526, 2422.367777777778
869.0129520940013, 2417.5133333333333
869.3907983582237, 2410.2316666666666
869.7685748934982, 2451.4944444444445
870.146281679302, 2509.7477777777776
870.5239186951134, 2480.621111111111
870.90148592041, 2439.358333333333
871.27898333467, 2419.9405555555554
871.6564109173712, 2461.2033333333334
872.0337686479913, 2475.766666666667
872.4110565060084, 2456.3488888888887
872.7882744709003, 2453.9216666666666
873.1654225221448, 2419.9405555555554
873.5425006392201, 2422.367777777778
873.9195088016037, 2444.212777777778
874.2964469887736, 2463.6305555555555
874.6733151802077, 2480.621111111111
875.050113355384, 2444.212777777778
875.4268414937803, 2461.2033333333334
875.8034995748744, 2407.8044444444445
876.1800875781444, 2495.1844444444446
876.5566054830679, 2485.4755555555557
876.9330532691229, 2422.367777777778
877.3094309157873, 2412.6588888888887
877.6857384025392, 2463.6305555555555
878.061975708856, 2439.358333333333
878.438142814216, 2473.3394444444443
878.8142396980969, 2441.7855555555557
879.1902663399766, 2422.367777777778
879.5662227193332, 2383.532222222222
879.9421088156442, 2429.6494444444443
880.3179246083878, 2514.6022222222223
880.6936700770416, 2485.4755555555557
881.0693452010837, 2427.222222222222
881.4449499599921, 2514.6022222222223
881.8204843332443, 2415.086111111111
882.1959483003185, 2487.902777777778
882.5713418406924, 2483.048333333333
882.9466649338441, 2429.6494444444443
883.3219175592512, 2439.358333333333
883.6970996963919, 2514.6022222222223
884.0722113247438, 2424.795
884.4472524237849, 2529.1655555555553
884.822222972993, 2415.086111111111
885.1971229518462, 2453.9216666666666
885.5719523398224, 2463.6305555555555
885.9467111163991, 2480.621111111111
886.3213992610544, 2432.076666666667
886.6960167532662, 2456.3488888888887
887.0705635725126, 2475.766666666667
887.4450396982711, 2480.621111111111
887.8194451100198, 2378.677777777778
888.1937797872365, 2480.621111111111
888.568043709399, 2434.503888888889
888.9422368559856, 2483.048333333333
889.3163592064737, 2514.6022222222223
889.6904107403415, 2449.0672222222224
890.0643914370667, 2470.912222222222
890.438301276127, 2427.222222222222
890.8121402370008, 2480.621111111111
891.1859082991656, 2395.6683333333335
891.5596054420996, 2487.902777777778
891.9332316452803, 2364.1144444444444
892.3067868881857, 2444.212777777778
892.6802711502938, 2451.4944444444445
893.0536844110824, 2461.2033333333334
893.4270266500296, 2487.902777777778
893.8002978466128, 2436.931111111111
894.1734979803103, 2485.4755555555557
894.5466270305999, 2485.4755555555557
894.9196849769595, 2441.7855555555557
895.2926717988669, 2444.212777777778
895.6655874758, 2439.358333333333
896.0384319872365, 2478.193888888889
896.4112053126547, 2492.757222222222
896.7839074315323, 2466.0577777777776
897.156538323347, 2470.912222222222
897.529097967577, 2434.503888888889
897.9015863436998, 2434.503888888889
898.2740034311936, 2466.0577777777776
898.6463492095362, 2468.485
899.0186236582055, 2373.8233333333333
899.3908267566794, 2398.0955555555556
899.7629584844356, 2495.1844444444446
900.1350188209522, 2449.0672222222224
900.5070077457069, 2449.0672222222224
900.8789252381778, 2519.4566666666665
901.2507712778427, 2400.5227777777777
901.6225458441793, 2444.212777777778
901.9942489166658, 2502.4661111111113
902.3658804747797, 2463.6305555555555
902.7374404979993, 2466.0577777777776
903.1089289658024, 2463.6305555555555
903.4803458576665, 2441.7855555555557
903.8516911530699, 2475.766666666667
904.2229648314902, 2461.2033333333334
904.5941668724056, 2429.6494444444443
904.9652972552939, 2446.64
905.3363559596327, 2509.7477777777776
905.7073429649, 2468.485
906.0782582505739, 2412.6588888888887
906.4491017961321, 2424.795
906.8198735810525, 2405.3772222222224
907.1905735848133, 2524.311111111111
907.5612017868917, 2487.902777777778
907.9317581667661, 2427.222222222222
908.3022427039143, 2529.1655555555553
908.6726553778141, 2446.64
909.0429961679436, 2541.3016666666667
909.4132650537804, 2429.6494444444443
909.7834620148025, 2434.503888888889
910.1535870304876, 2446.64
910.523640080314, 2444.212777777778
910.8936211437593, 2451.4944444444445
911.2635302003015, 2468.485
911.6333672294182, 2427.222222222222
912.0031322105876, 2439.358333333333
912.3728251232876, 2475.766666666667
912.742445946996, 2402.95
913.1119946611905, 2468.485
913.4814712453491, 2497.6116666666667
913.8508756789498, 2487.902777777778
914.2202079414703, 2444.212777777778
914.5894680123887, 2563.1466666666665
914.9586558711829, 2473.3394444444443
915.3277714973304, 2424.795
915.6968148703095, 2483.048333333333
916.0657859695979, 2364.1144444444444
916.4346847746734, 2395.6683333333335
916.8035112650142, 2475.766666666667
917.1722654200979, 2461.2033333333334
917.5409472194023, 2451.4944444444445
917.9095566424055, 2519.4566666666665
918.2780936685854, 2509.7477777777776
918.6465582774198, 2453.9216666666666
919.0149504483866, 2475.766666666667
919.3832701609637, 2495.1844444444446
919.7515173946289, 2451.4944444444445
920.1196921288599, 2393.241111111111
920.4877943431352, 2436.931111111111
920.8558240169323, 2405.3772222222224
921.223781129729, 2410.2316666666666
921.5916656610033, 2466.0577777777776
921.9594775902328, 2451.4944444444445
922.327216896896, 2463.6305555555555
922.6948835604703, 2485.4755555555557
923.0624775604338, 2502.4661111111113
923.4299988762641, 2419.9405555555554
923.7974474874394, 2402.95
924.1648233734376, 2398.0955555555556
924.5321265137363, 2449.0672222222224
924.8993568878135, 2461.2033333333334
925.2665144751472, 2429.6494444444443
925.6335992552152, 2398.0955555555556
926.0006112074952, 2434.503888888889
926.3675503114656, 2478.193888888889
926.7344165466038, 2524.311111111111
927.1012098923877, 2492.757222222222
927.4679303282956, 2492.757222222222
927.8345778338048, 2456.3488888888887
928.2011523883937, 2483.048333333333
928.5676539715399, 2458.7761111111113
928.9340825627213, 2359.26
929.300438141416, 2373.8233333333333
929.6667206871015, 2487.902777777778
930.032930179256, 2436.931111111111
930.3990665973574, 2473.3394444444443
930.7651299208834, 2439.358333333333
931.131120129312, 2407.8044444444445
931.497037202121, 2444.212777777778
931.8628811187882, 2521.883888888889
932.2286518587919, 2461.2033333333334
932.5943494016095, 2478.193888888889
932.959973726719, 2507.3205555555555
933.3255248135985, 2417.5133333333333
933.6910026417256, 2398.0955555555556
934.0564071905786, 2456.3488888888887
934.421738439635, 2410.2316666666666
934.7869963683726, 2429.6494444444443
935.1521809562696, 2497.6116666666667
935.5172921828038, 2337.415
935.882330027453, 2439.358333333333
936.2472944696952, 2507.3205555555555
936.6121854890082, 2463.6305555555555
936.9770030648699, 2458.7761111111113
937.3417471767581, 2456.3488888888887
937.7064178041509, 2487.902777777778
938.071014926526, 2507.3205555555555
938.4355385233613, 2427.222222222222
938.7999885741348, 2449.0672222222224
939.1643650583242, 2439.358333333333
939.5286679554074, 2478.193888888889
939.8928972448628, 2453.9216666666666
940.2570529061674, 2473.3394444444443
940.6211349187996, 2434.503888888889
940.9851432622372, 2424.795
941.3490779159583, 2492.757222222222
941.7129388594406, 2446.64
942.0767260721618, 2427.222222222222
942.4404395336, 2456.3488888888887
942.8040792232331, 2427.222222222222
943.1676451205389, 2446.64
943.5311372049953, 2385.9594444444447
943.8945554560802, 2487.902777777778
944.2578998532713, 2517.0294444444444
944.621170376047, 2439.358333333333
944.9843670038847, 2449.0672222222224
945.3474897162623, 2417.5133333333333
945.710538492658, 2444.212777777778
946.0735133125493, 2429.6494444444443
946.4364141554144, 2449.0672222222224
946.7992410007312, 2497.6116666666667
947.1619938279771, 2449.0672222222224
947.5246726166306, 2427.222222222222
947.8872773461691, 2483.048333333333
948.2498079960709, 2483.048333333333
948.6122645458137, 2483.048333333333
948.9746469748751, 2449.0672222222224
949.3369552627336, 2458.7761111111113
949.6991893888663, 2422.367777777778
950.0613493327519, 2470.912222222222
950.4234350738678, 2519.4566666666665
950.7854465916919, 2468.485
951.1473838657021, 2458.7761111111113
951.5092468753764, 2402.95
951.871035600193, 2388.3866666666668
952.2327500196291, 2436.931111111111
952.5943901131628, 2492.757222222222
952.9559558602721, 2400.5227777777777
953.3174472404351, 2446.64
953.6788642331294, 2453.9216666666666
954.040206817833, 2410.2316666666666
954.4014749740235, 2475.766666666667
954.7626686811789, 2366.5416666666665
955.1237879187775, 2468.485
955.4848326662968, 2524.311111111111
955.8458029032148, 2541.3016666666667
956.2066986090091, 2415.086111111111
956.5675197631579, 2451.4944444444445
956.9282663451391, 2434.503888888889
957.2889383344307, 2463.6305555555555
957.6495357105102, 2446.64
958.0100584528556, 2529.1655555555553
958.3705065409446, 2461.2033333333334
958.7308799542557, 2461.2033333333334
959.0911786722664, 2412.6588888888887
959.4514026744546, 2487.902777777778
959.8115519402979, 2427.222222222222
960.1716264492745, 2407.8044444444445
960.5316261808625, 2514.6022222222223
960.8915511145395, 2446.64
961.2514012297835, 2381.105
961.6111765060718, 2468.485
961.9708769228831, 2468.485
962.330502459695, 2419.9405555555554
962.6900530959854, 2507.3205555555555
963.0495288112322, 2419.9405555555554
963.4089295849129, 2487.902777777778
963.7682553965058, 2429.6494444444443
964.1275062254888, 2453.9216666666666
964.4866820513397, 2385.9594444444447
964.8457828535363, 2429.6494444444443
965.2048086115565, 2390.813888888889
965.5637593048781, 2463.6305555555555
965.9226349129792, 2466.0577777777776
966.2814354153378, 2446.64
966.6401607914315, 2405.3772222222224
966.998811020738, 2439.358333333333
967.3573860827355, 2480.621111111111
967.715885956902, 2444.212777777778
968.0743106227152, 2376.2505555555554
968.4326600596529, 2407.8044444444445
968.7909342471929, 2487.902777777778
969.1491331648133, 2436.931111111111
969.5072567919922, 2456.3488888888887
969.8653051082072, 2466.0577777777776
970.2232780929362, 2400.5227777777777
970.5811757256569, 2449.0672222222224
970.9389979858473, 2468.485
971.2967448529856, 2478.193888888889
971.6544163065495, 2400.5227777777777
972.0120123260166, 2366.5416666666665
972.3695328908652, 2483.048333333333
972.7269779805728, 2381.105
973.0843475746177, 2376.2505555555554
973.4416416524775, 2449.0672222222224
973.7988601936299, 2436.931111111111
974.1560031775534, 2524.311111111111
974.5130705837252, 2419.9405555555554
974.8700623916237, 2485.4755555555557
975.2269785807267, 2395.6683333333335
975.5838191305116, 2400.5227777777777
975.940584020457, 2483.048333333333
976.2972732300401, 2424.795
976.6538867387394, 2473.3394444444443
977.0104245260326, 2461.2033333333334
977.366886571397, 2478.193888888889
977.7232728543113, 2427.222222222222
978.079583354253, 2417.5133333333333
978.4358180507, 2446.64
978.7919769231304, 2446.64
979.1480599510217, 2526.7383333333332
979.5040671138518, 2381.105
979.8599983910992, 2444.212777777778
980.2158537622412, 2424.795
980.5716332067559, 2410.2316666666666
980.9273367041209, 2429.6494444444443
981.2829642338144, 2434.503888888889
981.6385157753143, 2466.0577777777776
981.9939913080984, 2470.912222222222
982.3493908116445, 2468.485
982.7047142654303, 2458.7761111111113
983.0599616489342, 2470.912222222222
983.4151329416338, 2410.2316666666666
983.770228123007, 2461.2033333333334
984.1252471725317, 2468.485
984.4801900696855, 2444.212777777778
984.8350567939466, 2427.222222222222
985.189847324793, 2502.4661111111113
985.5445616417024, 2422.367777777778
985.8991997241528, 2385.9594444444447
986.2537615516217, 2427.222222222222
986.6082471035874, 2478.193888888889
986.9626563595276, 2417.5133333333333
987.3169892989204, 2407.8044444444445
987.6712459012435, 2432.076666666667
988.0254261459746, 2531.592777777778
988.3795300125918, 2497.6116666666667
988.733557480573, 2424.795
989.0875085293962, 2478.193888888889
989.4413831385392, 2378.677777777778
989.7951812874794, 2432.076666666667
990.1489029556951, 2395.6683333333335
990.5025481226647, 2407.8044444444445
990.8561167678653, 2419.9405555555554
991.2096088707751, 2478.193888888889
991.5630244108718, 2470.912222222222
991.9163633676334, 2422.367777777778
992.269625720538, 2444.212777777778
992.6228114490633, 2424.795
992.9759205326872, 2385.9594444444447
993.3289529508872, 2436.931111111111
993.6819086831417, 2461.2033333333334
994.0347877089287, 2422.367777777778
994.3875900077255, 2432.076666666667
994.7403155590106, 2461.2033333333334
995.0929643422612, 2390.813888888889
995.4455363369556, 2480.621111111111
995.7980315225718, 2432.076666666667
996.1504498785876, 2398.0955555555556
996.5027913844808, 2427.222222222222
996.8550560197291, 2444.212777777778
997.2072437638105, 2436.931111111111
997.5593545962032, 2514.6022222222223
997.9113884963849, 2483.048333333333
998.2633454438334, 2449.0672222222224
998.6152254180263, 2470.912222222222
998.967028398442, 2463.6305555555555
999.3187543645583, 2473.3394444444443
999.6704032958529, 2451.4944444444445
1000.0219751718037, 2483.048333333333
1000.3734699718887, 2427.222222222222
1000.7248876755855, 2427.222222222222
1001.0762282623723, 2364.1144444444444
1001.4274917117272, 2475.766666666667
1001.7786780031272, 2466.0577777777776
1002.1297871160513, 2502.4661111111113
1002.4808190299765, 2478.193888888889
1002.831773724381, 2432.076666666667
1003.1826511787431, 2429.6494444444443
1003.5334513725397, 2526.7383333333332
1003.8841742852499, 2456.3488888888887
1004.2348198963505, 2415.086111111111
1004.58538818532, 2388.3866666666668
1004.9358791316362, 2429.6494444444443
1005.2862927147766, 2429.6494444444443
1005.6366289142197, 2478.193888888889
1005.9868877094427, 2427.222222222222
1006.3370690799243, 2453.9216666666666
1006.6871730051417, 2517.0294444444444
1007.0371994645731, 2463.6305555555555
1007.387148437696, 2410.2316666666666
1007.7370199039891, 2487.902777777778
1008.0868138429296, 2441.7855555555557
1008.4365302339957, 2405.3772222222224
1008.7861690566647, 2407.8044444444445
1009.135730290415, 2371.396111111111
1009.4852139147247, 2487.902777777778
1009.8346199090714, 2456.3488888888887
1010.183948252933, 2485.4755555555557
1010.5331989257868, 2424.795
1010.8823719071117, 2463.6305555555555
1011.2314671763851, 2458.7761111111113
1011.5804847130852, 2444.212777777778
1011.9294244966892, 2444.212777777778
1012.2782865066753, 2466.0577777777776
1012.6270707225216, 2417.5133333333333
1012.9757771237059, 2424.795
1013.3244056897063, 2407.8044444444445
1013.6729564000002, 2427.222222222222
1014.0214292340655, 2415.086111111111
1014.3698241713803, 2371.396111111111
1014.7181411914225, 2441.7855555555557
1015.0663802736703, 2424.795
1015.414541397601, 2468.485
1015.7626245426926, 2485.4755555555557
1016.1106296884232, 2424.795
1016.4585568142705, 2398.0955555555556
1016.8064058997128, 2383.532222222222
1017.1541769242275, 2405.3772222222224
1017.5018698672923, 2487.902777777778
1017.8494847083857, 2378.677777777778
1018.1970214269853, 2502.4661111111113
1018.544480002569, 2538.8744444444446
1018.8918604146148, 2466.0577777777776
1019.2391626426003, 2468.485
1019.5863866660034, 2390.813888888889
1019.9335324643024, 2514.6022222222223
1020.2806000169747, 2470.912222222222
1020.6275893034986, 2449.0672222222224
1020.9745003033515, 2410.2316666666666
1021.3213329960116, 2497.6116666666667
1021.6680873609569, 2400.5227777777777
1022.0147633776651, 2485.4755555555557
1022.3613610256143, 2444.212777777778
1022.7078802842818, 2507.3205555555555
1023.054321133146, 2439.358333333333
1023.4006835516849, 2453.9216666666666
1023.7469675193759, 2429.6494444444443
1024.0931730156972, 2427.222222222222
1024.4393000201267, 2473.3394444444443
1024.785348512142, 2468.485
1025.1313184712212, 2475.766666666667
1025.4772098768424, 2502.4661111111113
1025.8230227084832, 2429.6494444444443
1026.1687569456215, 2422.367777777778
1026.5144125677348, 2410.2316666666666
1026.8599895543018, 2434.503888888889
1027.2054878848003, 2373.8233333333333
1027.5509075387072, 2458.7761111111113
1027.8962484955014, 2461.2033333333334
1028.2415107346603, 2507.3205555555555
1028.586694235662, 2475.766666666667
1028.9317989779845, 2480.621111111111
1029.2768249411054, 2468.485
1029.6217721045025, 2468.485
1029.9666404476538, 2468.485
