# FLAME spectrum data format
# Time of snapshot: 2021-02-08T18:31:48Eastern Standard Time
# Number of frames accumulated: 0
# Scan time per exposure [us]: 100000
# Wavelength [nm], Intensity [count]:
189.1861363086452, 2031.585
189.64926416366848, 1951.4866666666667
190.11235512512943, 2063.1388888888887
190.57540917250594, 1973.3316666666667
191.03842628527582, 2084.983888888889
191.50140644291702, 2009.74
191.9643496249074, 2065.5661111111112
192.4272558107249, 2111.6833333333334
192.89012497984731, 2109.2561111111113
193.35295711175254, 2121.3922222222222
193.81575218591854, 2089.838333333333
194.27851018182312, 2160.2277777777776
194.7412310789442, 2150.518888888889
195.20391485675964, 2186.927222222222
195.66656149474733, 2199.0633333333335
196.12917097238517, 2230.617222222222
196.59174326915107, 2237.898888888889
197.05427836452282, 2271.88
197.51677623797838, 2250.035
197.97923686899566, 2301.0066666666667
198.44166023705247, 2276.7344444444443
198.9040463216267, 2354.4055555555556
199.36639510219626, 2361.6872222222223
199.82870655823908, 2427.222222222222
200.29098066923297, 2405.3772222222224
200.7532174146558, 2373.8233333333333
201.21541677398554, 2402.95
201.6775787267, 2395.6683333333335
202.13970325227712, 2415.086111111111
202.60179033019475, 2436.931111111111
203.06383993993072, 2398.0955555555556
203.52585206096302, 2446.64
203.9878266727695, 2432.076666666667
204.44976375482798, 2422.367777777778
204.91166328661643, 2332.5605555555558
205.3735252476127, 2419.9405555555554
205.83534961729464, 2429.6494444444443
206.2971363751402, 2446.64
206.75888550062717, 2509.7477777777776
207.22059697323357, 2434.503888888889
207.68227077243716, 2410.2316666666666
208.14390687771592, 2434.503888888889
208.6055052685476, 2453.9216666666666
209.0670659244102, 2446.64
209.5285888247816, 2495.1844444444446
209.99007394913966, 2492.757222222222
210.4515212769622, 2446.64
210.9129307877272, 2373.8233333333333
211.3743024609125, 2415.086111111111
211.835636275996, 2458.7761111111113
212.29693221245557, 2446.64
212.7581902497691, 2415.086111111111
213.21941036741444, 2441.7855555555557
213.68059254486954, 2402.95
214.14173676161224, 2463.6305555555555
214.60284299712043, 2463.6305555555555
215.06391123087198, 2446.64
215.52494144234484, 2441.7855555555557
215.9859336110168, 2402.95
216.4468877163658, 2446.64
216.9078037378697, 2393.241111111111
217.36868165500644, 2385.9594444444447
217.82952144725382, 2436.931111111111
218.29032309408976, 2398.0955555555556
218.75108657499214, 2419.9405555555554
219.2118118694389, 2398.0955555555556
219.67249895690784, 2422.367777777778
220.13314781687689, 2429.6494444444443
220.5937584288239, 2478.193888888889
221.0543307722268, 2347.123888888889
221.51486482656347, 2439.358333333333
221.97536057131174, 2407.8044444444445
222.43581798594948, 2483.048333333333
222.8962370499547, 2439.358333333333
223.35661774280518, 2432.076666666667
223.81696004397878, 2434.503888888889
224.2772639329535, 2439.358333333333
224.73752938920714, 2456.3488888888887
225.1977563922176, 2424.795
225.65794492146279, 2388.3866666666668
226.1180949564205, 2446.64
226.57820647656874, 2439.358333333333
227.03827946138532, 2429.6494444444443
227.4983138903481, 2446.64
227.95830974293503, 2381.105
228.418266998624, 2444.212777777778
228.87818563689282, 2415.086111111111
229.33806563721944, 2400.5227777777777
229.79790697908172, 2463.6305555555555
230.25770964195752, 2410.2316666666666
230.71747360532476, 2475.766666666667
231.1771988486613, 2417.5133333333333
231.63688535144504, 2468.485
232.09653309315385, 2359.26
232.5561420532656, 2478.193888888889
233.01571221125823, 2400.5227777777777
233.4752435466096, 2463.6305555555555
233.93473603879755, 2449.0672222222224
234.3941896673, 2449.0672222222224
234.85360441159483, 2444.212777777778
235.31298025115996, 2468.485
235.77231716547317, 2378.677777777778
236.23161513401246, 2419.9405555555554
236.69087413625567, 2424.795
237.15009415168063, 2398.0955555555556
237.60927515976533, 2458.7761111111113
238.0684171399876, 2390.813888888889
238.52752007182528, 2395.6683333333335
238.9865839347563, 2470.912222222222
239.44560870825856, 2439.358333333333
239.90459437180988, 2390.813888888889
240.36354090488823, 2492.757222222222
240.82244828697142, 2427.222222222222
241.28131649753738, 2402.95
241.740145516064, 2439.358333333333
242.1989353220291, 2400.5227777777777
242.65768589491063, 2524.311111111111
243.1163972141864, 2449.0672222222224
243.5750692593344, 2451.4944444444445
244.03370200983244, 2458.7761111111113
244.49229544515842, 2497.6116666666667
244.95084954479023, 2468.485
245.40936428820572, 2390.813888888889
245.8678396548828, 2436.931111111111
246.3262756242994, 2463.6305555555555
246.7846721759333, 2502.4661111111113
247.2430292892625, 2400.5227777777777
247.7013469437648, 2449.0672222222224
248.15962511891811, 2415.086111111111
248.61786379420033, 2383.532222222222
249.0760629490893, 2412.6588888888887
249.53422256306294, 2487.902777777778
249.9923426155991, 2453.9216666666666
250.4504230861757, 2436.931111111111
250.90846395427067, 2466.0577777777776
251.3664651993618, 2441.7855555555557
251.82442680092703, 2444.212777777778
252.2823487384442, 2456.3488888888887
252.7402309913912, 2424.795
253.19807353924597, 2439.358333333333
253.65587636148632, 2461.2033333333334
254.1136394375902, 2407.8044444444445
254.57136274703547, 2429.6494444444443
255.02904626929998, 2461.2033333333334
255.48668998386165, 2497.6116666666667
255.94429387019835, 2398.0955555555556
256.401857907788, 2395.6683333333335
256.8593820761084, 2405.3772222222224
257.3168663546375, 2427.222222222222
257.77431072285316, 2395.6683333333335
258.2317151602333, 2371.396111111111
258.6890796462558, 2412.6588888888887
259.14640416039845, 2470.912222222222
259.6036886821393, 2415.086111111111
260.0609331909561, 2388.3866666666668
260.51813766632677, 2453.9216666666666
260.9753020877292, 2466.0577777777776
261.4324264346412, 2485.4755555555557
261.8895106865408, 2490.33
262.3465548229058, 2449.0672222222224
262.8035588232141, 2407.8044444444445
263.26052266694353, 2483.048333333333
263.717446333572, 2415.086111111111
264.1743298025776, 2461.2033333333334
264.6311730534378, 2400.5227777777777
265.0879760656308, 2439.358333333333
265.5447388186344, 2436.931111111111
266.00146129192643, 2456.3488888888887
266.4581434649849, 2456.3488888888887
266.91478531728757, 2405.3772222222224
267.3713868283124, 2458.7761111111113
267.82794797753724, 2565.573888888889
268.28446874443995, 2415.086111111111
268.7409491084984, 2444.212777777778
269.19738904919063, 2446.64
269.6537885459943, 2492.757222222222
270.1101475783875, 2385.9594444444447
270.56646612584797, 2417.5133333333333
271.0227441678536, 2393.241111111111
271.4789816838824, 2449.0672222222224
271.93517865341204, 2456.3488888888887
272.3913350559207, 2446.64
272.84745087088595, 2458.7761111111113
273.3035260777859, 2514.6022222222223
273.7595606560983, 2453.9216666666666
274.2155545853011, 2463.6305555555555
274.6715078448722, 2434.503888888889
275.1274204142894, 2463.6305555555555
275.58329227303074, 2444.212777777778
276.0391234005739, 2466.0577777777776
276.4949137763969, 2417.5133333333333
276.9506633799776, 2432.076666666667
277.4063721907939, 2466.0577777777776
277.8620401883236, 2475.766666666667
278.3176673520446, 2468.485
278.773253661435, 2366.5416666666665
279.22879909597236, 2466.0577777777776
279.68430363513477, 2468.485
280.1397672584, 2497.6116666666667
280.595189945246, 2410.2316666666666
281.05057167515076, 2504.8933333333334
281.5059124275919, 2483.048333333333
281.9612121820476, 2439.358333333333
282.4164709179954, 2453.9216666666666
282.87168861491347, 2507.3205555555555
283.3268652522797, 2429.6494444444443
283.78200080957174, 2470.912222222222
284.2370952662677, 2463.6305555555555
284.6921486018453, 2470.912222222222
285.14716079578255, 2449.0672222222224
285.60213182755723, 2449.0672222222224
286.0570616766474, 2470.912222222222
286.5119503225307, 2383.532222222222
286.9667977446852, 2407.8044444444445
287.4216039225886, 2526.7383333333332
287.87636883571895, 2458.7761111111113
288.33109246355417, 2490.33
288.785774785572, 2451.4944444444445
289.2404157812505, 2468.485
289.6950154300672, 2429.6494444444443
290.14957371150035, 2453.9216666666666
290.60409060502775, 2388.3866666666668
291.05856609012716, 2436.931111111111
291.51300014627657, 2453.9216666666666
291.96739275295386, 2429.6494444444443
292.42174388963684, 2422.367777777778
292.8760535358034, 2463.6305555555555
293.3303216709316, 2487.902777777778
293.7845482744991, 2485.4755555555557
294.2387333259839, 2434.503888888889
294.6928768048639, 2461.2033333333334
295.14697869061683, 2393.241111111111
295.6010389627208, 2444.212777777778
296.05505760065347, 2449.0672222222224
296.50903458389297, 2538.8744444444446
296.9629698919169, 2436.931111111111
297.4168635042034, 2451.4944444444445
297.8707154002302, 2480.621111111111
298.32452555947515, 2463.6305555555555
298.7782939614164, 2500.038888888889
299.2320205855315, 2400.5227777777777
299.6857054112985, 2422.367777777778
300.1393484181953, 2466.0577777777776
300.5929495856997, 2514.6022222222223
301.0465088932897, 2456.3488888888887
301.50002632044306, 2458.7761111111113
301.9535018466377, 2417.5133333333333
302.40693545135156, 2356.8327777777777
302.8603271140625, 2400.5227777777777
303.31367681424837, 2517.0294444444444
303.7669845313871, 2424.795
304.2202502449565, 2458.7761111111113
304.6734739344345, 2451.4944444444445
305.12665557929904, 2492.757222222222
305.57979515902787, 2449.0672222222224
306.03289265309905, 2393.241111111111
306.4859480409903, 2429.6494444444443
306.93896130217956, 2490.33
307.39193241614487, 2402.95
307.8448613623638, 2419.9405555555554
308.2977481203145, 2519.4566666666665
308.75059266947466, 2429.6494444444443
309.20339498932225, 2480.621111111111
309.6561550593353, 2436.931111111111
310.10887285899145, 2453.9216666666666
310.56154836776875, 2456.3488888888887
311.01418156514495, 2444.212777777778
311.46677243059804, 2495.1844444444446
311.9193209436059, 2507.3205555555555
312.37182708364634, 2383.532222222222
312.8242908301973, 2400.5227777777777
313.27671216273677, 2456.3488888888887
313.7290910607424, 2546.156111111111
314.1814275036922, 2439.358333333333
314.63372147106406, 2470.912222222222
315.08597294233584, 2410.2316666666666
315.53818189698546, 2449.0672222222224
315.99034831449075, 2478.193888888889
316.44247217432957, 2492.757222222222
316.8945534559799, 2432.076666666667
317.3465921389196, 2487.902777777778
317.7985882026266, 2497.6116666666667
318.2505416265786, 2429.6494444444443
318.7024523902536, 2490.33
319.1543204731295, 2441.7855555555557
319.6061458546842, 2502.4661111111113
320.0579285143956, 2444.212777777778
320.50966843174143, 2502.4661111111113
320.9613655861997, 2461.2033333333334
321.4130199572483, 2480.621111111111
321.86463152436505, 2388.3866666666668
322.3162002670279, 2417.5133333333333
322.76772616471476, 2417.5133333333333
323.2192091969033, 2485.4755555555557
323.6706493430717, 2500.038888888889
324.1220465826977, 2478.193888888889
324.5734008952591, 2424.795
325.0247122602339, 2429.6494444444443
325.4759806571, 2497.6116666666667
325.9272060653352, 2470.912222222222
326.3783884644174, 2463.6305555555555
326.8295278338246, 2441.7855555555557
327.2806241530346, 2507.3205555555555
327.7316774015252, 2405.3772222222224
328.1826875587743, 2480.621111111111
328.63365460425996, 2451.4944444444445
329.08457851745993, 2480.621111111111
329.5354592778521, 2502.4661111111113
329.9862968649143, 2475.766666666667
330.4370912581245, 2456.3488888888887
330.88784243696057, 2495.1844444444446
331.3385503809005, 2495.1844444444446
331.78921506942197, 2461.2033333333334
332.2398364820029, 2453.9216666666666
332.69041459812127, 2463.6305555555555
333.1409493972549, 2410.2316666666666
333.59144085888175, 2424.795
334.0418889624796, 2495.1844444444446
334.49229368752646, 2451.4944444444445
334.94265501350003, 2432.076666666667
335.3929729198783, 2439.358333333333
335.8432473861392, 2456.3488888888887
336.29347839176063, 2570.4283333333333
336.7436659162204, 2441.7855555555557
337.19380993899625, 2470.912222222222
337.6439104395663, 2458.7761111111113
338.0939673974084, 2439.358333333333
338.5439807920004, 2451.4944444444445
338.9939506028201, 2495.1844444444446
339.4438768093455, 2485.4755555555557
339.89375939105446, 2424.795
340.34359832742473, 2473.3394444444443
340.7933935979344, 2422.367777777778
341.24314518206126, 2478.193888888889
341.69285305928315, 2531.592777777778
342.14251720907805, 2432.076666666667
342.5921376109237, 2432.076666666667
343.0417142442982, 2490.33
343.4912470886792, 2546.156111111111
343.9407361235448, 2480.621111111111
344.39018132837265, 2441.7855555555557
344.8395826826408, 2427.222222222222
345.2889401658271, 2436.931111111111
345.73825375740944, 2463.6305555555555
346.1875234368658, 2436.931111111111
346.63674918367377, 2441.7855555555557
347.0859309773115, 2512.175
347.53506879725677, 2434.503888888889
347.9841626229875, 2441.7855555555557
348.4332124339816, 2517.0294444444444
348.8822182097168, 2504.8933333333334
349.33117992967124, 2495.1844444444446
349.78009757332256, 2427.222222222222
350.2289711201488, 2461.2033333333334
350.67780054962776, 2463.6305555555555
351.1265858412374, 2405.3772222222224
351.5753269744555, 2429.6494444444443
352.02402392876, 2478.193888888889
352.47267668362883, 2480.621111111111
352.92128521853977, 2514.6022222222223
353.36984951297086, 2480.621111111111
353.81836954639977, 2439.358333333333
354.26684529830453, 2487.902777777778
354.715276748163, 2563.1466666666665
355.1636638754531, 2483.048333333333
355.61200665965265, 2417.5133333333333
356.0603050802395, 2497.6116666666667
356.50855911669163, 2444.212777777778
356.9567687484869, 2458.7761111111113
357.4049339551032, 2461.2033333333334
357.85305471601833, 2536.447222222222
358.30113101071026, 2424.795
358.7491628186568, 2529.1655555555553
359.1971501193359, 2483.048333333333
359.64509289222553, 2456.3488888888887
360.0929911168034, 2492.757222222222
360.5408447725474, 2422.367777777778
360.98865383893553, 2470.912222222222
361.4364182954456, 2451.4944444444445
361.88413812155545, 2502.4661111111113
362.3318132967432, 2504.8933333333334
362.7794438004865, 2563.1466666666665
363.2270296122632, 2441.7855555555557
363.6745707115514, 2432.076666666667
364.1220670778288, 2436.931111111111
364.5695186905733, 2502.4661111111113
365.01692552926295, 2473.3394444444443
365.46428757337543, 2475.766666666667
365.9116048023887, 2495.1844444444446
366.3588771957806, 2419.9405555555554
366.80610473302926, 2436.931111111111
367.25328739361225, 2432.076666666667
367.7004251570076, 2395.6683333333335
368.14751800269306, 2434.503888888889
368.59456591014674, 2478.193888888889
369.0415688588464, 2483.048333333333
369.4885268282698, 2529.1655555555553
369.9354397978952, 2456.3488888888887
370.3823077472, 2436.931111111111
370.82913065566237, 2473.3394444444443
371.2759085027602, 2446.64
371.7226412679713, 2436.931111111111
372.1693289307736, 2502.4661111111113
372.615971470645, 2502.4661111111113
373.0625688670632, 2417.5133333333333
373.5091210995062, 2473.3394444444443
373.95562814745205, 2478.193888888889
374.4020899903785, 2446.64
374.8485066077633, 2475.766666666667
375.29487797908456, 2449.0672222222224
375.74120408382, 2441.7855555555557
376.1874849014476, 2531.592777777778
376.6337204114452, 2449.0672222222224
377.07991059329066, 2424.795
377.52605542646194, 2434.503888888889
377.9721548904368, 2509.7477777777776
378.41820896469335, 2451.4944444444445
378.8642176287092, 2487.902777777778
379.31018086196246, 2466.0577777777776
379.75609864393084, 2475.766666666667
380.2019709540923, 2451.4944444444445
380.64779777192473, 2456.3488888888887
381.093579076906, 2449.0672222222224
381.5393148485141, 2439.358333333333
381.98500506622673, 2487.902777777778
382.43064970952184, 2451.4944444444445
382.87624875787736, 2439.358333333333
383.32180219077117, 2478.193888888889
383.76730998768113, 2521.883888888889
384.2127721280851, 2449.0672222222224
384.658188591461, 2441.7855555555557
385.1035593572866, 2439.358333333333
385.54888440504004, 2473.3394444444443
385.994163714199, 2500.038888888889
386.4393972642414, 2478.193888888889
386.8845850346451, 2446.64
387.32972700488807, 2526.7383333333332
387.77482315444814, 2529.1655555555553
388.2198734628032, 2407.8044444444445
388.66487790943114, 2483.048333333333
389.1098364738098, 2512.175
389.55474913541707, 2492.757222222222
389.99961587373093, 2461.2033333333334
390.44443666822923, 2497.6116666666667
390.8892114983898, 2495.1844444444446
391.3339403436905, 2451.4944444444445
391.7786231836093, 2398.0955555555556
392.2232599976239, 2432.076666666667
392.6678507652125, 2419.9405555555554
393.11239546585284, 2458.7761111111113
393.55689407902264, 2427.222222222222
394.0013465841999, 2449.0672222222224
394.4457529608626, 2470.912222222222
394.89011318848856, 2521.883888888889
395.3344272465556, 2521.883888888889
395.77869511454173, 2458.7761111111113
396.22291677192464, 2458.7761111111113
396.6670921981824, 2470.912222222222
397.1112213727928, 2422.367777777778
397.55530427523377, 2470.912222222222
397.99934088498316, 2478.193888888889
398.4433311815189, 2492.757222222222
398.8872751443188, 2407.8044444444445
399.33117275286077, 2470.912222222222
399.7750239866227, 2466.0577777777776
400.2188288250826, 2570.4283333333333
400.6625872477181, 2480.621111111111
401.1062992340072, 2497.6116666666667
401.5499647634279, 2466.0577777777776
401.99358381545795, 2580.137222222222
402.43715636957535, 2432.076666666667
402.8806824052578, 2436.931111111111
403.3241619019833, 2463.6305555555555
403.7675948392297, 2526.7383333333332
404.2109811964749, 2470.912222222222
404.6543209531968, 2470.912222222222
405.0976140888734, 2531.592777777778
405.5408605829823, 2461.2033333333334
405.9840604150016, 2453.9216666666666
406.4272135644091, 2456.3488888888887
406.87032001068275, 2500.038888888889
407.3133797333004, 2538.8744444444446
407.7563927117399, 2461.2033333333334
408.1993589254791, 2553.4377777777777
408.64227835399595, 2453.9216666666666
409.08515097676843, 2480.621111111111
409.52797677327436, 2422.367777777778
409.97075572299144, 2441.7855555555557
410.4134878053977, 2468.485
410.856172999971, 2524.311111111111
411.2988112861894, 2500.038888888889
411.74140264353053, 2475.766666666667
412.18394705147244, 2509.7477777777776
412.6264444894928, 2487.902777777778
413.0688949370698, 2468.485
413.5112983736811, 2490.33
413.9536547788046, 2415.086111111111
414.39596413191833, 2475.766666666667
414.83822641250003, 2521.883888888889
415.2804416000276, 2497.6116666666667
415.722609673979, 2475.766666666667
416.16473061383203, 2461.2033333333334
416.6068043990647, 2449.0672222222224
417.0488310091547, 2514.6022222222223
417.49081042358, 2560.7194444444444
417.93274262181853, 2492.757222222222
418.37462758334823, 2495.1844444444446
418.8164652876469, 2487.902777777778
419.25825571419233, 2463.6305555555555
419.6999988424625, 2456.3488888888887
420.1416946519353, 2470.912222222222
420.58334312208865, 2473.3394444444443
421.02494423240046, 2497.6116666666667
421.46649796234846, 2427.222222222222
421.9080042914106, 2502.4661111111113
422.34946319906476, 2422.367777777778
422.7908746647889, 2475.766666666667
423.2322386680608, 2458.7761111111113
423.6735551883584, 2521.883888888889
424.1148242051596, 2514.6022222222223
424.55604569794224, 2514.6022222222223
424.99721964618425, 2473.3394444444443
425.43834602936346, 2526.7383333333332
425.87942482695786, 2514.6022222222223
426.32045601844516, 2449.0672222222224
426.7614395833034, 2526.7383333333332
427.20237550101035, 2563.1466666666665
427.643263751044, 2463.6305555555555
428.0841043128821, 2478.193888888889
428.5248971660027, 2521.883888888889
428.96564228988353, 2439.358333333333
429.4063396640026, 2449.0672222222224
429.8469892678377, 2461.2033333333334
430.2875910808667, 2439.358333333333
430.72814508256766, 2514.6022222222223
431.1686512524183, 2512.175
431.6091095698964, 2507.3205555555555
432.04952001448015, 2470.912222222222
432.48988256564724, 2439.358333333333
432.93019720287555, 2395.6683333333335
433.37046390564296, 2524.311111111111
433.8106826534275, 2507.3205555555555
434.2508534257068, 2504.8933333333334
434.690976201959, 2449.0672222222224
435.13105096166186, 2582.5644444444442
435.57107768429324, 2487.902777777778
436.011056349331, 2502.4661111111113
436.4509869362532, 2536.447222222222
436.8908694245375, 2487.902777777778
437.330703793662, 2434.503888888889
437.7704900231044, 2458.7761111111113
438.2102280923426, 2519.4566666666665
438.64991798085464, 2531.592777777778
439.0895596681183, 2478.193888888889
439.52915313361143, 2485.4755555555557
439.968698356812, 2497.6116666666667
440.4081953171978, 2563.1466666666665
440.84764399424677, 2495.1844444444446
441.28704436743686, 2449.0672222222224
441.7263964162458, 2521.883888888889
442.1657001201515, 2492.757222222222
442.604955458632, 2521.883888888889
443.044162411165, 2551.0105555555556
443.48332095722856, 2439.358333333333
443.92243107630037, 2538.8744444444446
444.36149274785845, 2466.0577777777776
444.80050595138067, 2466.0577777777776
445.2394706663448, 2534.02
445.67838687222894, 2512.175
446.11725454851074, 2485.4755555555557
446.5560736746682, 2575.282777777778
446.99484423017924, 2517.0294444444444
447.4335661945217, 2487.902777777778
447.8722395471734, 2529.1655555555553
448.3108642676124, 2517.0294444444444
448.74944033531636, 2517.0294444444444
449.18796772976333, 2531.592777777778
449.6264464304311, 2492.757222222222
450.0648764167976, 2543.728888888889
450.5032576683408, 2517.0294444444444
450.94159016453835, 2468.485
451.37987388486823, 2529.1655555555553
451.8181088088085, 2548.5833333333335
452.25629491583686, 2483.048333333333
452.6944321854313, 2536.447222222222
453.1325205970696, 2521.883888888889
453.5705601302296, 2495.1844444444446
454.00855076438944, 2529.1655555555553
454.44649247902674, 2466.0577777777776
454.8843852536195, 2463.6305555555555
455.32222906764554, 2509.7477777777776
455.76002390058284, 2536.447222222222
456.19776973190926, 2514.6022222222223
456.63546654110263, 2541.3016666666667
457.07311430764076, 2524.311111111111
457.5107130110018, 2568.001111111111
457.9482626306634, 2546.156111111111
458.38576314610356, 2536.447222222222
458.82321453680004, 2475.766666666667
459.2606167822308, 2560.7194444444444
459.69796986187373, 2495.1844444444446
460.13527375520675, 2570.4283333333333
460.5725284417076, 2502.4661111111113
461.0097339008544, 2434.503888888889
461.44689011212483, 2470.912222222222
461.8839970549969, 2483.048333333333
462.3210547089484, 2500.038888888889
462.7580630534572, 2514.6022222222223
463.1950220680013, 2500.038888888889
463.63193173205855, 2558.2922222222223
464.0687920251067, 2529.1655555555553
464.5056029266238, 2470.912222222222
464.9423644160876, 2507.3205555555555
465.3790764729762, 2524.311111111111
465.8157390767672, 2538.8744444444446
466.2523522069386, 2417.5133333333333
466.6889158429684, 2466.0577777777776
467.12542996433433, 2521.883888888889
467.5618945505144, 2502.4661111111113
467.9983095809864, 2504.8933333333334
468.4346750352282, 2512.175
468.8709908927178, 2531.592777777778
469.30725713293293, 2553.4377777777777
469.7434737353516, 2587.418888888889
470.1796406794516, 2604.4094444444445
470.6157579447109, 2519.4566666666665
471.05182551060733, 2563.1466666666665
471.4878433566188, 2633.536111111111
471.9238114622231, 2592.2733333333335
472.35972980689826, 2551.0105555555556
472.7955983701221, 2553.4377777777777
473.23141713137244, 2565.573888888889
473.66718607012734, 2512.175
474.1029051658645, 2546.156111111111
474.53857439806194, 2568.001111111111
474.97419374619733, 2667.5172222222222
475.4097631897488, 2575.282777777778
475.84528270819413, 2640.817777777778
476.28075228101125, 2682.0805555555557
476.71617188767794, 2621.4
477.15154150767216, 2655.3811111111113
477.5868611204718, 2730.625
478.0221307055547, 2711.2072222222223
478.4573502423987, 2730.625
478.89251971048185, 2750.0427777777777
479.3276390892819, 2728.197777777778
479.76270835827677, 2764.606111111111
480.19772749694437, 2764.606111111111
480.6326964847625, 2793.7327777777778
481.0676153012091, 2837.422777777778
481.50248392576214, 2793.7327777777778
481.9373023378993, 2859.2677777777776
482.3720705170987, 2902.9577777777777
482.80678844283807, 3000.0466666666666
483.2414560945953, 2924.802777777778
483.6760734518483, 2961.211111111111
484.110640494075, 2849.5588888888888
484.5451572007532, 3060.7272222222223
484.9796235513608, 3051.0183333333334
485.41403952537576, 3046.163888888889
485.8484051022759, 3065.5816666666665
486.2827202615391, 3135.971111111111
486.7169849826432, 3182.088333333333
487.1511992450663, 3109.2716666666665
487.585363028286, 3242.768888888889
488.01947631178035, 3247.6233333333334
488.4535390750272, 3361.7027777777776
488.88755129750444, 3446.6555555555556
489.32151295868994, 3434.5194444444446
489.75542403806156, 3541.3172222222224
490.1892845150972, 3587.4344444444446
490.6230943692748, 3657.823888888889
491.05685358007213, 3672.387222222222
491.4905621269672, 3776.757777777778
491.9242199894378, 3922.391111111111
492.3578271469619, 4014.6255555555554
492.7913835790173, 3966.081111111111
493.2248892650819, 4099.578333333333
493.65834418463356, 4211.230555555556
494.09174831715035, 4225.793888888889
494.52510164210986, 4388.417777777778
494.9584041389902, 4485.506666666667
495.3916557872692, 4541.332777777778
495.8248565664246, 4718.52
496.25800645593455, 4818.0361111111115
496.69110543527665, 5017.068333333334
497.124153483929, 5080.176111111111
497.5571505813694, 5126.293333333333
497.99009670707574, 5303.480555555556
498.42299184052587, 5361.733888888889
498.8558359611977, 5679.7
499.28862904856913, 5919.995
499.72137108211814, 5919.995
500.15406204132233, 6128.736111111111
500.5867019056598, 6453.983888888889
501.01929065460854, 6473.401666666667
501.45182826764614, 6713.696666666667
501.8843147242507, 6956.418888888889
502.3167500039, 7259.821666666667
502.749134086072, 7466.135555555556
503.1814669502445, 7563.224444444444
503.6137485758955, 7830.218888888889
504.04597894250264, 8204.011111111111
504.4781580295442, 8519.55
504.9102858164977, 8677.319444444445
505.3423622828412, 8818.098333333333
505.7743874080526, 9213.735555555555
506.20636117160956, 9555.97388888889
506.63828355299034, 9805.977777777778
507.07015453167253, 10126.371111111112
507.50197408713404, 10279.28611111111
507.93374219885294, 10662.787222222221
508.36545884630686, 10963.762777777778
508.7971240089739, 11386.099444444444
509.2287376663318, 11677.36611111111
509.66029979785856, 11922.515555555556
510.0918103830321, 12264.753888888888
510.5232694013299, 12458.931666666667
510.9546768322305, 12810.878888888888
511.3860326552112, 13145.835555555555
511.81733684975023, 13565.745
512.2485893953253, 13920.119444444445
512.6797902714144, 14191.968333333334
513.1109394574953, 14378.864444444445
513.5420369330461, 14759.938333333334
513.9730826775443, 15240.528333333334
514.4040766704684, 15184.702222222222
514.8350188912955, 15592.475555555555
515.2659093195042, 15570.630555555555
515.6967479345718, 16026.948333333334
516.1275347159767, 15922.577777777778
516.5582696431964, 16313.360555555555
516.9889526957089, 16337.632777777777
517.4195838529922, 16883.757777777777
517.8501630945242, 16699.28888888889
518.2806903997824, 16895.893888888888
518.7111657482452, 17065.799444444445
519.1415891193901, 17359.493333333332
519.5719604926952, 17114.34388888889
520.0022798476382, 17366.775
520.4325471636973, 17395.90166666667
520.8627624203501, 17437.164444444443
521.2929255970745, 17459.009444444444
521.7230366733485, 17378.911111111112
522.1530956286498, 17442.018888888888
522.5831024424566, 17272.113333333335
523.0130570942465, 16803.659444444445
523.4429595634975, 17060.945
523.8728098296876, 16934.729444444445
524.3026078722943, 16912.884444444444
524.732353670796, 16614.33611111111
525.1620472046701, 16675.016666666666
525.5916884533947, 16420.158333333333
526.0212773964479, 16298.797222222222
526.4508140133071, 15905.587222222222
526.8802982834507, 15691.991666666667
527.3097301863561, 15495.386666666667
527.7391097015015, 15405.579444444444
528.168436808365, 15043.923333333334
528.5977114864237, 14653.140555555556
529.0269337151562, 14735.666111111112
529.4561034740402, 14458.962777777779
529.8852207425534, 14092.452222222222
530.314285500174, 13975.945555555556
530.7432977263796, 13677.397222222222
531.1722574006484, 13344.867777777778
531.6011645024578, 13424.96611111111
532.030019011286, 13340.013333333334
532.458820906611, 12966.221111111112
532.8875701679102, 12752.625555555556
533.3162667746622, 12437.086666666666
533.7449107063443, 12276.89
534.1735019424347, 12109.411666666667
534.602040462411, 12024.458888888888
535.0305262457513, 11640.957777777778
535.4589592719335, 11386.099444444444
535.8873395204353, 11383.672222222222
536.3156669707347, 11099.687222222223
536.7439416023096, 10762.303333333333
537.1721633946379, 10551.135
537.6003323271975, 10490.454444444444
538.028448379466, 10194.333333333334
538.4565115309218, 10022.000555555556
538.8845217610424, 10014.718888888889
539.3124790493057, 9888.503333333334
539.7403833751898, 9670.053333333333
540.1682347181724, 9492.86611111111
540.5960330577315, 9187.03611111111
541.0237783733447, 9165.191111111111
541.4514706444902, 8956.45
541.8791098506459, 8895.769444444444
542.3066959712894, 8679.746666666666
542.7342289858989, 8594.79388888889
543.1617088739521, 8478.287222222221
543.5891356149269, 8383.625555555556
544.0165091883014, 8085.077222222222
544.4438295735529, 8007.406111111111
544.8710967501598, 8007.406111111111
545.2983106976, 7924.8805555555555
545.7254713953512, 7728.275555555556
546.1525788228913, 7621.477777777778
546.5796329596982, 7670.022222222222
547.0066337852497, 7325.356666666667
547.4335812790239, 7279.239444444444
547.8604754204986, 7337.4927777777775
548.2873161891516, 7089.916111111111
548.7141035644607, 6890.883888888889
549.140837525904, 6883.602222222222
549.5675180529594, 6611.753333333333
549.9941451251045, 6606.898888888889
550.4207187218174, 6643.307222222223
550.847238822576, 6436.993333333333
551.2737054068582, 6420.002777777778
551.7001184541417, 6167.571666666667
552.1264779439044, 6043.783333333334
552.5527838556245, 6138.445
552.9790361687795, 6046.210555555555
553.4052348628476, 6017.083888888889
553.8313799173064, 5871.450555555555
554.2574713116339, 5903.004444444445
554.6835090253081, 5735.526111111111
555.1094930378068, 5645.718888888889
555.5354233286079, 5558.3388888888885
555.961299877189, 5475.8133333333335
556.3871226630284, 5453.968333333333
556.8128916656038, 5383.578888888889
557.2386068643932, 5422.414444444445
557.6642682388743, 5354.452222222222
558.0898757685251, 5313.189444444444
558.5154294328235, 5276.781111111111
558.9409292112473, 5213.673333333333
559.3663750832743, 5213.673333333333
559.7917670283828, 5223.3822222222225
560.2171050260499, 5119.011666666666
560.6423890557544, 5043.767777777778
561.0676190969735, 5051.049444444445
561.4927951291855, 5085.030555555555
561.9179171318682, 4983.087222222222
562.3429850844992, 4939.397222222222
562.7679989665568, 5019.495555555555
563.1929587575185, 5065.612777777777
563.6178644368624, 4985.514444444444
564.0427159840664, 5070.4672222222225
564.4675133786083, 4902.988888888889
564.892256599966, 5046.195
565.3169456276173, 5199.11
565.7415804410404, 5136.002222222222
566.1661610197128, 5070.4672222222225
566.5906873431126, 5085.030555555555
567.0151593907176, 5097.166666666667
567.4395771420056, 5199.11
567.8639405764549, 5245.227222222222
568.2882496735427, 5347.170555555555
568.7125044127475, 5475.8133333333335
569.136704773547, 5434.550555555556
569.560850735419, 5563.193333333334
569.9849422778414, 5521.930555555556
570.408979380292, 5873.877777777778
570.8329620222488, 5822.906111111111
571.2568901831899, 5917.567777777777
571.6807638425926, 6065.628333333333
572.1045829799353, 6131.163333333333
572.5283475746957, 6230.679444444444
572.9520576063518, 6572.917777777778
573.3757130543813, 6679.7155555555555
573.7993138982621, 6917.583333333333
574.2228601174724, 6941.855555555556
574.6463516914896, 7179.723333333333
575.069788599792, 7177.296111111111
575.4931708218572, 7521.961666666667
575.916498337163, 7660.3133333333335
576.3397711251878, 7769.538333333333
576.7629891654091, 8024.3966666666665
577.1861524373047, 8240.419444444444
577.6092609203528, 8383.625555555556
578.0323145940308, 8599.648333333333
578.4553134378172, 8881.20611111111
578.8782574311896, 9102.083333333334
579.3011465536257, 9257.425555555556
579.7239807846037, 9315.67888888889
580.146760103601, 9538.983333333334
580.5694844900961, 9738.015555555556
580.9921539235664, 9801.123333333333
581.4147683834901, 9932.193333333333
581.8373278493451, 10145.788888888888
582.2598323006089, 10471.036666666667
582.6822817167598, 10551.135
583.1046760772754, 10670.068888888889
583.5270153616337, 10701.622777777779
583.9492995493126, 10570.552777777777
584.3715286197901, 10791.43
584.7937025525439, 10946.772222222222
585.2158213270517, 10978.326111111111
585.6378849227918, 11012.307222222222
586.059893319242, 11330.273333333333
586.4818464958798, 11092.405555555555
586.9037444321838, 11354.545555555556
587.3255871076311, 11398.235555555555
587.7473745017, 11352.118333333334
588.1691065938684, 11080.269444444444
588.590783363614, 11000.17111111111
589.0124047904148, 11058.424444444445
589.4339708537487, 10866.673888888889
589.8554815330937, 10900.655
590.2769368079274, 10992.889444444445
590.6983366577279, 10745.312777777777
591.1196810619729, 10633.660555555556
591.5409700001403, 10517.153888888888
591.9622034517083, 10403.074444444444
592.3833813961545, 10429.773888888889
592.8045038129568, 10403.074444444444
593.2255706815931, 10187.051666666666
593.6465819815413, 10094.817222222222
594.0675376922794, 10179.77
594.488437793285, 9924.911666666667
594.9092822640364, 9830.25
595.3300710840113, 9774.423888888889
595.7508042326872, 9660.344444444445
596.1714816895425, 9500.147777777778
596.5921034340548, 9420.049444444445
597.0126694457022, 9393.35
597.4331797039623, 9140.91888888889
597.8536341883132, 9225.871666666666
598.2740328782329, 8941.886666666667
598.6943757531989, 8924.896111111111
599.1146627926894, 8946.74111111111
599.5348939761823, 8835.08888888889
599.9550692831551, 8735.572777777777
600.3751886930862, 8716.155
600.795252185453, 8614.211666666666
601.2152597397338, 8611.784444444444
601.6352113354062, 8517.122777777779
602.0551069519482, 8267.118888888888
602.4749465688378, 8296.245555555555
602.8947301655527, 8318.090555555556
603.3144577215706, 8313.236111111111
603.7341292163699, 8235.565
604.153744629428, 8126.34
604.5733039402232, 8281.682222222222
604.9928071282329, 8116.631111111111
605.4122541729356, 8070.513888888889
605.8316450538086, 8007.406111111111
606.2509797503302, 8007.406111111111
606.670258241978, 7924.8805555555555
607.0894805082299, 7788.956111111111
607.5086465285641, 7657.886111111111
607.9277562824581, 7694.294444444445
608.3468097493899, 7655.458888888889
608.7658069088376, 7594.778333333334
609.1847477402787, 7434.581666666667
609.6036322231914, 7330.211111111111
610.0224603370534, 7155.4511111111115
610.4412320613428, 7111.761111111111
610.8599473755373, 7094.770555555556
611.2786062591147, 7102.052222222223
611.6972086915533, 6997.681666666666
612.1157546523305, 6881.175
612.5342441209243, 6869.038888888889
612.952677076813, 6752.532222222222
613.3710534994736, 6538.9366666666665
613.789373368385, 6553.5
614.2076366630243, 6378.74
614.62584336287, 6349.613333333334
615.0439934473997, 6286.5055555555555
615.4620868960909, 6072.91
615.8801236884221, 5992.8116666666665
616.298103803871, 5949.121666666667
616.7160272219153, 5818.051666666666
617.1338939220329, 5839.8966666666665
617.5517038837019, 5752.516666666666
617.9694570864001, 5609.310555555556
618.3871535096054, 5504.94
618.8047931327956, 5589.892777777778
619.2223759354484, 5514.648888888889
619.6399018970421, 5359.306666666666
620.0573709970545, 5393.287777777778
620.4747832149632, 5395.715
620.8921385302463, 5223.3822222222225
621.3094369223816, 5264.645
621.7266783708471, 5245.227222222222
622.1438628551207, 5136.002222222222
622.5609903546799, 5048.622222222222
622.9780608490031, 5046.195
623.395074317568, 5085.030555555555
623.8120307398522, 4939.397222222222
624.228930095334, 4929.6883333333335
624.645772363491, 4871.435
625.0625575238014, 4864.153333333334
625.4792855557428, 4796.191111111111
625.8959564387931, 4869.007777777778
626.3125701524302, 4849.59
626.7291266761321, 4873.862222222222
627.1456259893766, 4832.599444444444
627.5620680716416, 4735.510555555556
627.978452902405, 4679.684444444444
628.3947804611447, 4684.538888888889
628.8110507273384, 4662.693888888889
629.2272636804644, 4669.975555555556
629.6434193000001, 4626.285555555555
630.0595175654236, 4487.933888888889
630.4755584562129, 4597.158888888889
630.8915419518455, 4512.206111111111
631.3074680317999, 4623.858333333334
631.7233366755535, 4563.177777777778
632.1391478625843, 4551.041666666667
632.5549015723702, 4470.943333333334
632.9705977843889, 4470.943333333334
633.3862364781188, 4381.136111111111
633.8018176330373, 4507.3516666666665
634.2173412286224, 4315.601111111111
634.6328072443522, 4412.69
635.0482156597042, 4427.253333333333
635.4635664541566, 4405.408333333334
635.8788596071872, 4371.427222222223
636.2940950982738, 4427.253333333333
636.7092729068943, 4388.417777777778
637.1243930125266, 4429.680555555556
637.5394553946488, 4466.0888888888885
637.9544600327383, 4308.319444444444
638.3694069062735, 4303.465
638.784295994732, 4225.793888888889
639.1991272775919, 4293.756111111111
639.6139007343309, 4240.357222222222
640.0286163444265, 4310.746666666667
640.4432740873574, 4216.085
640.857873942601, 4220.939444444444
641.2724158896351, 4167.540555555555
641.686899907938, 4276.765555555556
642.101325976987, 4162.686111111111
642.5156940762606, 4191.812777777778
642.9300041852364, 4034.0433333333335
643.344256283392, 4031.616111111111
643.758450350206, 4072.878888888889
644.1725863651554, 4116.568888888889
644.5866643077189, 4019.48
645.0006841573738, 3946.6633333333334
645.4146458935983, 3963.653888888889
645.8285494958702, 3936.9544444444446
646.2423949436671, 3983.0716666666667
646.6561822164675, 3944.2361111111113
647.0699112937488, 3936.9544444444446
647.483582154989, 3983.0716666666667
647.897194779666, 3922.391111111111
648.3107491472578, 3871.4194444444443
648.724245237242, 3822.875
649.1376830290968, 3786.4666666666667
649.5510625022998, 3847.1472222222224
649.964383636329, 3711.222777777778
650.3776464106625, 3689.3777777777777
650.790850804778, 3791.321111111111
651.2039967981532, 3720.931666666667
651.6170843702662, 3764.6216666666664
652.0301135005949, 3720.931666666667
652.443084168617, 3706.3683333333333
652.8559963538107, 3640.8333333333335
653.2688500356536, 3589.8616666666667
653.6816451936236, 3592.288888888889
654.0943818071987, 3711.222777777778
654.5070598558568, 3572.871111111111
654.9196793190757, 3492.7727777777777
655.3322401763332, 3529.181111111111
655.7447424071077, 3429.665
656.1571859908762, 3536.462777777778
656.5695709071173, 3497.6272222222224
656.9818971353087, 3524.326666666667
657.394164654928, 3427.237777777778
657.8063734454535, 3453.9372222222223
658.2185234863628, 3381.1205555555557
658.6306147571338, 3453.9372222222223
659.0426472372449, 3444.2283333333335
659.454620906173, 3322.867222222222
659.8665357433969, 3364.13
660.2783917283939, 3371.411666666667
660.6901888406422, 3344.7122222222224
661.1019270596197, 3373.838888888889
661.5136063648039, 3298.595
661.9252267356732, 3237.9144444444446
662.336788151705, 3279.177222222222
662.7482905923775, 3237.9144444444446
663.1597340371688, 3262.1866666666665
663.5711184655561, 3344.7122222222224
663.9824438570179, 3276.75
664.3937101910318, 3247.6233333333334
664.8049174470756, 3223.351111111111
665.2160656046276, 3114.126111111111
665.627154643165, 3150.5344444444445
666.0381845421665, 3155.3888888888887
666.4491552811094, 3262.1866666666665
666.8600668394716, 3094.7083333333335
667.2709191967314, 3135.971111111111
667.6817123323663, 3131.116666666667
668.0924462258544, 3099.5627777777777
668.5031208566734, 3041.3094444444446
668.9137362043014, 3126.262222222222
669.324292248216, 3094.7083333333335
669.7347889678953, 3063.1544444444444
670.1452263428172, 3060.7272222222223
670.5556043524593, 3075.2905555555553
670.9659229763, 3109.2716666666665
671.3761821938167, 3097.1355555555556
671.7863819844875, 3048.5911111111113
672.1965223277904, 3026.746111111111
672.6066032032028, 3000.0466666666666
673.0166245902033, 2992.765
673.4265864682691, 3017.037222222222
673.8364888168785, 2949.075
674.2463316155092, 2970.92
674.6561148436392, 2856.8405555555555
675.0658384807463, 2944.2205555555556
675.4755025063084, 3014.61
675.8851068998035, 2912.6666666666665
676.2946516407094, 2973.347222222222
676.7041367085039, 2939.366111111111
677.1135620826649, 2987.9105555555557
677.5229277426704, 2941.7933333333335
677.9322336679982, 2900.5305555555556
678.3414798381262, 2958.7838888888887
678.7506662325325, 2868.9766666666665
679.1597928306944, 2883.54
679.5688596120904, 2808.2961111111113
679.977866556198, 2781.596666666667
680.3868136424953, 2844.7044444444446
680.7957008504601, 2849.5588888888888
681.2045281595704, 2890.8216666666667
681.6132955493039, 2885.967222222222
682.0220029991384, 2825.286666666667
682.430650488552, 2808.2961111111113
682.8392379970227, 2820.432222222222
683.2477655040282, 2864.1222222222223
683.6562329890462, 2813.1505555555555
684.064640431555, 2784.023888888889
684.472987811032, 2842.277222222222
684.8812751069555, 2796.16
685.2895022988033, 2837.422777777778
685.6976693660531, 2776.742222222222
686.1057762881829, 2830.141111111111
686.5138230446706, 2825.286666666667
686.9218096149941, 2691.7894444444446
687.3297359786312, 2779.1694444444443
687.7376021150599, 2754.8972222222224
688.145408003758, 2762.178888888889
688.5531536242033, 2706.3527777777776
688.9608389558739, 2672.3716666666664
689.3684639782474, 2740.333888888889
689.7760286708021, 2626.2544444444443
690.1835330130154, 2757.3244444444445
690.5909769843656, 2805.8688888888887
690.9983605643303, 2774.315
691.4056837323875, 2706.3527777777776
691.8129464680152, 2674.798888888889
692.220148750691, 2730.625
692.6272905598929, 2696.643888888889
693.0343718750988, 2660.2355555555555
693.4413926757868, 2752.47
693.8483529414345, 2616.5455555555554
694.25525265152, 2735.4794444444447
694.6620917855208, 2645.6722222222224
695.0688703229151, 2745.1883333333335
695.4755882431808, 2689.362222222222
695.8822455257957, 2757.3244444444445
696.2888421502378, 2694.2166666666667
696.6953780959847, 2674.798888888889
697.1018533425145, 2723.3433333333332
697.5082678693051, 2677.226111111111
697.9146216558341, 2677.226111111111
698.3209146815799, 2655.3811111111113
698.72714692602, 2737.9066666666668
699.1333183686324, 2631.108888888889
699.5394289888949, 2679.653333333333
699.9454787662854, 2631.108888888889
700.3514676802821, 2665.09
700.7573957103624, 2638.3905555555557
701.1632628360044, 2716.0616666666665
701.569069036686, 2614.1183333333333
701.9748142918851, 2560.7194444444444
702.3804985810796, 2626.2544444444443
702.7861218837471, 2660.2355555555555
703.1916841793659, 2587.418888888889
703.5971854474136, 2623.827222222222
704.0026256673683, 2650.5266666666666
704.4080048187078, 2626.2544444444443
704.8133228809098, 2657.8083333333334
705.2185798334524, 2621.4
705.6237756558133, 2667.5172222222222
706.0289103274706, 2599.555
706.4339838279021, 2601.9822222222224
706.8389961365859, 2640.817777777778
707.2439472329994, 2623.827222222222
707.6488370966208, 2538.8744444444446
708.0536657069279, 2635.963333333333
708.4584330433985, 2531.592777777778
708.8631390855107, 2584.991666666667
709.2677838127423, 2560.7194444444444
709.6723672045712, 2606.8366666666666
710.0768892404751, 2655.3811111111113
710.4813498999321, 2645.6722222222224
710.88574916242, 2604.4094444444445
711.2900870074167, 2563.1466666666665
711.6943634144001, 2563.1466666666665
712.0985783628479, 2543.728888888889
712.5027318322383, 2626.2544444444443
712.906823802049, 2546.156111111111
713.310854251758, 2517.0294444444444
713.7148231608429, 2570.4283333333333
714.1187305087819, 2643.245
714.5225762750528, 2543.728888888889
714.9263604391333, 2575.282777777778
715.3300829805016, 2575.282777777778
715.7337438786353, 2587.418888888889
716.1373431130124, 2531.592777777778
716.5408806631108, 2521.883888888889
716.9443565084084, 2560.7194444444444
717.3477706283832, 2502.4661111111113
717.7511230025127, 2558.2922222222223
718.1544136102751, 2601.9822222222224
718.5576424311482, 2543.728888888889
718.9608094446097, 2538.8744444444446
719.363914630138, 2582.5644444444442
719.7669579672105, 2568.001111111111
720.1699394353052, 2512.175
720.5728590138999, 2628.681666666667
720.9757166824728, 2553.4377777777777
721.3785124205016, 2502.4661111111113
721.7812462074642, 2534.02
722.1839180228383, 2534.02
722.586527846102, 2611.6911111111112
722.989075656733, 2546.156111111111
723.3915614342095, 2514.6022222222223
723.7939851580091, 2551.0105555555556
724.1963468076099, 2507.3205555555555
724.5986463624895, 2463.6305555555555
725.0008838021259, 2551.0105555555556
725.4030591059972, 2599.555
725.8051722535811, 2582.5644444444442
726.2072232243553, 2633.536111111111
726.6092119977981, 2524.311111111111
727.011138553387, 2432.076666666667
727.4130028706, 2480.621111111111
727.8148049289152, 2507.3205555555555
728.2165447078104, 2497.6116666666667
728.6182221867631, 2541.3016666666667
729.0198373452516, 2582.5644444444442
729.4213901627536, 2529.1655555555553
729.8228806187471, 2483.048333333333
730.2243086927101, 2526.7383333333332
730.6256743641202, 2548.5833333333335
731.0269776124553, 2468.485
731.4282184171935, 2500.038888888889
731.8293967578126, 2504.8933333333334
732.2305126137903, 2487.902777777778
732.6315659646046, 2529.1655555555553
733.0325567897337, 2536.447222222222
733.4334850686549, 2529.1655555555553
733.8343507808465, 2449.0672222222224
734.2351539057863, 2502.4661111111113
734.6358944229522, 2480.621111111111
735.0365723118219, 2512.175
735.4371875518735, 2500.038888888889
735.8377401225848, 2521.883888888889
736.2382300034338, 2509.7477777777776
736.6386571738981, 2504.8933333333334
737.0390216134557, 2558.2922222222223
737.4393233015847, 2485.4755555555557
737.8395622177627, 2524.311111111111
738.2397383414677, 2470.912222222222
738.6398516521779, 2555.865
739.0399021293706, 2485.4755555555557
739.439889752524, 2468.485
739.8398145011159, 2434.503888888889
740.2396763546243, 2490.33
740.639475292527, 2395.6683333333335
741.0392112943019, 2468.485
741.4388843394269, 2487.902777777778
741.8384944073797, 2543.728888888889
742.2380414776385, 2519.4566666666665
742.637525529681, 2500.038888888889
743.0369465429851, 2453.9216666666666
743.4363044970287, 2468.485
743.8355993712896, 2483.048333333333
744.2348311452458, 2514.6022222222223
744.6339997983753, 2466.0577777777776
745.0331053101557, 2446.64
745.432147660065, 2463.6305555555555
745.8311268275811, 2475.766666666667
746.230042792182, 2502.4661111111113
746.6288955333454, 2497.6116666666667
747.0276850305493, 2439.358333333333
747.4264112632713, 2456.3488888888887
747.8250742109897, 2478.193888888889
748.2236738531822, 2480.621111111111
748.6222101693266, 2512.175
749.0206831389012, 2483.048333333333
749.4190927413832, 2541.3016666666667
749.817438956251, 2512.175
750.2157217629822, 2500.038888888889
750.6139411410547, 2509.7477777777776
751.0120970699468, 2451.4944444444445
751.4101895291359, 2529.1655555555553
751.8082184981, 2490.33
752.2061839563171, 2470.912222222222
752.604085883265, 2475.766666666667
753.0019242584217, 2480.621111111111
753.399699061265, 2417.5133333333333
753.7974102712727, 2490.33
754.1950578679227, 2461.2033333333334
754.5926418306931, 2536.447222222222
754.9901621390615, 2490.33
755.387618772506, 2512.175
755.7850117105044, 2504.8933333333334
756.1823409325345, 2451.4944444444445
756.5796064180743, 2478.193888888889
756.9768081466016, 2529.1655555555553
757.3739460975944, 2529.1655555555553
757.7710202505305, 2463.6305555555555
758.1680305848877, 2495.1844444444446
758.564977080144, 2458.7761111111113
758.9618597157773, 2446.64
759.3586784712656, 2592.2733333333335
759.7554333260865, 2495.1844444444446
760.1521242597179, 2507.3205555555555
760.5487512516379, 2517.0294444444444
760.9453142813243, 2487.902777777778
761.341813328255, 2502.4661111111113
761.738248371908, 2546.156111111111
762.1346193917608, 2473.3394444444443
762.5309263672914, 2444.212777777778
762.927169277978, 2429.6494444444443
763.3233481032983, 2524.311111111111
763.7194628227302, 2468.485
764.1155134157514, 2514.6022222222223
764.5114998618401, 2456.3488888888887
764.9074221404738, 2468.485
765.3032802311308, 2483.048333333333
765.6990741132888, 2473.3394444444443
766.0948037664257, 2546.156111111111
766.4904691700191, 2424.795
766.8860703035473, 2444.212777777778
767.2816071464881, 2451.4944444444445
767.6770796783193, 2470.912222222222
768.0724878785187, 2555.865
768.4678317265643, 2446.64
768.8631112019339, 2514.6022222222223
769.2583262841056, 2543.728888888889
769.653476952557, 2466.0577777777776
770.0485631867662, 2483.048333333333
770.4435849662109, 2507.3205555555555
770.8385422703691, 2453.9216666666666
771.2334350787187, 2507.3205555555555
771.6282633707374, 2458.7761111111113
772.0230271259036, 2519.4566666666665
772.4177263236944, 2502.4661111111113
772.8123609435884, 2456.3488888888887
773.2069309650631, 2410.2316666666666
773.6014363675963, 2487.902777777778
773.9958771306663, 2500.038888888889
774.3902532337505, 2480.621111111111
774.7845646563271, 2449.0672222222224
775.1788113778739, 2517.0294444444444
775.5729933778688, 2410.2316666666666
775.9671106357898, 2470.912222222222
776.3611631311144, 2495.1844444444446
776.755150843321, 2531.592777777778
777.1490737518869, 2512.175
777.5429318362906, 2483.048333333333
777.9367250760095, 2456.3488888888887
778.3304534505218, 2429.6494444444443
778.7241169393052, 2432.076666666667
779.1177155218376, 2485.4755555555557
779.5112491775968, 2441.7855555555557
779.904717886061, 2444.212777777778
780.2981216267079, 2458.7761111111113
780.6914603790154, 2514.6022222222223
781.0847341224612, 2434.503888888889
781.4779428365234, 2427.222222222222
781.8710865006798, 2500.038888888889
782.2641650944086, 2551.0105555555556
782.657178597187, 2521.883888888889
783.0501269884934, 2558.2922222222223
783.4430102478057, 2439.358333333333
783.8358283546014, 2412.6588888888887
784.2285812883588, 2451.4944444444445
784.6212690285556, 2490.33
785.0138915546697, 2475.766666666667
785.4064488461789, 2502.4661111111113
785.7989408825612, 2553.4377777777777
786.1913676432944, 2500.038888888889
786.5837291078566, 2480.621111111111
786.9760252557254, 2453.9216666666666
787.3682560663788, 2485.4755555555557
787.7604215192946, 2429.6494444444443
788.1525215939508, 2432.076666666667
788.5445562698254, 2495.1844444444446
788.9365255263959, 2475.766666666667
789.3284293431406, 2521.883888888889
789.7202676995372, 2419.9405555555554
790.1120405750635, 2427.222222222222
790.5037479491975, 2502.4661111111113
790.8953898014171, 2449.0672222222224
791.2869661112001, 2470.912222222222
791.6784768580243, 2478.193888888889
792.0699220213678, 2502.4661111111113
792.4613015807084, 2436.931111111111
792.852615515524, 2458.7761111111113
793.2438638052924, 2451.4944444444445
793.6350464294916, 2492.757222222222
794.0261633675993, 2436.931111111111
794.4172145990937, 2453.9216666666666
794.8082001034524, 2502.4661111111113
795.1991198601534, 2427.222222222222
795.5899738486744, 2480.621111111111
795.9807620484936, 2521.883888888889
796.3714844390886, 2509.7477777777776
796.7621409999376, 2446.64
797.1527317105182, 2458.7761111111113
797.5432565503083, 2427.222222222222
797.933715498786, 2466.0577777777776
798.3241085354289, 2475.766666666667
798.7144356397151, 2458.7761111111113
799.1046967911225, 2526.7383333333332
799.4948919691287, 2507.3205555555555
799.8850211532119, 2473.3394444444443
800.2750843228498, 2492.757222222222
800.6650814575204, 2502.4661111111113
801.0550125367017, 2453.9216666666666
801.4448775398711, 2429.6494444444443
801.8346764465069, 2563.1466666666665
802.224409236087, 2529.1655555555553
802.614075888089, 2427.222222222222
803.0036763819912, 2456.3488888888887
803.393210697271, 2478.193888888889
803.7826788134066, 2449.0672222222224
804.1720807098758, 2504.8933333333334
804.5614163661564, 2458.7761111111113
804.9506857617265, 2492.757222222222
805.3398888760638, 2424.795
805.7290256886463, 2415.086111111111
806.1180961789518, 2473.3394444444443
806.507100326458, 2449.0672222222224
806.8960381106433, 2466.0577777777776
807.2849095109851, 2398.0955555555556
807.6737145069615, 2456.3488888888887
808.0624530780502, 2446.64
808.4511252037294, 2424.795
808.8397308634767, 2512.175
809.2282700367703, 2415.086111111111
809.6167427030877, 2390.813888888889
810.0051488419068, 2434.503888888889
810.3934884327059, 2500.038888888889
810.7817614549624, 2446.64
811.1699678881547, 2466.0577777777776
811.5581077117603, 2439.358333333333
811.946180905257, 2432.076666666667
812.3341874481231, 2485.4755555555557
812.722127319836, 2419.9405555555554
813.1100004998741, 2507.3205555555555
813.4978069677148, 2385.9594444444447
813.8855467028363, 2432.076666666667
814.2732196847163, 2473.3394444444443
814.6608258928328, 2458.7761111111113
815.0483653066638, 2434.503888888889
815.4358379056869, 2422.367777777778
815.82324366938, 2441.7855555555557
816.2105825772212, 2466.0577777777776
816.5978546086883, 2458.7761111111113
816.9850597432592, 2490.33
817.3721979604117, 2461.2033333333334
817.7592692396238, 2461.2033333333334
818.1462735603732, 2424.795
818.5332109021379, 2449.0672222222224
818.9200812443959, 2543.728888888889
819.306884566625, 2456.3488888888887
819.6936208483029, 2490.33
820.0802900689077, 2432.076666666667
820.4668922079172, 2434.503888888889
820.8534272448094, 2487.902777777778
821.239895159062, 2439.358333333333
821.626295930153, 2432.076666666667
822.0126295375603, 2538.8744444444446
822.3988959607616, 2500.038888888889
822.785095179235, 2424.795
823.1712271724583, 2453.9216666666666
823.5572919199096, 2553.4377777777777
823.9432894010663, 2475.766666666667
824.3292195954066, 2402.95
824.7150824824083, 2461.2033333333334
825.1008780415495, 2461.2033333333334
825.486606252308, 2419.9405555555554
825.8722670941613, 2502.4661111111113
826.2578605465877, 2422.367777777778
826.643386589065, 2504.8933333333334
827.028845201071, 2500.038888888889
827.4142363620837, 2424.795
827.7995600515808, 2509.7477777777776
828.1848162490403, 2441.7855555555557
828.5700049339401, 2434.503888888889
828.9551260857583, 2432.076666666667
829.3401796839723, 2461.2033333333334
829.7251657080603, 2451.4944444444445
830.1100841375, 2504.8933333333334
830.4949349517696, 2509.7477777777776
830.8797181303465, 2451.4944444444445
831.264433652709, 2543.728888888889
831.649081498335, 2446.64
832.0336616467022, 2444.212777777778
832.4181740772884, 2490.33
832.8026187695717, 2446.64
833.1869957030299, 2453.9216666666666
833.5713048571408, 2434.503888888889
833.9555462113824, 2451.4944444444445
834.3397197452325, 2504.8933333333334
834.723825438169, 2381.105
835.1078632696698, 2466.0577777777776
835.4918332192129, 2417.5133333333333
835.875735266276, 2436.931111111111
836.259569390337, 2483.048333333333
836.6433355708738, 2439.358333333333
837.0270337873644, 2390.813888888889
837.4106640192867, 2381.105
837.7942262461185, 2546.156111111111
838.1777204473375, 2436.931111111111
838.5611466024219, 2434.503888888889
838.9445046908494, 2449.0672222222224
839.3277946920979, 2449.0672222222224
839.7110165856454, 2526.7383333333332
840.0941703509696, 2415.086111111111
840.4772559675484, 2504.8933333333334
840.8602734148599, 2453.9216666666666
841.2432226723819, 2487.902777777778
841.6261037195922, 2439.358333333333
842.0089165359686, 2466.0577777777776
842.3916611009893, 2463.6305555555555
842.7743373941316, 2461.2033333333334
843.156945394874, 2395.6683333333335
843.5394850826943, 2512.175
843.9219564370701, 2526.7383333333332
844.3043594374793, 2446.64
844.6866940634001, 2432.076666666667
845.06896029431, 2427.222222222222
845.4511581096873, 2466.0577777777776
845.8332874890094, 2521.883888888889
846.2153484117546, 2439.358333333333
846.5973408574006, 2456.3488888888887
846.9792648054253, 2415.086111111111
847.3611202353064, 2458.7761111111113
847.7429071265223, 2446.64
848.1246254585504, 2463.6305555555555
848.5062752108686, 2434.503888888889
848.8878563629551, 2485.4755555555557
849.2693688942875, 2551.0105555555556
849.6508127843439, 2434.503888888889
850.0321880126021, 2368.968888888889
850.4134945585397, 2451.4944444444445
850.7947324016351, 2444.212777777778
851.1759015213659, 2461.2033333333334
851.55700189721, 2422.367777777778
851.9380335086452, 2458.7761111111113
852.3189963351494, 2451.4944444444445
852.6998903562007, 2422.367777777778
853.0807155512767, 2485.4755555555557
853.4614718998556, 2436.931111111111
853.8421593814152, 2429.6494444444443
854.2227779754331, 2436.931111111111
854.6033276613874, 2417.5133333333333
854.983808418756, 2410.2316666666666
855.3642202270167, 2449.0672222222224
855.7445630656476, 2449.0672222222224
856.1248369141263, 2468.485
856.5050417519308, 2478.193888888889
856.8851775585389, 2415.086111111111
857.2652443134286, 2449.0672222222224
857.6452419960779, 2410.2316666666666
858.0251705859644, 2555.865
858.4050300625662, 2458.7761111111113
858.784820405361, 2417.5133333333333
859.1645415938268, 2478.193888888889
859.5441936074416, 2366.5416666666665
859.923776425683, 2419.9405555555554
860.3032900280291, 2415.086111111111
860.6827343939576, 2507.3205555555555
861.0621095029466, 2478.193888888889
861.441415334474, 2485.4755555555557
861.8206518680174, 2453.9216666666666
862.1998190830549, 2519.4566666666665
862.5789169590645, 2468.485
862.9579454755236, 2439.358333333333
863.3369046119107, 2419.9405555555554
863.7157943477033, 2456.3488888888887
864.0946146623794, 2466.0577777777776
864.4733655354167, 2410.2316666666666
864.8520469462933, 2449.0672222222224
865.2306588744871, 2473.3394444444443
865.609201299476, 2507.3205555555555
865.9876742007377, 2478.193888888889
866.3660775577501, 2444.212777777778
866.7444113499912, 2478.193888888889
867.1226755569388, 2436.931111111111
867.500870158071, 2468.485
867.8789951328655, 2463.6305555555555
868.2570504608001, 2534.02
868.6350361213526, 2424.795
869.0129520940013, 2492.757222222222
869.3907983582237, 2400.5227777777777
869.7685748934982, 2441.7855555555557
870.146281679302, 2453.9216666666666
870.5239186951134, 2519.4566666666665
870.90148592041, 2456.3488888888887
871.27898333467, 2473.3394444444443
871.6564109173712, 2461.2033333333334
872.0337686479913, 2466.0577777777776
872.4110565060084, 2436.931111111111
872.7882744709003, 2468.485
873.1654225221448, 2427.222222222222
873.5425006392201, 2470.912222222222
873.9195088016037, 2487.902777777778
874.2964469887736, 2458.7761111111113
874.6733151802077, 2526.7383333333332
875.050113355384, 2419.9405555555554
875.4268414937803, 2407.8044444444445
875.8034995748744, 2521.883888888889
876.1800875781444, 2385.9594444444447
876.5566054830679, 2478.193888888889
876.9330532691229, 2512.175
877.3094309157873, 2478.193888888889
877.6857384025392, 2495.1844444444446
878.061975708856, 2475.766666666667
878.438142814216, 2381.105
878.8142396980969, 2470.912222222222
879.1902663399766, 2444.212777777778
879.5662227193332, 2449.0672222222224
879.9421088156442, 2449.0672222222224
880.3179246083878, 2419.9405555555554
880.6936700770416, 2402.95
881.0693452010837, 2383.532222222222
881.4449499599921, 2439.358333333333
881.8204843332443, 2521.883888888889
882.1959483003185, 2419.9405555555554
882.5713418406924, 2475.766666666667
882.9466649338441, 2422.367777777778
883.3219175592512, 2429.6494444444443
883.6970996963919, 2446.64
884.0722113247438, 2473.3394444444443
884.4472524237849, 2453.9216666666666
884.822222972993, 2436.931111111111
885.1971229518462, 2429.6494444444443
885.5719523398224, 2502.4661111111113
885.9467111163991, 2436.931111111111
886.3213992610544, 2441.7855555555557
886.6960167532662, 2497.6116666666667
887.0705635725126, 2492.757222222222
887.4450396982711, 2432.076666666667
887.8194451100198, 2507.3205555555555
888.1937797872365, 2538.8744444444446
888.568043709399, 2453.9216666666666
888.9422368559856, 2432.076666666667
889.3163592064737, 2373.8233333333333
889.6904107403415, 2429.6494444444443
890.0643914370667, 2514.6022222222223
890.438301276127, 2441.7855555555557
890.8121402370008, 2436.931111111111
891.1859082991656, 2417.5133333333333
891.5596054420996, 2439.358333333333
891.9332316452803, 2487.902777777778
892.3067868881857, 2514.6022222222223
892.6802711502938, 2473.3394444444443
893.0536844110824, 2468.485
893.4270266500296, 2395.6683333333335
893.8002978466128, 2429.6494444444443
894.1734979803103, 2429.6494444444443
894.5466270305999, 2461.2033333333334
894.9196849769595, 2366.5416666666665
895.2926717988669, 2461.2033333333334
895.6655874758, 2400.5227777777777
896.0384319872365, 2478.193888888889
896.4112053126547, 2436.931111111111
896.7839074315323, 2456.3488888888887
897.156538323347, 2412.6588888888887
897.529097967577, 2507.3205555555555
897.9015863436998, 2473.3394444444443
898.2740034311936, 2483.048333333333
898.6463492095362, 2381.105
899.0186236582055, 2446.64
899.3908267566794, 2468.485
899.7629584844356, 2354.4055555555556
900.1350188209522, 2446.64
900.5070077457069, 2429.6494444444443
900.8789252381778, 2453.9216666666666
901.2507712778427, 2439.358333333333
901.6225458441793, 2393.241111111111
901.9942489166658, 2473.3394444444443
902.3658804747797, 2487.902777777778
902.7374404979993, 2504.8933333333334
903.1089289658024, 2463.6305555555555
903.4803458576665, 2490.33
903.8516911530699, 2470.912222222222
904.2229648314902, 2521.883888888889
904.5941668724056, 2405.3772222222224
904.9652972552939, 2495.1844444444446
905.3363559596327, 2470.912222222222
905.7073429649, 2466.0577777777776
906.0782582505739, 2432.076666666667
906.4491017961321, 2417.5133333333333
906.8198735810525, 2468.485
907.1905735848133, 2500.038888888889
907.5612017868917, 2502.4661111111113
907.9317581667661, 2393.241111111111
908.3022427039143, 2381.105
908.6726553778141, 2410.2316666666666
909.0429961679436, 2485.4755555555557
909.4132650537804, 2485.4755555555557
909.7834620148025, 2480.621111111111
910.1535870304876, 2497.6116666666667
910.523640080314, 2458.7761111111113
910.8936211437593, 2434.503888888889
911.2635302003015, 2429.6494444444443
911.6333672294182, 2451.4944444444445
912.0031322105876, 2473.3394444444443
912.3728251232876, 2429.6494444444443
912.742445946996, 2466.0577777777776
913.1119946611905, 2521.883888888889
913.4814712453491, 2417.5133333333333
913.8508756789498, 2470.912222222222
914.2202079414703, 2405.3772222222224
914.5894680123887, 2434.503888888889
914.9586558711829, 2485.4755555555557
915.3277714973304, 2439.358333333333
915.6968148703095, 2461.2033333333334
916.0657859695979, 2500.038888888889
916.4346847746734, 2402.95
916.8035112650142, 2453.9216666666666
917.1722654200979, 2444.212777777778
917.5409472194023, 2436.931111111111
917.9095566424055, 2490.33
918.2780936685854, 2485.4755555555557
918.6465582774198, 2436.931111111111
919.0149504483866, 2514.6022222222223
919.3832701609637, 2487.902777777778
919.7515173946289, 2432.076666666667
920.1196921288599, 2419.9405555555554
920.4877943431352, 2439.358333333333
920.8558240169323, 2424.795
921.223781129729, 2439.358333333333
921.5916656610033, 2466.0577777777776
921.9594775902328, 2453.9216666666666
922.327216896896, 2487.902777777778
922.6948835604703, 2422.367777777778
923.0624775604338, 2444.212777777778
923.4299988762641, 2502.4661111111113
923.7974474874394, 2446.64
924.1648233734376, 2415.086111111111
924.5321265137363, 2402.95
924.8993568878135, 2378.677777777778
925.2665144751472, 2514.6022222222223
925.6335992552152, 2453.9216666666666
926.0006112074952, 2466.0577777777776
926.3675503114656, 2402.95
926.7344165466038, 2458.7761111111113
927.1012098923877, 2434.503888888889
927.4679303282956, 2398.0955555555556
927.8345778338048, 2492.757222222222
928.2011523883937, 2456.3488888888887
928.5676539715399, 2478.193888888889
928.9340825627213, 2427.222222222222
929.300438141416, 2429.6494444444443
929.6667206871015, 2475.766666666667
930.032930179256, 2478.193888888889
930.3990665973574, 2497.6116666666667
930.7651299208834, 2473.3394444444443
931.131120129312, 2429.6494444444443
931.497037202121, 2473.3394444444443
931.8628811187882, 2502.4661111111113
932.2286518587919, 2419.9405555555554
932.5943494016095, 2514.6022222222223
932.959973726719, 2468.485
933.3255248135985, 2490.33
933.6910026417256, 2436.931111111111
934.0564071905786, 2458.7761111111113
934.421738439635, 2444.212777777778
934.7869963683726, 2405.3772222222224
935.1521809562696, 2422.367777777778
935.5172921828038, 2473.3394444444443
935.882330027453, 2444.212777777778
936.2472944696952, 2461.2033333333334
936.6121854890082, 2427.222222222222
936.9770030648699, 2470.912222222222
937.3417471767581, 2475.766666666667
937.7064178041509, 2417.5133333333333
938.071014926526, 2504.8933333333334
938.4355385233613, 2536.447222222222
938.7999885741348, 2432.076666666667
939.1643650583242, 2429.6494444444443
939.5286679554074, 2444.212777777778
939.8928972448628, 2419.9405555555554
940.2570529061674, 2400.5227777777777
940.6211349187996, 2441.7855555555557
940.9851432622372, 2453.9216666666666
941.3490779159583, 2441.7855555555557
941.7129388594406, 2439.358333333333
942.0767260721618, 2400.5227777777777
942.4404395336, 2456.3488888888887
942.8040792232331, 2412.6588888888887
943.1676451205389, 2509.7477777777776
943.5311372049953, 2497.6116666666667
943.8945554560802, 2449.0672222222224
944.2578998532713, 2468.485
944.621170376047, 2402.95
944.9843670038847, 2475.766666666667
945.3474897162623, 2444.212777777778
945.710538492658, 2478.193888888889
946.0735133125493, 2453.9216666666666
946.4364141554144, 2446.64
946.7992410007312, 2434.503888888889
947.1619938279771, 2514.6022222222223
947.5246726166306, 2434.503888888889
947.8872773461691, 2422.367777777778
948.2498079960709, 2487.902777777778
948.6122645458137, 2475.766666666667
948.9746469748751, 2463.6305555555555
949.3369552627336, 2461.2033333333334
949.6991893888663, 2441.7855555555557
950.0613493327519, 2541.3016666666667
950.4234350738678, 2473.3394444444443
950.7854465916919, 2451.4944444444445
951.1473838657021, 2480.621111111111
951.5092468753764, 2475.766666666667
951.871035600193, 2441.7855555555557
952.2327500196291, 2412.6588888888887
952.5943901131628, 2432.076666666667
952.9559558602721, 2446.64
953.3174472404351, 2434.503888888889
953.6788642331294, 2490.33
954.040206817833, 2441.7855555555557
954.4014749740235, 2519.4566666666665
954.7626686811789, 2463.6305555555555
955.1237879187775, 2441.7855555555557
955.4848326662968, 2451.4944444444445
955.8458029032148, 2407.8044444444445
956.2066986090091, 2495.1844444444446
956.5675197631579, 2470.912222222222
956.9282663451391, 2427.222222222222
957.2889383344307, 2441.7855555555557
957.6495357105102, 2531.592777777778
958.0100584528556, 2458.7761111111113
958.3705065409446, 2466.0577777777776
958.7308799542557, 2487.902777777778
959.0911786722664, 2475.766666666667
959.4514026744546, 2402.95
959.8115519402979, 2507.3205555555555
960.1716264492745, 2458.7761111111113
960.5316261808625, 2463.6305555555555
960.8915511145395, 2483.048333333333
961.2514012297835, 2456.3488888888887
961.6111765060718, 2458.7761111111113
961.9708769228831, 2453.9216666666666
962.330502459695, 2475.766666666667
962.6900530959854, 2524.311111111111
963.0495288112322, 2458.7761111111113
963.4089295849129, 2507.3205555555555
963.7682553965058, 2500.038888888889
964.1275062254888, 2424.795
964.4866820513397, 2439.358333333333
964.8457828535363, 2526.7383333333332
965.2048086115565, 2385.9594444444447
965.5637593048781, 2475.766666666667
965.9226349129792, 2504.8933333333334
966.2814354153378, 2492.757222222222
966.6401607914315, 2434.503888888889
966.998811020738, 2436.931111111111
967.3573860827355, 2405.3772222222224
967.715885956902, 2468.485
968.0743106227152, 2378.677777777778
968.4326600596529, 2446.64
968.7909342471929, 2424.795
969.1491331648133, 2446.64
969.5072567919922, 2531.592777777778
969.8653051082072, 2449.0672222222224
970.2232780929362, 2468.485
970.5811757256569, 2504.8933333333334
970.9389979858473, 2415.086111111111
971.2967448529856, 2485.4755555555557
971.6544163065495, 2385.9594444444447
972.0120123260166, 2376.2505555555554
972.3695328908652, 2400.5227777777777
972.7269779805728, 2432.076666666667
973.0843475746177, 2381.105
973.4416416524775, 2466.0577777777776
973.7988601936299, 2388.3866666666668
974.1560031775534, 2419.9405555555554
974.5130705837252, 2490.33
974.8700623916237, 2497.6116666666667
975.2269785807267, 2487.902777777778
975.5838191305116, 2385.9594444444447
975.940584020457, 2487.902777777778
976.2972732300401, 2422.367777777778
976.6538867387394, 2395.6683333333335
977.0104245260326, 2458.7761111111113
977.366886571397, 2470.912222222222
977.7232728543113, 2444.212777777778
978.079583354253, 2427.222222222222
978.4358180507, 2393.241111111111
978.7919769231304, 2444.212777777778
979.1480599510217, 2446.64
979.5040671138518, 2422.367777777778
979.8599983910992, 2449.0672222222224
980.2158537622412, 2495.1844444444446
980.5716332067559, 2475.766666666667
980.9273367041209, 2424.795
981.2829642338144, 2427.222222222222
981.6385157753143, 2444.212777777778
981.9939913080984, 2449.0672222222224
982.3493908116445, 2415.086111111111
982.7047142654303, 2534.02
983.0599616489342, 2419.9405555555554
983.4151329416338, 2427.222222222222
983.770228123007, 2458.7761111111113
984.1252471725317, 2461.2033333333334
984.4801900696855, 2439.358333333333
984.8350567939466, 2429.6494444444443
985.189847324793, 2478.193888888889
985.5445616417024, 2390.813888888889
985.8991997241528, 2446.64
986.2537615516217, 2429.6494444444443
986.6082471035874, 2497.6116666666667
986.9626563595276, 2487.902777777778
987.3169892989204, 2342.2694444444446
987.6712459012435, 2453.9216666666666
988.0254261459746, 2478.193888888889
988.3795300125918, 2395.6683333333335
988.733557480573, 2483.048333333333
989.0875085293962, 2487.902777777778
989.4413831385392, 2422.367777777778
989.7951812874794, 2395.6683333333335
990.1489029556951, 2402.95
990.5025481226647, 2422.367777777778
990.8561167678653, 2439.358333333333
991.2096088707751, 2451.4944444444445
991.5630244108718, 2436.931111111111
991.9163633676334, 2470.912222222222
992.269625720538, 2475.766666666667
992.6228114490633, 2478.193888888889
992.9759205326872, 2432.076666666667
993.3289529508872, 2468.485
993.6819086831417, 2485.4755555555557
994.0347877089287, 2400.5227777777777
994.3875900077255, 2439.358333333333
994.7403155590106, 2524.311111111111
995.0929643422612, 2449.0672222222224
995.4455363369556, 2473.3394444444443
995.7980315225718, 2487.902777777778
996.1504498785876, 2434.503888888889
996.5027913844808, 2419.9405555555554
996.8550560197291, 2400.5227777777777
997.2072437638105, 2475.766666666667
997.5593545962032, 2400.5227777777777
997.9113884963849, 2470.912222222222
998.2633454438334, 2390.813888888889
998.6152254180263, 2483.048333333333
998.967028398442, 2497.6116666666667
999.3187543645583, 2434.503888888889
999.6704032958529, 2383.532222222222
1000.0219751718037, 2434.503888888889
1000.3734699718887, 2436.931111111111
1000.7248876755855, 2546.156111111111
1001.0762282623723, 2466.0577777777776
1001.4274917117272, 2436.931111111111
1001.7786780031272, 2529.1655555555553
1002.1297871160513, 2449.0672222222224
1002.4808190299765, 2458.7761111111113
1002.831773724381, 2439.358333333333
1003.1826511787431, 2415.086111111111
1003.5334513725397, 2456.3488888888887
1003.8841742852499, 2453.9216666666666
1004.2348198963505, 2463.6305555555555
1004.58538818532, 2400.5227777777777
1004.9358791316362, 2500.038888888889
1005.2862927147766, 2449.0672222222224
1005.6366289142197, 2519.4566666666665
1005.9868877094427, 2436.931111111111
1006.3370690799243, 2444.212777777778
1006.6871730051417, 2500.038888888889
1007.0371994645731, 2473.3394444444443
1007.387148437696, 2475.766666666667
1007.7370199039891, 2444.212777777778
1008.0868138429296, 2470.912222222222
1008.4365302339957, 2480.621111111111
1008.7861690566647, 2344.6966666666667
1009.135730290415, 2449.0672222222224
1009.4852139147247, 2519.4566666666665
1009.8346199090714, 2427.222222222222
1010.183948252933, 2485.4755555555557
1010.5331989257868, 2461.2033333333334
1010.8823719071117, 2415.086111111111
1011.2314671763851, 2495.1844444444446
1011.5804847130852, 2512.175
1011.9294244966892, 2410.2316666666666
1012.2782865066753, 2466.0577777777776
1012.6270707225216, 2349.551111111111
1012.9757771237059, 2492.757222222222
1013.3244056897063, 2451.4944444444445
1013.6729564000002, 2444.212777777778
1014.0214292340655, 2521.883888888889
1014.3698241713803, 2449.0672222222224
1014.7181411914225, 2441.7855555555557
1015.0663802736703, 2548.5833333333335
1015.414541397601, 2436.931111111111
1015.7626245426926, 2436.931111111111
1016.1106296884232, 2473.3394444444443
1016.4585568142705, 2427.222222222222
1016.8064058997128, 2422.367777777778
1017.1541769242275, 2487.902777777778
1017.5018698672923, 2434.503888888889
1017.8494847083857, 2427.222222222222
1018.1970214269853, 2449.0672222222224
1018.544480002569, 2461.2033333333334
1018.8918604146148, 2419.9405555555554
1019.2391626426003, 2417.5133333333333
1019.5863866660034, 2521.883888888889
1019.9335324643024, 2449.0672222222224
1020.2806000169747, 2383.532222222222
1020.6275893034986, 2444.212777777778
1020.9745003033515, 2453.9216666666666
1021.3213329960116, 2422.367777777778
1021.6680873609569, 2458.7761111111113
1022.0147633776651, 2383.532222222222
1022.3613610256143, 2417.5133333333333
1022.7078802842818, 2436.931111111111
1023.054321133146, 2436.931111111111
1023.4006835516849, 2434.503888888889
1023.7469675193759, 2436.931111111111
1024.0931730156972, 2439.358333333333
1024.4393000201267, 2483.048333333333
1024.785348512142, 2415.086111111111
1025.1313184712212, 2402.95
1025.4772098768424, 2415.086111111111
1025.8230227084832, 2410.2316666666666
1026.1687569456215, 2485.4755555555557
1026.5144125677348, 2456.3488888888887
1026.8599895543018, 2417.5133333333333
1027.2054878848003, 2407.8044444444445
1027.5509075387072, 2449.0672222222224
1027.8962484955014, 2444.212777777778
1028.2415107346603, 2419.9405555555554
1028.586694235662, 2434.503888888889
1028.9317989779845, 2439.358333333333
1029.2768249411054, 2463.6305555555555
1029.6217721045025, 2463.6305555555555
1029.9666404476538, 2463.6305555555555
