# FLAME spectrum data format
# Time of snapshot: 2021-02-08T18:21:06Eastern Standard Time
# Number of frames accumulated: 0
# Scan time per exposure [us]: 100000189.1861363086452, 2051.0027777777777
189.64926416366848, 2021.8761111111112
190.11235512512943, 1983.0405555555556
190.57540917250594, 1973.3316666666667
191.03842628527582, 2048.5755555555556
191.50140644291702, 1990.3222222222223
191.9643496249074, 2012.1672222222223
192.4272558107249, 2036.4394444444445
192.89012497984731, 2017.0216666666668
193.35295711175254, 2080.1294444444443
193.81575218591854, 2220.9083333333333
194.27851018182312, 2128.673888888889
194.7412310789442, 2257.3166666666666
195.20391485675964, 2218.481111111111
195.66656149474733, 2186.927222222222
196.12917097238517, 2228.19
196.59174326915107, 2177.2183333333332
197.05427836452282, 2252.4622222222224
197.51677623797838, 2242.7533333333336
197.97923686899566, 2254.8894444444445
198.44166023705247, 2325.278888888889
198.9040463216267, 2327.706111111111
199.36639510219626, 2405.3772222222224
199.82870655823908, 2390.813888888889
200.29098066923297, 2317.9972222222223
200.7532174146558, 2402.95
201.21541677398554, 2407.8044444444445
201.6775787267, 2359.26
202.13970325227712, 2439.358333333333
202.60179033019475, 2422.367777777778
203.06383993993072, 2402.95
203.52585206096302, 2400.5227777777777
203.9878266727695, 2381.105
204.44976375482798, 2463.6305555555555
204.91166328661643, 2432.076666666667
205.3735252476127, 2436.931111111111
205.83534961729464, 2400.5227777777777
206.2971363751402, 2468.485
206.75888550062717, 2432.076666666667
207.22059697323357, 2407.8044444444445
207.68227077243716, 2473.3394444444443
208.14390687771592, 2449.0672222222224
208.6055052685476, 2453.9216666666666
209.0670659244102, 2402.95
209.5285888247816, 2424.795
209.99007394913966, 2422.367777777778
210.4515212769622, 2351.9783333333335
210.9129307877272, 2436.931111111111
211.3743024609125, 2475.766666666667
211.835636275996, 2432.076666666667
212.29693221245557, 2461.2033333333334
212.7581902497691, 2453.9216666666666
213.21941036741444, 2405.3772222222224
213.68059254486954, 2439.358333333333
214.14173676161224, 2432.076666666667
214.60284299712043, 2417.5133333333333
215.06391123087198, 2422.367777777778
215.52494144234484, 2349.551111111111
215.9859336110168, 2385.9594444444447
216.4468877163658, 2393.241111111111
216.9078037378697, 2415.086111111111
217.36868165500644, 2427.222222222222
217.82952144725382, 2405.3772222222224
218.29032309408976, 2451.4944444444445
218.75108657499214, 2441.7855555555557
219.2118118694389, 2388.3866666666668
219.67249895690784, 2424.795
220.13314781687689, 2407.8044444444445
220.5937584288239, 2441.7855555555557
221.0543307722268, 2402.95
221.51486482656347, 2415.086111111111
221.97536057131174, 2354.4055555555556
222.43581798594948, 2356.8327777777777
222.8962370499547, 2412.6588888888887
223.35661774280518, 2398.0955555555556
223.81696004397878, 2451.4944444444445
224.2772639329535, 2485.4755555555557
224.73752938920714, 2422.367777777778
225.1977563922176, 2402.95
225.65794492146279, 2395.6683333333335
226.1180949564205, 2461.2033333333334
226.57820647656874, 2371.396111111111
227.03827946138532, 2402.95
227.4983138903481, 2373.8233333333333
227.95830974293503, 2456.3488888888887
228.418266998624, 2378.677777777778
228.87818563689282, 2444.212777777778
229.33806563721944, 2432.076666666667
229.79790697908172, 2466.0577777777776
230.25770964195752, 2376.2505555555554
230.71747360532476, 2444.212777777778
231.1771988486613, 2485.4755555555557
231.63688535144504, 2373.8233333333333
232.09653309315385, 2390.813888888889
232.5561420532656, 2378.677777777778
233.01571221125823, 2417.5133333333333
233.4752435466096, 2366.5416666666665
233.93473603879755, 2456.3488888888887
234.3941896673, 2376.2505555555554
234.85360441159483, 2405.3772222222224
235.31298025115996, 2439.358333333333
235.77231716547317, 2461.2033333333334
236.23161513401246, 2390.813888888889
236.69087413625567, 2402.95
237.15009415168063, 2436.931111111111
237.60927515976533, 2371.396111111111
238.0684171399876, 2436.931111111111
238.52752007182528, 2405.3772222222224
238.9865839347563, 2427.222222222222
239.44560870825856, 2463.6305555555555
239.90459437180988, 2342.2694444444446
240.36354090488823, 2419.9405555555554
240.82244828697142, 2485.4755555555557
241.28131649753738, 2419.9405555555554
241.740145516064, 2407.8044444444445
242.1989353220291, 2434.503888888889
242.65768589491063, 2410.2316666666666
243.1163972141864, 2424.795
243.5750692593344, 2356.8327777777777
244.03370200983244, 2468.485
244.49229544515842, 2393.241111111111
244.95084954479023, 2400.5227777777777
245.40936428820572, 2378.677777777778
245.8678396548828, 2504.8933333333334
246.3262756242994, 2453.9216666666666
246.7846721759333, 2344.6966666666667
247.2430292892625, 2424.795
247.7013469437648, 2400.5227777777777
248.15962511891811, 2405.3772222222224
248.61786379420033, 2470.912222222222
249.0760629490893, 2359.26
249.53422256306294, 2451.4944444444445
249.9923426155991, 2444.212777777778
250.4504230861757, 2514.6022222222223
250.90846395427067, 2344.6966666666667
251.3664651993618, 2478.193888888889
251.82442680092703, 2436.931111111111
252.2823487384442, 2461.2033333333334
252.7402309913912, 2439.358333333333
253.19807353924597, 2354.4055555555556
253.65587636148632, 2429.6494444444443
254.1136394375902, 2449.0672222222224
254.57136274703547, 2427.222222222222
255.02904626929998, 2405.3772222222224
255.48668998386165, 2466.0577777777776
255.94429387019835, 2356.8327777777777
256.401857907788, 2444.212777777778
256.8593820761084, 2366.5416666666665
257.3168663546375, 2393.241111111111
257.77431072285316, 2434.503888888889
258.2317151602333, 2485.4755555555557
258.6890796462558, 2427.222222222222
259.14640416039845, 2417.5133333333333
259.6036886821393, 2417.5133333333333
260.0609331909561, 2446.64
260.51813766632677, 2439.358333333333
260.9753020877292, 2478.193888888889
261.4324264346412, 2473.3394444444443
261.8895106865408, 2419.9405555555554
262.3465548229058, 2410.2316666666666
262.8035588232141, 2410.2316666666666
263.26052266694353, 2453.9216666666666
263.717446333572, 2461.2033333333334
264.1743298025776, 2468.485
264.6311730534378, 2473.3394444444443
265.0879760656308, 2463.6305555555555
265.5447388186344, 2436.931111111111
266.00146129192643, 2412.6588888888887
266.4581434649849, 2381.105
266.91478531728757, 2402.95
267.3713868283124, 2446.64
267.82794797753724, 2614.1183333333333
268.28446874443995, 2432.076666666667
268.7409491084984, 2415.086111111111
269.19738904919063, 2451.4944444444445
269.6537885459943, 2410.2316666666666
270.1101475783875, 2497.6116666666667
270.56646612584797, 2417.5133333333333
271.0227441678536, 2398.0955555555556
271.4789816838824, 2500.038888888889
271.93517865341204, 2458.7761111111113
272.3913350559207, 2458.7761111111113
272.84745087088595, 2463.6305555555555
273.3035260777859, 2453.9216666666666
273.7595606560983, 2422.367777777778
274.2155545853011, 2429.6494444444443
274.6715078448722, 2449.0672222222224
275.1274204142894, 2427.222222222222
275.58329227303074, 2495.1844444444446
276.0391234005739, 2466.0577777777776
276.4949137763969, 2434.503888888889
276.9506633799776, 2473.3394444444443
277.4063721907939, 2463.6305555555555
277.8620401883236, 2429.6494444444443
278.3176673520446, 2458.7761111111113
278.773253661435, 2451.4944444444445
279.22879909597236, 2393.241111111111
279.68430363513477, 2519.4566666666665
280.1397672584, 2385.9594444444447
280.595189945246, 2444.212777777778
281.05057167515076, 2446.64
281.5059124275919, 2441.7855555555557
281.9612121820476, 2466.0577777777776
282.4164709179954, 2456.3488888888887
282.87168861491347, 2388.3866666666668
283.3268652522797, 2405.3772222222224
283.78200080957174, 2451.4944444444445
284.2370952662677, 2395.6683333333335
284.6921486018453, 2512.175
285.14716079578255, 2463.6305555555555
285.60213182755723, 2504.8933333333334
286.0570616766474, 2388.3866666666668
286.5119503225307, 2422.367777777778
286.9667977446852, 2432.076666666667
287.4216039225886, 2461.2033333333334
287.87636883571895, 2521.883888888889
288.33109246355417, 2463.6305555555555
288.785774785572, 2398.0955555555556
289.2404157812505, 2422.367777777778
289.6950154300672, 2451.4944444444445
290.14957371150035, 2436.931111111111
290.60409060502775, 2475.766666666667
291.05856609012716, 2473.3394444444443
291.51300014627657, 2446.64
291.96739275295386, 2461.2033333333334
292.42174388963684, 2458.7761111111113
292.8760535358034, 2405.3772222222224
293.3303216709316, 2461.2033333333334
293.7845482744991, 2453.9216666666666
294.2387333259839, 2490.33
294.6928768048639, 2449.0672222222224
295.14697869061683, 2446.64
295.6010389627208, 2480.621111111111
296.05505760065347, 2538.8744444444446
296.50903458389297, 2466.0577777777776
296.9629698919169, 2424.795
297.4168635042034, 2424.795
297.8707154002302, 2388.3866666666668
298.32452555947515, 2427.222222222222
298.7782939614164, 2415.086111111111
299.2320205855315, 2543.728888888889
299.6857054112985, 2436.931111111111
300.1393484181953, 2449.0672222222224
300.5929495856997, 2405.3772222222224
301.0465088932897, 2417.5133333333333
301.50002632044306, 2439.358333333333
301.9535018466377, 2492.757222222222
302.40693545135156, 2424.795
302.8603271140625, 2412.6588888888887
303.31367681424837, 2390.813888888889
303.7669845313871, 2453.9216666666666
304.2202502449565, 2456.3488888888887
304.6734739344345, 2500.038888888889
305.12665557929904, 2412.6588888888887
305.57979515902787, 2458.7761111111113
306.03289265309905, 2441.7855555555557
306.4859480409903, 2497.6116666666667
306.93896130217956, 2475.766666666667
307.39193241614487, 2504.8933333333334
307.8448613623638, 2468.485
308.2977481203145, 2451.4944444444445
308.75059266947466, 2429.6494444444443
309.20339498932225, 2449.0672222222224
309.6561550593353, 2381.105
310.10887285899145, 2463.6305555555555
310.56154836776875, 2451.4944444444445
311.01418156514495, 2439.358333333333
311.46677243059804, 2429.6494444444443
311.9193209436059, 2526.7383333333332
312.37182708364634, 2500.038888888889
312.8242908301973, 2470.912222222222
313.27671216273677, 2415.086111111111
313.7290910607424, 2439.358333333333
314.1814275036922, 2463.6305555555555
314.63372147106406, 2432.076666666667
315.08597294233584, 2436.931111111111
315.53818189698546, 2417.5133333333333
315.99034831449075, 2429.6494444444443
316.44247217432957, 2422.367777777778
316.8945534559799, 2475.766666666667
317.3465921389196, 2385.9594444444447
317.7985882026266, 2497.6116666666667
318.2505416265786, 2434.503888888889
318.7024523902536, 2466.0577777777776
319.1543204731295, 2487.902777777778
319.6061458546842, 2432.076666666667
320.0579285143956, 2483.048333333333
320.50966843174143, 2451.4944444444445
320.9613655861997, 2419.9405555555554
321.4130199572483, 2512.175
321.86463152436505, 2548.5833333333335
322.3162002670279, 2461.2033333333334
322.76772616471476, 2470.912222222222
323.2192091969033, 2512.175
323.6706493430717, 2451.4944444444445
324.1220465826977, 2475.766666666667
324.5734008952591, 2495.1844444444446
325.0247122602339, 2495.1844444444446
325.4759806571, 2470.912222222222
325.9272060653352, 2402.95
326.3783884644174, 2483.048333333333
326.8295278338246, 2439.358333333333
327.2806241530346, 2483.048333333333
327.7316774015252, 2461.2033333333334
328.1826875587743, 2480.621111111111
328.63365460425996, 2451.4944444444445
329.08457851745993, 2439.358333333333
329.5354592778521, 2436.931111111111
329.9862968649143, 2461.2033333333334
330.4370912581245, 2470.912222222222
330.88784243696057, 2432.076666666667
331.3385503809005, 2429.6494444444443
331.78921506942197, 2478.193888888889
332.2398364820029, 2441.7855555555557
332.69041459812127, 2466.0577777777776
333.1409493972549, 2466.0577777777776
333.59144085888175, 2487.902777777778
334.0418889624796, 2512.175
334.49229368752646, 2451.4944444444445
334.94265501350003, 2434.503888888889
335.3929729198783, 2444.212777777778
335.8432473861392, 2434.503888888889
336.29347839176063, 2480.621111111111
336.7436659162204, 2422.367777777778
337.19380993899625, 2388.3866666666668
337.6439104395663, 2466.0577777777776
338.0939673974084, 2422.367777777778
338.5439807920004, 2407.8044444444445
338.9939506028201, 2422.367777777778
339.4438768093455, 2444.212777777778
339.89375939105446, 2487.902777777778
340.34359832742473, 2500.038888888889
340.7933935979344, 2385.9594444444447
341.24314518206126, 2470.912222222222
341.69285305928315, 2461.2033333333334
342.14251720907805, 2487.902777777778
342.5921376109237, 2456.3488888888887
343.0417142442982, 2446.64
343.4912470886792, 2441.7855555555557
343.9407361235448, 2373.8233333333333
344.39018132837265, 2385.9594444444447
344.8395826826408, 2444.212777777778
345.2889401658271, 2439.358333333333
345.73825375740944, 2495.1844444444446
346.1875234368658, 2466.0577777777776
346.63674918367377, 2407.8044444444445
347.0859309773115, 2480.621111111111
347.53506879725677, 2444.212777777778
347.9841626229875, 2468.485
348.4332124339816, 2478.193888888889
348.8822182097168, 2444.212777777778
349.33117992967124, 2368.968888888889
349.78009757332256, 2446.64
350.2289711201488, 2497.6116666666667
350.67780054962776, 2410.2316666666666
351.1265858412374, 2432.076666666667
351.5753269744555, 2390.813888888889
352.02402392876, 2580.137222222222
352.47267668362883, 2366.5416666666665
352.92128521853977, 2473.3394444444443
353.36984951297086, 2441.7855555555557
353.81836954639977, 2531.592777777778
354.26684529830453, 2441.7855555555557
354.715276748163, 2524.311111111111
355.1636638754531, 2538.8744444444446
355.61200665965265, 2383.532222222222
356.0603050802395, 2538.8744444444446
356.50855911669163, 2456.3488888888887
356.9567687484869, 2444.212777777778
357.4049339551032, 2451.4944444444445
357.85305471601833, 2495.1844444444446
358.30113101071026, 2393.241111111111
358.7491628186568, 2439.358333333333
359.1971501193359, 2504.8933333333334
359.64509289222553, 2407.8044444444445
360.0929911168034, 2473.3394444444443
360.5408447725474, 2398.0955555555556
360.98865383893553, 2483.048333333333
361.4364182954456, 2449.0672222222224
361.88413812155545, 2434.503888888889
362.3318132967432, 2563.1466666666665
362.7794438004865, 2453.9216666666666
363.2270296122632, 2563.1466666666665
363.6745707115514, 2478.193888888889
364.1220670778288, 2514.6022222222223
364.5695186905733, 2492.757222222222
365.01692552926295, 2456.3488888888887
365.46428757337543, 2517.0294444444444
365.9116048023887, 2424.795
366.3588771957806, 2434.503888888889
366.80610473302926, 2475.766666666667
367.25328739361225, 2478.193888888889
367.7004251570076, 2478.193888888889
368.14751800269306, 2427.222222222222
368.59456591014674, 2412.6588888888887
369.0415688588464, 2497.6116666666667
369.4885268282698, 2502.4661111111113
369.9354397978952, 2502.4661111111113
370.3823077472, 2419.9405555555554
370.82913065566237, 2500.038888888889
371.2759085027602, 2434.503888888889
371.7226412679713, 2441.7855555555557
372.1693289307736, 2441.7855555555557
372.615971470645, 2492.757222222222
373.0625688670632, 2451.4944444444445
373.5091210995062, 2514.6022222222223
373.95562814745205, 2422.367777777778
374.4020899903785, 2480.621111111111
374.8485066077633, 2427.222222222222
375.29487797908456, 2485.4755555555557
375.74120408382, 2419.9405555555554
376.1874849014476, 2490.33
376.6337204114452, 2407.8044444444445
377.07991059329066, 2492.757222222222
377.52605542646194, 2424.795
377.9721548904368, 2410.2316666666666
378.41820896469335, 2451.4944444444445
378.8642176287092, 2458.7761111111113
379.31018086196246, 2461.2033333333334
379.75609864393084, 2514.6022222222223
380.2019709540923, 2400.5227777777777
380.64779777192473, 2495.1844444444446
381.093579076906, 2458.7761111111113
381.5393148485141, 2422.367777777778
381.98500506622673, 2546.156111111111
382.43064970952184, 2449.0672222222224
382.87624875787736, 2478.193888888889
383.32180219077117, 2492.757222222222
383.76730998768113, 2446.64
384.2127721280851, 2449.0672222222224
384.658188591461, 2478.193888888889
385.1035593572866, 2453.9216666666666
385.54888440504004, 2441.7855555555557
385.994163714199, 2405.3772222222224
386.4393972642414, 2419.9405555555554
386.8845850346451, 2434.503888888889
387.32972700488807, 2485.4755555555557
387.77482315444814, 2466.0577777777776
388.2198734628032, 2495.1844444444446
388.66487790943114, 2434.503888888889
389.1098364738098, 2500.038888888889
389.55474913541707, 2405.3772222222224
389.99961587373093, 2478.193888888889
390.44443666822923, 2434.503888888889
390.8892114983898, 2427.222222222222
391.3339403436905, 2490.33
391.7786231836093, 2427.222222222222
392.2232599976239, 2429.6494444444443
392.6678507652125, 2509.7477777777776
393.11239546585284, 2463.6305555555555
393.55689407902264, 2514.6022222222223
394.0013465841999, 2458.7761111111113
394.4457529608626, 2551.0105555555556
394.89011318848856, 2470.912222222222
395.3344272465556, 2422.367777777778
395.77869511454173, 2453.9216666666666
396.22291677192464, 2473.3394444444443
396.6670921981824, 2514.6022222222223
397.1112213727928, 2432.076666666667
397.55530427523377, 2485.4755555555557
397.99934088498316, 2490.33
398.4433311815189, 2432.076666666667
398.8872751443188, 2434.503888888889
399.33117275286077, 2422.367777777778
399.7750239866227, 2473.3394444444443
400.2188288250826, 2466.0577777777776
400.6625872477181, 2480.621111111111
401.1062992340072, 2441.7855555555557
401.5499647634279, 2500.038888888889
401.99358381545795, 2475.766666666667
402.43715636957535, 2536.447222222222
402.8806824052578, 2500.038888888889
403.3241619019833, 2456.3488888888887
403.7675948392297, 2500.038888888889
404.2109811964749, 2497.6116666666667
404.6543209531968, 2434.503888888889
405.0976140888734, 2470.912222222222
405.5408605829823, 2449.0672222222224
405.9840604150016, 2553.4377777777777
406.4272135644091, 2473.3394444444443
406.87032001068275, 2417.5133333333333
407.3133797333004, 2461.2033333333334
407.7563927117399, 2483.048333333333
408.1993589254791, 2536.447222222222
408.64227835399595, 2480.621111111111
409.08515097676843, 2439.358333333333
409.52797677327436, 2466.0577777777776
409.97075572299144, 2480.621111111111
410.4134878053977, 2478.193888888889
410.856172999971, 2427.222222222222
411.2988112861894, 2444.212777777778
411.74140264353053, 2492.757222222222
412.18394705147244, 2480.621111111111
412.6264444894928, 2458.7761111111113
413.0688949370698, 2400.5227777777777
413.5112983736811, 2461.2033333333334
413.9536547788046, 2393.241111111111
414.39596413191833, 2393.241111111111
414.83822641250003, 2497.6116666666667
415.2804416000276, 2517.0294444444444
415.722609673979, 2441.7855555555557
416.16473061383203, 2504.8933333333334
416.6068043990647, 2475.766666666667
417.0488310091547, 2463.6305555555555
417.49081042358, 2478.193888888889
417.93274262181853, 2466.0577777777776
418.37462758334823, 2536.447222222222
418.8164652876469, 2424.795
419.25825571419233, 2514.6022222222223
419.6999988424625, 2458.7761111111113
420.1416946519353, 2497.6116666666667
420.58334312208865, 2575.282777777778
421.02494423240046, 2436.931111111111
421.46649796234846, 2415.086111111111
421.9080042914106, 2463.6305555555555
422.34946319906476, 2483.048333333333
422.7908746647889, 2531.592777777778
423.2322386680608, 2487.902777777778
423.6735551883584, 2490.33
424.1148242051596, 2480.621111111111
424.55604569794224, 2587.418888888889
424.99721964618425, 2509.7477777777776
425.43834602936346, 2517.0294444444444
425.87942482695786, 2485.4755555555557
426.32045601844516, 2475.766666666667
426.7614395833034, 2582.5644444444442
427.20237550101035, 2466.0577777777776
427.643263751044, 2536.447222222222
428.0841043128821, 2463.6305555555555
428.5248971660027, 2405.3772222222224
428.96564228988353, 2429.6494444444443
429.4063396640026, 2410.2316666666666
429.8469892678377, 2521.883888888889
430.2875910808667, 2514.6022222222223
430.72814508256766, 2475.766666666667
431.1686512524183, 2502.4661111111113
431.6091095698964, 2541.3016666666667
432.04952001448015, 2461.2033333333334
432.48988256564724, 2507.3205555555555
432.93019720287555, 2473.3394444444443
433.37046390564296, 2446.64
433.8106826534275, 2504.8933333333334
434.2508534257068, 2422.367777777778
434.690976201959, 2390.813888888889
435.13105096166186, 2451.4944444444445
435.57107768429324, 2512.175
436.011056349331, 2551.0105555555556
436.4509869362532, 2466.0577777777776
436.8908694245375, 2546.156111111111
437.330703793662, 2466.0577777777776
437.7704900231044, 2402.95
438.2102280923426, 2538.8744444444446
438.64991798085464, 2439.358333333333
439.0895596681183, 2453.9216666666666
439.52915313361143, 2487.902777777778
439.968698356812, 2485.4755555555557
440.4081953171978, 2543.728888888889
440.84764399424677, 2468.485
441.28704436743686, 2490.33
441.7263964162458, 2531.592777777778
442.1657001201515, 2521.883888888889
442.604955458632, 2497.6116666666667
443.044162411165, 2473.3394444444443
443.48332095722856, 2524.311111111111
443.92243107630037, 2504.8933333333334
444.36149274785845, 2524.311111111111
444.80050595138067, 2551.0105555555556
445.2394706663448, 2514.6022222222223
445.67838687222894, 2521.883888888889
446.11725454851074, 2541.3016666666667
446.5560736746682, 2492.757222222222
446.99484423017924, 2451.4944444444445
447.4335661945217, 2473.3394444444443
447.8722395471734, 2490.33
448.3108642676124, 2485.4755555555557
448.74944033531636, 2514.6022222222223
449.18796772976333, 2577.71
449.6264464304311, 2534.02
450.0648764167976, 2548.5833333333335
450.5032576683408, 2517.0294444444444
450.94159016453835, 2551.0105555555556
451.37987388486823, 2500.038888888889
451.8181088088085, 2473.3394444444443
452.25629491583686, 2529.1655555555553
452.6944321854313, 2497.6116666666667
453.1325205970696, 2490.33
453.5705601302296, 2456.3488888888887
454.00855076438944, 2509.7477777777776
454.44649247902674, 2470.912222222222
454.8843852536195, 2575.282777777778
455.32222906764554, 2538.8744444444446
455.76002390058284, 2517.0294444444444
456.19776973190926, 2480.621111111111
456.63546654110263, 2436.931111111111
457.07311430764076, 2526.7383333333332
457.5107130110018, 2504.8933333333334
457.9482626306634, 2483.048333333333
458.38576314610356, 2577.71
458.82321453680004, 2575.282777777778
459.2606167822308, 2526.7383333333332
459.69796986187373, 2551.0105555555556
460.13527375520675, 2451.4944444444445
460.5725284417076, 2558.2922222222223
461.0097339008544, 2507.3205555555555
461.44689011212483, 2512.175
461.8839970549969, 2572.8555555555554
462.3210547089484, 2480.621111111111
462.7580630534572, 2466.0577777777776
463.1950220680013, 2463.6305555555555
463.63193173205855, 2577.71
464.0687920251067, 2478.193888888889
464.5056029266238, 2504.8933333333334
464.9423644160876, 2517.0294444444444
465.3790764729762, 2538.8744444444446
465.8157390767672, 2480.621111111111
466.2523522069386, 2531.592777777778
466.6889158429684, 2546.156111111111
467.12542996433433, 2551.0105555555556
467.5618945505144, 2519.4566666666665
467.9983095809864, 2509.7477777777776
468.4346750352282, 2543.728888888889
468.8709908927178, 2541.3016666666667
469.30725713293293, 2534.02
469.7434737353516, 2480.621111111111
470.1796406794516, 2519.4566666666665
470.6157579447109, 2570.4283333333333
471.05182551060733, 2650.5266666666666
471.4878433566188, 2589.846111111111
471.9238114622231, 2606.8366666666666
472.35972980689826, 2597.1277777777777
472.7955983701221, 2577.71
473.23141713137244, 2565.573888888889
473.66718607012734, 2582.5644444444442
474.1029051658645, 2723.3433333333332
474.53857439806194, 2655.3811111111113
474.97419374619733, 2635.963333333333
475.4097631897488, 2609.2638888888887
475.84528270819413, 2648.0994444444445
476.28075228101125, 2597.1277777777777
476.71617188767794, 2737.9066666666668
477.15154150767216, 2621.4
477.5868611204718, 2742.761111111111
478.0221307055547, 2723.3433333333332
478.4573502423987, 2660.2355555555555
478.89251971048185, 2793.7327777777778
479.3276390892819, 2696.643888888889
479.76270835827677, 2767.0333333333333
480.19772749694437, 2781.596666666667
480.6326964847625, 2735.4794444444447
481.0676153012091, 2689.362222222222
481.50248392576214, 2825.286666666667
481.9373023378993, 2881.112777777778
482.3720705170987, 2834.9955555555557
482.80678844283807, 2888.3944444444446
483.2414560945953, 2978.201666666667
483.6760734518483, 2992.765
484.110640494075, 3043.7366666666667
484.5451572007532, 3026.746111111111
484.9796235513608, 3068.008888888889
485.41403952537576, 3000.0466666666666
485.8484051022759, 3099.5627777777777
486.2827202615391, 3208.7877777777776
486.7169849826432, 3276.75
487.1511992450663, 3274.322777777778
487.585363028286, 3259.7594444444444
488.01947631178035, 3381.1205555555557
488.4535390750272, 3359.2755555555555
488.88755129750444, 3485.491111111111
489.32151295868994, 3497.6272222222224
489.75542403806156, 3611.7066666666665
490.1892845150972, 3614.133888888889
490.6230943692748, 3614.133888888889
491.05685358007213, 3657.823888888889
491.4905621269672, 3818.0205555555553
491.9242199894378, 3876.273888888889
492.3578271469619, 3997.635
492.7913835790173, 4109.287222222222
493.2248892650819, 4155.404444444444
493.65834418463356, 4216.085
494.09174831715035, 4264.629444444445
494.52510164210986, 4417.544444444445
494.9584041389902, 4356.863888888889
495.3916557872692, 4492.788333333333
495.8248565664246, 4560.750555555555
496.25800645593455, 4842.308333333333
496.69110543527665, 5070.4672222222225
497.124153483929, 5009.786666666667
497.5571505813694, 5189.401111111111
497.99009670707574, 5417.56
498.42299184052587, 5383.578888888889
498.8558359611977, 5740.3805555555555
499.28862904856913, 5808.342777777778
499.72137108211814, 5922.422222222222
500.15406204132233, 6099.609444444444
500.5867019056598, 6364.176666666666
501.01929065460854, 6536.509444444445
501.45182826764614, 6730.687222222222
501.8843147242507, 7031.662777777778
502.3167500039, 7187.005
502.749134086072, 7378.7555555555555
503.1814669502445, 7589.9238888888885
503.6137485758955, 7886.045
504.04597894250264, 8187.020555555556
504.4781580295442, 8376.343888888889
504.9102858164977, 8657.901666666667
505.3423622828412, 9121.50111111111
505.7743874080526, 9420.049444444445
506.20636117160956, 9415.195
506.63828355299034, 9752.57888888889
507.07015453167253, 10068.117777777778
507.50197408713404, 10359.384444444444
507.93374219885294, 10531.717222222222
508.36545884630686, 11053.57
508.7971240089739, 11272.02
509.2287376663318, 11560.859444444444
509.66029979785856, 11876.398333333333
510.0918103830321, 12189.51
510.5232694013299, 12505.048888888889
510.9546768322305, 12983.211666666666
511.3860326552112, 13140.98111111111
511.81733684975023, 13429.820555555556
512.2485893953253, 13903.128888888888
512.6797902714144, 14240.512777777778
513.1109394574953, 14672.558333333332
513.5420369330461, 14776.92888888889
513.9730826775443, 15051.205
514.4040766704684, 14949.261666666667
514.8350188912955, 15529.367777777778
515.2659093195042, 15871.60611111111
515.6967479345718, 16070.638333333334
516.1275347159767, 16264.816111111111
516.5582696431964, 16466.275555555556
516.9889526957089, 16742.97888888889
517.4195838529922, 16854.63111111111
517.8501630945242, 17075.508333333335
518.2806903997824, 17148.325
518.7111657482452, 17235.705
519.1415891193901, 17082.79
519.5719604926952, 17318.230555555554
520.0022798476382, 17344.93
520.4325471636973, 17293.958333333332
520.8627624203501, 17332.79388888889
521.2929255970745, 17602.215555555555
521.7230366733485, 17476.0
522.1530956286498, 17301.24
522.5831024424566, 17264.831666666665
523.0130570942465, 17196.869444444445
523.4429595634975, 17036.672777777778
523.8728098296876, 17056.090555555555
524.3026078722943, 16648.317222222224
524.732353670796, 16609.481666666667
525.1620472046701, 16619.190555555557
525.5916884533947, 16335.205555555556
526.0212773964479, 15995.394444444444
526.4508140133071, 15937.141111111112
526.8802982834507, 16048.793333333333
527.3097301863561, 15509.95
527.7391097015015, 15335.19
528.168436808365, 15068.195555555556
528.5977114864237, 15223.537777777778
529.0269337151562, 14803.628333333334
529.4561034740402, 14529.352222222222
529.8852207425534, 14179.832222222221
530.314285500174, 14201.677222222223
530.7432977263796, 13725.941666666668
531.1722574006484, 13708.951111111111
531.6011645024578, 13670.115555555556
532.030019011286, 13223.506666666666
532.458820906611, 13116.708888888888
532.8875701679102, 12713.79
533.3162667746622, 12424.950555555555
533.7449107063443, 12162.810555555556
534.1735019424347, 12070.576111111111
534.602040462411, 11905.525
535.0305262457513, 11582.704444444444
535.4589592719335, 11330.273333333333
535.8873395204353, 11097.26
536.3156669707347, 10949.199444444444
536.7439416023096, 10818.129444444445
537.1721633946379, 10643.369444444445
537.6003323271975, 10526.862777777778
538.028448379466, 10347.248333333333
538.4565115309218, 10029.282222222222
538.8845217610424, 9900.639444444445
539.3124790493057, 9871.512777777778
539.7403833751898, 9662.771666666667
540.1682347181724, 9514.711111111112
540.5960330577315, 9376.359444444444
541.0237783733447, 9267.134444444444
541.4514706444902, 8898.196666666667
541.8791098506459, 8788.971666666666
542.3066959712894, 8677.319444444445
542.7342289858989, 8500.132222222222
543.1617088739521, 8393.334444444445
543.5891356149269, 8305.954444444444
544.0165091883014, 8221.001666666667
544.4438295735529, 7898.181111111111
544.8710967501598, 7864.2
545.2983106976, 7805.946666666667
545.7254713953512, 7859.345555555556
546.1525788228913, 7699.148888888889
546.5796329596982, 7339.92
547.0066337852497, 7308.366111111111
547.4335812790239, 7240.403888888889
547.8604754204986, 7087.488888888889
548.2873161891516, 7104.479444444444
548.7141035644607, 6827.776111111111
549.140837525904, 6718.551111111111
549.5675180529594, 6684.57
549.9941451251045, 6643.307222222223
550.4207187218174, 6597.19
550.847238822576, 6483.110555555556
551.2737054068582, 6240.388333333333
551.7001184541417, 6252.524444444444
552.1264779439044, 6167.571666666667
552.5527838556245, 6043.783333333334
552.9790361687795, 6019.511111111111
553.4052348628476, 5796.206666666667
553.8313799173064, 5662.709444444445
554.2574713116339, 5822.906111111111
554.6835090253081, 5597.174444444445
555.1094930378068, 5623.873888888889
555.5354233286079, 5478.240555555555
555.961299877189, 5284.062777777778
556.3871226630284, 5436.977777777778
556.8128916656038, 5325.325555555555
557.2386068643932, 5177.265
557.6642682388743, 5089.885
558.0898757685251, 5036.486111111111
558.5154294328235, 5002.505
558.9409292112473, 4912.697777777777
559.3663750832743, 4885.998333333333
559.7917670283828, 4784.055
560.2171050260499, 4757.355555555556
560.6423890557544, 4599.586111111111
561.0676190969735, 4638.421666666667
561.4927951291855, 4512.206111111111
561.9179171318682, 4436.962222222222
562.3429850844992, 4429.680555555556
562.7679989665568, 4339.873333333333
563.1929587575185, 4286.474444444444
563.6178644368624, 4257.347777777778
564.0427159840664, 4230.6483333333335
564.4675133786083, 4186.958333333333
564.892256599966, 4259.775
565.3169456276173, 4169.967777777778
565.7415804410404, 4126.277777777777
566.1661610197128, 4043.7522222222224
566.5906873431126, 3944.2361111111113
567.0151593907176, 3970.9355555555558
567.4395771420056, 3922.391111111111
567.8639405764549, 3895.6916666666666
568.2882496735427, 3815.5933333333332
568.7125044127475, 3793.7483333333334
569.136704773547, 3735.495
569.560850735419, 3769.476111111111
569.9849422778414, 3570.443888888889
570.408979380292, 3720.931666666667
570.8329620222488, 3606.8522222222223
571.2568901831899, 3723.358888888889
571.6807638425926, 3638.406111111111
572.1045829799353, 3645.6877777777777
572.5283475746957, 3609.2794444444444
572.9520576063518, 3519.472222222222
573.3757130543813, 3500.0544444444445
573.7993138982621, 3490.3455555555556
574.2228601174724, 3446.6555555555556
574.6463516914896, 3407.82
575.069788599792, 3553.4533333333334
575.4931708218572, 3514.617777777778
575.916498337163, 3422.383333333333
576.3397711251878, 3449.0827777777777
576.7629891654091, 3376.266111111111
577.1861524373047, 3332.576111111111
577.6092609203528, 3293.7405555555556
578.0323145940308, 3228.2055555555557
578.4553134378172, 3240.3416666666667
578.8782574311896, 3252.4777777777776
579.3011465536257, 3216.0694444444443
579.7239807846037, 3133.543888888889
580.146760103601, 3208.7877777777776
580.5694844900961, 3194.2244444444445
580.9921539235664, 3104.4172222222223
581.4147683834901, 3138.3983333333335
581.8373278493451, 3048.5911111111113
582.2598323006089, 3116.5533333333333
582.6822817167598, 2992.765
583.1046760772754, 3135.971111111111
583.5270153616337, 3162.6705555555554
583.9492995493126, 3065.5816666666665
584.3715286197901, 2997.6194444444445
584.7937025525439, 2992.765
585.2158213270517, 2987.9105555555557
585.6378849227918, 3038.882222222222
586.059893319242, 2975.7744444444443
586.4818464958798, 3053.4455555555555
586.9037444321838, 3002.4738888888887
587.3255871076311, 2932.0844444444447
587.7473745017, 2881.112777777778
588.1691065938684, 3000.0466666666666
588.590783363614, 2878.6855555555558
589.0124047904148, 2866.5494444444444
589.4339708537487, 2929.657222222222
589.8554815330937, 2864.1222222222223
590.2769368079274, 2856.8405555555555
590.6983366577279, 2810.7233333333334
591.1196810619729, 2847.1316666666667
591.5409700001403, 2839.85
591.9622034517083, 2837.422777777778
592.3833813961545, 2827.713888888889
592.8045038129568, 2859.2677777777776
593.2255706815931, 2764.606111111111
593.6465819815413, 2830.141111111111
594.0675376922794, 2784.023888888889
594.488437793285, 2837.422777777778
594.9092822640364, 2839.85
595.3300710840113, 2820.432222222222
595.7508042326872, 2708.78
596.1714816895425, 2757.3244444444445
596.5921034340548, 2754.8972222222224
597.0126694457022, 2805.8688888888887
597.4331797039623, 2757.3244444444445
597.8536341883132, 2745.1883333333335
598.2740328782329, 2774.315
598.6943757531989, 2771.887777777778
599.1146627926894, 2813.1505555555555
599.5348939761823, 2818.005
599.9550692831551, 2728.197777777778
600.3751886930862, 2776.742222222222
600.795252185453, 2771.887777777778
601.2152597397338, 2733.052222222222
601.6352113354062, 2711.2072222222223
602.0551069519482, 2759.7516666666666
602.4749465688378, 2784.023888888889
602.8947301655527, 2771.887777777778
603.3144577215706, 2660.2355555555555
603.7341292163699, 2735.4794444444447
604.153744629428, 2720.916111111111
604.5733039402232, 2699.071111111111
604.9928071282329, 2786.451111111111
605.4122541729356, 2696.643888888889
605.8316450538086, 2708.78
606.2509797503302, 2672.3716666666664
606.670258241978, 2769.4605555555554
607.0894805082299, 2769.4605555555554
607.5086465285641, 2723.3433333333332
607.9277562824581, 2706.3527777777776
608.3468097493899, 2672.3716666666664
608.7658069088376, 2589.846111111111
609.1847477402787, 2686.935
609.6036322231914, 2713.6344444444444
610.0224603370534, 2597.1277777777777
610.4412320613428, 2667.5172222222222
610.8599473755373, 2699.071111111111
611.2786062591147, 2684.507777777778
611.6972086915533, 2660.2355555555555
612.1157546523305, 2684.507777777778
612.5342441209243, 2650.5266666666666
612.952677076813, 2691.7894444444446
613.3710534994736, 2558.2922222222223
613.789373368385, 2652.9538888888887
614.2076366630243, 2694.2166666666667
614.62584336287, 2618.972777777778
615.0439934473997, 2730.625
615.4620868960909, 2553.4377777777777
615.8801236884221, 2696.643888888889
616.298103803871, 2621.4
616.7160272219153, 2635.963333333333
617.1338939220329, 2570.4283333333333
617.5517038837019, 2575.282777777778
617.9694570864001, 2718.488888888889
618.3871535096054, 2633.536111111111
618.8047931327956, 2577.71
619.2223759354484, 2621.4
619.6399018970421, 2604.4094444444445
620.0573709970545, 2589.846111111111
620.4747832149632, 2633.536111111111
620.8921385302463, 2597.1277777777777
621.3094369223816, 2599.555
621.7266783708471, 2648.0994444444445
622.1438628551207, 2534.02
622.5609903546799, 2643.245
622.9780608490031, 2514.6022222222223
623.395074317568, 2655.3811111111113
623.8120307398522, 2514.6022222222223
624.228930095334, 2652.9538888888887
624.645772363491, 2560.7194444444444
625.0625575238014, 2633.536111111111
625.4792855557428, 2631.108888888889
625.8959564387931, 2589.846111111111
626.3125701524302, 2623.827222222222
626.7291266761321, 2640.817777777778
627.1456259893766, 2628.681666666667
627.5620680716416, 2589.846111111111
627.978452902405, 2616.5455555555554
628.3947804611447, 2604.4094444444445
628.8110507273384, 2672.3716666666664
629.2272636804644, 2611.6911111111112
629.6434193000001, 2660.2355555555555
630.0595175654236, 2655.3811111111113
630.4755584562129, 2672.3716666666664
630.8915419518455, 2589.846111111111
631.3074680317999, 2512.175
631.7233366755535, 2618.972777777778
632.1391478625843, 2626.2544444444443
632.5549015723702, 2628.681666666667
632.9705977843889, 2572.8555555555554
633.3862364781188, 2631.108888888889
633.8018176330373, 2572.8555555555554
634.2173412286224, 2553.4377777777777
634.6328072443522, 2631.108888888889
635.0482156597042, 2555.865
635.4635664541566, 2623.827222222222
635.8788596071872, 2604.4094444444445
636.2940950982738, 2575.282777777778
636.7092729068943, 2580.137222222222
637.1243930125266, 2512.175
637.5394553946488, 2609.2638888888887
637.9544600327383, 2560.7194444444444
638.3694069062735, 2589.846111111111
638.784295994732, 2553.4377777777777
639.1991272775919, 2655.3811111111113
639.6139007343309, 2601.9822222222224
640.0286163444265, 2519.4566666666665
640.4432740873574, 2640.817777777778
640.857873942601, 2599.555
641.2724158896351, 2631.108888888889
641.686899907938, 2555.865
642.101325976987, 2577.71
642.5156940762606, 2560.7194444444444
642.9300041852364, 2587.418888888889
643.344256283392, 2555.865
643.758450350206, 2672.3716666666664
644.1725863651554, 2543.728888888889
644.5866643077189, 2524.311111111111
645.0006841573738, 2543.728888888889
645.4146458935983, 2507.3205555555555
645.8285494958702, 2570.4283333333333
646.2423949436671, 2560.7194444444444
646.6561822164675, 2551.0105555555556
647.0699112937488, 2594.7005555555556
647.483582154989, 2575.282777777778
647.897194779666, 2548.5833333333335
648.3107491472578, 2475.766666666667
648.724245237242, 2519.4566666666665
649.1376830290968, 2560.7194444444444
649.5510625022998, 2648.0994444444445
649.964383636329, 2538.8744444444446
650.3776464106625, 2657.8083333333334
650.790850804778, 2572.8555555555554
651.2039967981532, 2543.728888888889
651.6170843702662, 2606.8366666666666
652.0301135005949, 2616.5455555555554
652.443084168617, 2587.418888888889
652.8559963538107, 2531.592777777778
653.2688500356536, 2531.592777777778
653.6816451936236, 2553.4377777777777
654.0943818071987, 2572.8555555555554
654.5070598558568, 2553.4377777777777
654.9196793190757, 2538.8744444444446
655.3322401763332, 2558.2922222222223
655.7447424071077, 2560.7194444444444
656.1571859908762, 2551.0105555555556
656.5695709071173, 2512.175
656.9818971353087, 2524.311111111111
657.394164654928, 2563.1466666666665
657.8063734454535, 2616.5455555555554
658.2185234863628, 2514.6022222222223
658.6306147571338, 2500.038888888889
659.0426472372449, 2546.156111111111
659.454620906173, 2546.156111111111
659.8665357433969, 2587.418888888889
660.2783917283939, 2580.137222222222
660.6901888406422, 2660.2355555555555
661.1019270596197, 2580.137222222222
661.5136063648039, 2512.175
661.9252267356732, 2592.2733333333335
662.336788151705, 2601.9822222222224
662.7482905923775, 2531.592777777778
663.1597340371688, 2538.8744444444446
663.5711184655561, 2509.7477777777776
663.9824438570179, 2541.3016666666667
664.3937101910318, 2502.4661111111113
664.8049174470756, 2548.5833333333335
665.2160656046276, 2563.1466666666665
665.627154643165, 2563.1466666666665
666.0381845421665, 2635.963333333333
666.4491552811094, 2606.8366666666666
666.8600668394716, 2563.1466666666665
667.2709191967314, 2536.447222222222
667.6817123323663, 2618.972777777778
668.0924462258544, 2568.001111111111
668.5031208566734, 2592.2733333333335
668.9137362043014, 2575.282777777778
669.324292248216, 2638.3905555555557
669.7347889678953, 2534.02
670.1452263428172, 2534.02
670.5556043524593, 2584.991666666667
670.9659229763, 2497.6116666666667
671.3761821938167, 2538.8744444444446
671.7863819844875, 2507.3205555555555
672.1965223277904, 2560.7194444444444
672.6066032032028, 2599.555
673.0166245902033, 2526.7383333333332
673.4265864682691, 2534.02
673.8364888168785, 2478.193888888889
674.2463316155092, 2538.8744444444446
674.6561148436392, 2529.1655555555553
675.0658384807463, 2507.3205555555555
675.4755025063084, 2551.0105555555556
675.8851068998035, 2487.902777777778
676.2946516407094, 2587.418888888889
676.7041367085039, 2504.8933333333334
677.1135620826649, 2580.137222222222
677.5229277426704, 2534.02
677.9322336679982, 2541.3016666666667
678.3414798381262, 2524.311111111111
678.7506662325325, 2555.865
679.1597928306944, 2524.311111111111
679.5688596120904, 2580.137222222222
679.977866556198, 2534.02
680.3868136424953, 2492.757222222222
680.7957008504601, 2575.282777777778
681.2045281595704, 2589.846111111111
681.6132955493039, 2563.1466666666665
682.0220029991384, 2507.3205555555555
682.430650488552, 2490.33
682.8392379970227, 2434.503888888889
683.2477655040282, 2519.4566666666665
683.6562329890462, 2444.212777777778
684.064640431555, 2565.573888888889
684.472987811032, 2495.1844444444446
684.8812751069555, 2509.7477777777776
685.2895022988033, 2538.8744444444446
685.6976693660531, 2509.7477777777776
686.1057762881829, 2531.592777777778
686.5138230446706, 2473.3394444444443
686.9218096149941, 2500.038888888889
687.3297359786312, 2461.2033333333334
687.7376021150599, 2563.1466666666665
688.145408003758, 2568.001111111111
688.5531536242033, 2509.7477777777776
688.9608389558739, 2543.728888888889
689.3684639782474, 2529.1655555555553
689.7760286708021, 2473.3394444444443
690.1835330130154, 2568.001111111111
690.5909769843656, 2558.2922222222223
690.9983605643303, 2439.358333333333
691.4056837323875, 2543.728888888889
691.8129464680152, 2509.7477777777776
692.220148750691, 2519.4566666666665
692.6272905598929, 2495.1844444444446
693.0343718750988, 2405.3772222222224
693.4413926757868, 2560.7194444444444
693.8483529414345, 2436.931111111111
694.25525265152, 2538.8744444444446
694.6620917855208, 2521.883888888889
695.0688703229151, 2475.766666666667
695.4755882431808, 2504.8933333333334
695.8822455257957, 2507.3205555555555
696.2888421502378, 2514.6022222222223
696.6953780959847, 2500.038888888889
697.1018533425145, 2458.7761111111113
697.5082678693051, 2439.358333333333
697.9146216558341, 2555.865
698.3209146815799, 2497.6116666666667
698.72714692602, 2456.3488888888887
699.1333183686324, 2453.9216666666666
699.5394289888949, 2400.5227777777777
699.9454787662854, 2385.9594444444447
700.3514676802821, 2483.048333333333
700.7573957103624, 2487.902777777778
701.1632628360044, 2432.076666666667
701.569069036686, 2487.902777777778
701.9748142918851, 2495.1844444444446
702.3804985810796, 2475.766666666667
702.7861218837471, 2526.7383333333332
703.1916841793659, 2495.1844444444446
703.5971854474136, 2536.447222222222
704.0026256673683, 2507.3205555555555
704.4080048187078, 2463.6305555555555
704.8133228809098, 2463.6305555555555
705.2185798334524, 2555.865
705.6237756558133, 2453.9216666666666
706.0289103274706, 2458.7761111111113
706.4339838279021, 2456.3488888888887
706.8389961365859, 2461.2033333333334
707.2439472329994, 2497.6116666666667
707.6488370966208, 2485.4755555555557
708.0536657069279, 2492.757222222222
708.4584330433985, 2517.0294444444444
708.8631390855107, 2470.912222222222
709.2677838127423, 2478.193888888889
709.6723672045712, 2478.193888888889
710.0768892404751, 2446.64
710.4813498999321, 2502.4661111111113
710.88574916242, 2475.766666666667
711.2900870074167, 2434.503888888889
711.6943634144001, 2439.358333333333
712.0985783628479, 2429.6494444444443
712.5027318322383, 2466.0577777777776
712.906823802049, 2478.193888888889
713.310854251758, 2509.7477777777776
713.7148231608429, 2434.503888888889
714.1187305087819, 2536.447222222222
714.5225762750528, 2507.3205555555555
714.9263604391333, 2424.795
715.3300829805016, 2485.4755555555557
715.7337438786353, 2398.0955555555556
716.1373431130124, 2449.0672222222224
716.5408806631108, 2439.358333333333
716.9443565084084, 2504.8933333333334
717.3477706283832, 2487.902777777778
717.7511230025127, 2473.3394444444443
718.1544136102751, 2463.6305555555555
718.5576424311482, 2400.5227777777777
718.9608094446097, 2473.3394444444443
719.363914630138, 2434.503888888889
719.7669579672105, 2456.3488888888887
720.1699394353052, 2461.2033333333334
720.5728590138999, 2405.3772222222224
720.9757166824728, 2466.0577777777776
721.3785124205016, 2451.4944444444445
721.7812462074642, 2468.485
722.1839180228383, 2364.1144444444444
722.586527846102, 2402.95
722.989075656733, 2507.3205555555555
723.3915614342095, 2461.2033333333334
723.7939851580091, 2458.7761111111113
724.1963468076099, 2466.0577777777776
724.5986463624895, 2446.64
725.0008838021259, 2395.6683333333335
725.4030591059972, 2407.8044444444445
725.8051722535811, 2429.6494444444443
726.2072232243553, 2478.193888888889
726.6092119977981, 2473.3394444444443
727.011138553387, 2490.33
727.4130028706, 2517.0294444444444
727.8148049289152, 2439.358333333333
728.2165447078104, 2487.902777777778
728.6182221867631, 2436.931111111111
729.0198373452516, 2446.64
729.4213901627536, 2517.0294444444444
729.8228806187471, 2458.7761111111113
730.2243086927101, 2507.3205555555555
730.6256743641202, 2424.795
731.0269776124553, 2453.9216666666666
731.4282184171935, 2458.7761111111113
731.8293967578126, 2487.902777777778
732.2305126137903, 2458.7761111111113
732.6315659646046, 2402.95
733.0325567897337, 2427.222222222222
733.4334850686549, 2453.9216666666666
733.8343507808465, 2444.212777777778
734.2351539057863, 2419.9405555555554
734.6358944229522, 2485.4755555555557
735.0365723118219, 2512.175
735.4371875518735, 2500.038888888889
735.8377401225848, 2480.621111111111
736.2382300034338, 2458.7761111111113
736.6386571738981, 2434.503888888889
737.0390216134557, 2432.076666666667
737.4393233015847, 2427.222222222222
737.8395622177627, 2495.1844444444446
738.2397383414677, 2400.5227777777777
738.6398516521779, 2504.8933333333334
739.0399021293706, 2417.5133333333333
739.439889752524, 2395.6683333333335
739.8398145011159, 2415.086111111111
740.2396763546243, 2410.2316666666666
740.639475292527, 2492.757222222222
741.0392112943019, 2434.503888888889
741.4388843394269, 2480.621111111111
741.8384944073797, 2466.0577777777776
742.2380414776385, 2415.086111111111
742.637525529681, 2456.3488888888887
743.0369465429851, 2456.3488888888887
743.4363044970287, 2509.7477777777776
743.8355993712896, 2526.7383333333332
744.2348311452458, 2470.912222222222
744.6339997983753, 2473.3394444444443
745.0331053101557, 2424.795
745.432147660065, 2407.8044444444445
745.8311268275811, 2478.193888888889
746.230042792182, 2456.3488888888887
746.6288955333454, 2470.912222222222
747.0276850305493, 2441.7855555555557
747.4264112632713, 2439.358333333333
747.8250742109897, 2439.358333333333
748.2236738531822, 2473.3394444444443
748.6222101693266, 2422.367777777778
749.0206831389012, 2466.0577777777776
749.4190927413832, 2526.7383333333332
749.817438956251, 2468.485
750.2157217629822, 2529.1655555555553
750.6139411410547, 2441.7855555555557
751.0120970699468, 2487.902777777778
751.4101895291359, 2502.4661111111113
751.8082184981, 2410.2316666666666
752.2061839563171, 2485.4755555555557
752.604085883265, 2485.4755555555557
753.0019242584217, 2483.048333333333
753.399699061265, 2417.5133333333333
753.7974102712727, 2463.6305555555555
754.1950578679227, 2415.086111111111
754.5926418306931, 2444.212777777778
754.9901621390615, 2500.038888888889
755.387618772506, 2521.883888888889
755.7850117105044, 2470.912222222222
756.1823409325345, 2456.3488888888887
756.5796064180743, 2500.038888888889
756.9768081466016, 2427.222222222222
757.3739460975944, 2422.367777777778
757.7710202505305, 2446.64
758.1680305848877, 2434.503888888889
758.564977080144, 2480.621111111111
758.9618597157773, 2492.757222222222
759.3586784712656, 2558.2922222222223
759.7554333260865, 2439.358333333333
760.1521242597179, 2407.8044444444445
760.5487512516379, 2461.2033333333334
760.9453142813243, 2475.766666666667
761.341813328255, 2470.912222222222
761.738248371908, 2512.175
762.1346193917608, 2381.105
762.5309263672914, 2383.532222222222
762.927169277978, 2449.0672222222224
763.3233481032983, 2480.621111111111
763.7194628227302, 2436.931111111111
764.1155134157514, 2458.7761111111113
764.5114998618401, 2436.931111111111
764.9074221404738, 2463.6305555555555
765.3032802311308, 2495.1844444444446
765.6990741132888, 2502.4661111111113
766.0948037664257, 2444.212777777778
766.4904691700191, 2453.9216666666666
766.8860703035473, 2422.367777777778
767.2816071464881, 2419.9405555555554
767.6770796783193, 2441.7855555555557
768.0724878785187, 2446.64
768.4678317265643, 2490.33
768.8631112019339, 2490.33
769.2583262841056, 2458.7761111111113
769.653476952557, 2514.6022222222223
770.0485631867662, 2492.757222222222
770.4435849662109, 2485.4755555555557
770.8385422703691, 2514.6022222222223
771.2334350787187, 2536.447222222222
771.6282633707374, 2444.212777777778
772.0230271259036, 2470.912222222222
772.4177263236944, 2424.795
772.8123609435884, 2497.6116666666667
773.2069309650631, 2415.086111111111
773.6014363675963, 2461.2033333333334
773.9958771306663, 2436.931111111111
774.3902532337505, 2441.7855555555557
774.7845646563271, 2429.6494444444443
775.1788113778739, 2490.33
775.5729933778688, 2475.766666666667
775.9671106357898, 2483.048333333333
776.3611631311144, 2495.1844444444446
776.755150843321, 2453.9216666666666
777.1490737518869, 2441.7855555555557
777.5429318362906, 2497.6116666666667
777.9367250760095, 2475.766666666667
778.3304534505218, 2463.6305555555555
778.7241169393052, 2534.02
779.1177155218376, 2436.931111111111
779.5112491775968, 2410.2316666666666
779.904717886061, 2405.3772222222224
780.2981216267079, 2490.33
780.6914603790154, 2424.795
781.0847341224612, 2405.3772222222224
781.4779428365234, 2356.8327777777777
781.8710865006798, 2359.26
782.2641650944086, 2427.222222222222
782.657178597187, 2485.4755555555557
783.0501269884934, 2495.1844444444446
783.4430102478057, 2441.7855555555557
783.8358283546014, 2463.6305555555555
784.2285812883588, 2512.175
784.6212690285556, 2483.048333333333
785.0138915546697, 2492.757222222222
785.4064488461789, 2470.912222222222
785.7989408825612, 2466.0577777777776
786.1913676432944, 2407.8044444444445
786.5837291078566, 2441.7855555555557
786.9760252557254, 2466.0577777777776
787.3682560663788, 2427.222222222222
787.7604215192946, 2526.7383333333332
788.1525215939508, 2521.883888888889
788.5445562698254, 2558.2922222222223
788.9365255263959, 2492.757222222222
789.3284293431406, 2463.6305555555555
789.7202676995372, 2526.7383333333332
790.1120405750635, 2466.0577777777776
790.5037479491975, 2383.532222222222
790.8953898014171, 2432.076666666667
791.2869661112001, 2509.7477777777776
791.6784768580243, 2449.0672222222224
792.0699220213678, 2463.6305555555555
792.4613015807084, 2432.076666666667
792.852615515524, 2441.7855555555557
793.2438638052924, 2446.64
793.6350464294916, 2449.0672222222224
794.0261633675993, 2456.3488888888887
794.4172145990937, 2480.621111111111
794.8082001034524, 2402.95
795.1991198601534, 2497.6116666666667
795.5899738486744, 2526.7383333333332
795.9807620484936, 2410.2316666666666
796.3714844390886, 2412.6588888888887
796.7621409999376, 2432.076666666667
797.1527317105182, 2434.503888888889
797.5432565503083, 2473.3394444444443
797.933715498786, 2419.9405555555554
798.3241085354289, 2529.1655555555553
798.7144356397151, 2470.912222222222
799.1046967911225, 2456.3488888888887
799.4948919691287, 2529.1655555555553
799.8850211532119, 2492.757222222222
800.2750843228498, 2519.4566666666665
800.6650814575204, 2456.3488888888887
801.0550125367017, 2517.0294444444444
801.4448775398711, 2480.621111111111
801.8346764465069, 2519.4566666666665
802.224409236087, 2470.912222222222
802.614075888089, 2453.9216666666666
803.0036763819912, 2463.6305555555555
803.393210697271, 2461.2033333333334
803.7826788134066, 2495.1844444444446
804.1720807098758, 2461.2033333333334
804.5614163661564, 2500.038888888889
804.9506857617265, 2480.621111111111
805.3398888760638, 2490.33
805.7290256886463, 2434.503888888889
806.1180961789518, 2456.3488888888887
806.507100326458, 2509.7477777777776
806.8960381106433, 2407.8044444444445
807.2849095109851, 2504.8933333333334
807.6737145069615, 2495.1844444444446
808.0624530780502, 2497.6116666666667
808.4511252037294, 2495.1844444444446
808.8397308634767, 2483.048333333333
809.2282700367703, 2434.503888888889
809.6167427030877, 2492.757222222222
810.0051488419068, 2468.485
810.3934884327059, 2463.6305555555555
810.7817614549624, 2461.2033333333334
811.1699678881547, 2427.222222222222
811.5581077117603, 2378.677777777778
811.946180905257, 2429.6494444444443
812.3341874481231, 2470.912222222222
812.722127319836, 2456.3488888888887
813.1100004998741, 2458.7761111111113
813.4978069677148, 2492.757222222222
813.8855467028363, 2517.0294444444444
814.2732196847163, 2475.766666666667
814.6608258928328, 2551.0105555555556
815.0483653066638, 2468.485
815.4358379056869, 2412.6588888888887
815.82324366938, 2555.865
816.2105825772212, 2434.503888888889
816.5978546086883, 2485.4755555555557
816.9850597432592, 2458.7761111111113
817.3721979604117, 2470.912222222222
817.7592692396238, 2405.3772222222224
818.1462735603732, 2490.33
818.5332109021379, 2483.048333333333
818.9200812443959, 2419.9405555555554
819.306884566625, 2485.4755555555557
819.6936208483029, 2388.3866666666668
820.0802900689077, 2373.8233333333333
820.4668922079172, 2432.076666666667
820.8534272448094, 2444.212777777778
821.239895159062, 2468.485
821.626295930153, 2507.3205555555555
822.0126295375603, 2495.1844444444446
822.3988959607616, 2427.222222222222
822.785095179235, 2436.931111111111
823.1712271724583, 2458.7761111111113
823.5572919199096, 2458.7761111111113
823.9432894010663, 2415.086111111111
824.3292195954066, 2356.8327777777777
824.7150824824083, 2483.048333333333
825.1008780415495, 2453.9216666666666
825.486606252308, 2458.7761111111113
825.8722670941613, 2485.4755555555557
826.2578605465877, 2470.912222222222
826.643386589065, 2432.076666666667
827.028845201071, 2398.0955555555556
827.4142363620837, 2434.503888888889
827.7995600515808, 2463.6305555555555
828.1848162490403, 2490.33
828.5700049339401, 2402.95
828.9551260857583, 2405.3772222222224
829.3401796839723, 2451.4944444444445
829.7251657080603, 2480.621111111111
830.1100841375, 2402.95
830.4949349517696, 2412.6588888888887
830.8797181303465, 2466.0577777777776
831.264433652709, 2446.64
831.649081498335, 2436.931111111111
832.0336616467022, 2475.766666666667
832.4181740772884, 2354.4055555555556
832.8026187695717, 2521.883888888889
833.1869957030299, 2453.9216666666666
833.5713048571408, 2458.7761111111113
833.9555462113824, 2483.048333333333
834.3397197452325, 2432.076666666667
834.723825438169, 2456.3488888888887
835.1078632696698, 2451.4944444444445
835.4918332192129, 2429.6494444444443
835.875735266276, 2446.64
836.259569390337, 2495.1844444444446
836.6433355708738, 2453.9216666666666
837.0270337873644, 2466.0577777777776
837.4106640192867, 2449.0672222222224
837.7942262461185, 2419.9405555555554
838.1777204473375, 2439.358333333333
838.5611466024219, 2475.766666666667
838.9445046908494, 2468.485
839.3277946920979, 2463.6305555555555
839.7110165856454, 2415.086111111111
840.0941703509696, 2483.048333333333
840.4772559675484, 2429.6494444444443
840.8602734148599, 2405.3772222222224
841.2432226723819, 2441.7855555555557
841.6261037195922, 2470.912222222222
842.0089165359686, 2373.8233333333333
842.3916611009893, 2419.9405555555554
842.7743373941316, 2417.5133333333333
843.156945394874, 2495.1844444444446
843.5394850826943, 2378.677777777778
843.9219564370701, 2422.367777777778
844.3043594374793, 2458.7761111111113
844.6866940634001, 2424.795
845.06896029431, 2424.795
845.4511581096873, 2487.902777777778
845.8332874890094, 2485.4755555555557
846.2153484117546, 2463.6305555555555
846.5973408574006, 2475.766666666667
846.9792648054253, 2427.222222222222
847.3611202353064, 2439.358333333333
847.7429071265223, 2463.6305555555555
848.1246254585504, 2412.6588888888887
848.5062752108686, 2405.3772222222224
848.8878563629551, 2444.212777777778
849.2693688942875, 2439.358333333333
849.6508127843439, 2436.931111111111
850.0321880126021, 2441.7855555555557
850.4134945585397, 2504.8933333333334
850.7947324016351, 2490.33
851.1759015213659, 2444.212777777778
851.55700189721, 2444.212777777778
851.9380335086452, 2485.4755555555557
852.3189963351494, 2512.175
852.6998903562007, 2427.222222222222
853.0807155512767, 2490.33
853.4614718998556, 2446.64
853.8421593814152, 2507.3205555555555
854.2227779754331, 2470.912222222222
854.6033276613874, 2458.7761111111113
854.983808418756, 2475.766666666667
855.3642202270167, 2487.902777777778
855.7445630656476, 2453.9216666666666
856.1248369141263, 2451.4944444444445
856.5050417519308, 2463.6305555555555
856.8851775585389, 2385.9594444444447
857.2652443134286, 2478.193888888889
857.6452419960779, 2500.038888888889
858.0251705859644, 2529.1655555555553
858.4050300625662, 2456.3488888888887
858.784820405361, 2475.766666666667
859.1645415938268, 2453.9216666666666
859.5441936074416, 2427.222222222222
859.923776425683, 2470.912222222222
860.3032900280291, 2453.9216666666666
860.6827343939576, 2439.358333333333
861.0621095029466, 2432.076666666667
861.441415334474, 2415.086111111111
861.8206518680174, 2480.621111111111
862.1998190830549, 2495.1844444444446
862.5789169590645, 2439.358333333333
862.9579454755236, 2388.3866666666668
863.3369046119107, 2456.3488888888887
863.7157943477033, 2480.621111111111
864.0946146623794, 2434.503888888889
864.4733655354167, 2395.6683333333335
864.8520469462933, 2463.6305555555555
865.2306588744871, 2400.5227777777777
865.609201299476, 2461.2033333333334
865.9876742007377, 2534.02
866.3660775577501, 2495.1844444444446
866.7444113499912, 2417.5133333333333
867.1226755569388, 2444.212777777778
867.500870158071, 2446.64
867.8789951328655, 2478.193888888889
868.2570504608001, 2444.212777777778
868.6350361213526, 2410.2316666666666
869.0129520940013, 2436.931111111111
869.3907983582237, 2458.7761111111113
869.7685748934982, 2449.0672222222224
870.146281679302, 2461.2033333333334
870.5239186951134, 2483.048333333333
870.90148592041, 2463.6305555555555
871.27898333467, 2502.4661111111113
871.6564109173712, 2449.0672222222224
872.0337686479913, 2519.4566666666665
872.4110565060084, 2490.33
872.7882744709003, 2441.7855555555557
873.1654225221448, 2514.6022222222223
873.5425006392201, 2473.3394444444443
873.9195088016037, 2427.222222222222
874.2964469887736, 2422.367777777778
874.6733151802077, 2436.931111111111
875.050113355384, 2444.212777777778
875.4268414937803, 2412.6588888888887
875.8034995748744, 2381.105
876.1800875781444, 2475.766666666667
876.5566054830679, 2410.2316666666666
876.9330532691229, 2553.4377777777777
877.3094309157873, 2398.0955555555556
877.6857384025392, 2463.6305555555555
878.061975708856, 2517.0294444444444
878.438142814216, 2473.3394444444443
878.8142396980969, 2444.212777777778
879.1902663399766, 2483.048333333333
879.5662227193332, 2456.3488888888887
879.9421088156442, 2483.048333333333
880.3179246083878, 2485.4755555555557
880.6936700770416, 2456.3488888888887
881.0693452010837, 2402.95
881.4449499599921, 2453.9216666666666
881.8204843332443, 2485.4755555555557
882.1959483003185, 2492.757222222222
882.5713418406924, 2444.212777777778
882.9466649338441, 2422.367777777778
883.3219175592512, 2470.912222222222
883.6970996963919, 2507.3205555555555
884.0722113247438, 2456.3488888888887
884.4472524237849, 2461.2033333333334
884.822222972993, 2451.4944444444445
885.1971229518462, 2456.3488888888887
885.5719523398224, 2478.193888888889
885.9467111163991, 2424.795
886.3213992610544, 2456.3488888888887
886.6960167532662, 2451.4944444444445
887.0705635725126, 2439.358333333333
887.4450396982711, 2473.3394444444443
887.8194451100198, 2529.1655555555553
888.1937797872365, 2429.6494444444443
888.568043709399, 2451.4944444444445
888.9422368559856, 2458.7761111111113
889.3163592064737, 2466.0577777777776
889.6904107403415, 2373.8233333333333
890.0643914370667, 2458.7761111111113
890.438301276127, 2436.931111111111
890.8121402370008, 2410.2316666666666
891.1859082991656, 2473.3394444444443
891.5596054420996, 2427.222222222222
891.9332316452803, 2463.6305555555555
892.3067868881857, 2424.795
892.6802711502938, 2487.902777777778
893.0536844110824, 2451.4944444444445
893.4270266500296, 2419.9405555555554
893.8002978466128, 2441.7855555555557
894.1734979803103, 2427.222222222222
894.5466270305999, 2410.2316666666666
894.9196849769595, 2500.038888888889
895.2926717988669, 2405.3772222222224
895.6655874758, 2402.95
896.0384319872365, 2497.6116666666667
896.4112053126547, 2449.0672222222224
896.7839074315323, 2524.311111111111
897.156538323347, 2461.2033333333334
897.529097967577, 2417.5133333333333
897.9015863436998, 2458.7761111111113
898.2740034311936, 2439.358333333333
898.6463492095362, 2507.3205555555555
899.0186236582055, 2441.7855555555557
899.3908267566794, 2395.6683333333335
899.7629584844356, 2400.5227777777777
900.1350188209522, 2444.212777777778
900.5070077457069, 2439.358333333333
900.8789252381778, 2466.0577777777776
901.2507712778427, 2504.8933333333334
901.6225458441793, 2434.503888888889
901.9942489166658, 2422.367777777778
902.3658804747797, 2453.9216666666666
902.7374404979993, 2410.2316666666666
903.1089289658024, 2507.3205555555555
903.4803458576665, 2490.33
903.8516911530699, 2480.621111111111
904.2229648314902, 2441.7855555555557
904.5941668724056, 2395.6683333333335
904.9652972552939, 2483.048333333333
905.3363559596327, 2393.241111111111
905.7073429649, 2398.0955555555556
906.0782582505739, 2417.5133333333333
906.4491017961321, 2354.4055555555556
906.8198735810525, 2504.8933333333334
907.1905735848133, 2441.7855555555557
907.5612017868917, 2492.757222222222
907.9317581667661, 2468.485
908.3022427039143, 2407.8044444444445
908.6726553778141, 2424.795
909.0429961679436, 2407.8044444444445
909.4132650537804, 2509.7477777777776
909.7834620148025, 2463.6305555555555
910.1535870304876, 2473.3394444444443
910.523640080314, 2470.912222222222
910.8936211437593, 2424.795
911.2635302003015, 2519.4566666666665
911.6333672294182, 2446.64
912.0031322105876, 2441.7855555555557
912.3728251232876, 2461.2033333333334
912.742445946996, 2475.766666666667
913.1119946611905, 2466.0577777777776
913.4814712453491, 2468.485
913.8508756789498, 2422.367777777778
914.2202079414703, 2519.4566666666665
914.5894680123887, 2497.6116666666667
914.9586558711829, 2468.485
915.3277714973304, 2463.6305555555555
915.6968148703095, 2330.133333333333
916.0657859695979, 2407.8044444444445
916.4346847746734, 2385.9594444444447
916.8035112650142, 2361.6872222222223
917.1722654200979, 2436.931111111111
917.5409472194023, 2385.9594444444447
917.9095566424055, 2468.485
918.2780936685854, 2470.912222222222
918.6465582774198, 2487.902777777778
919.0149504483866, 2449.0672222222224
919.3832701609637, 2456.3488888888887
919.7515173946289, 2463.6305555555555
920.1196921288599, 2446.64
920.4877943431352, 2458.7761111111113
920.8558240169323, 2419.9405555555554
921.223781129729, 2434.503888888889
921.5916656610033, 2470.912222222222
921.9594775902328, 2434.503888888889
922.327216896896, 2453.9216666666666
922.6948835604703, 2478.193888888889
923.0624775604338, 2432.076666666667
923.4299988762641, 2456.3488888888887
923.7974474874394, 2475.766666666667
924.1648233734376, 2398.0955555555556
924.5321265137363, 2458.7761111111113
924.8993568878135, 2417.5133333333333
925.2665144751472, 2390.813888888889
925.6335992552152, 2381.105
926.0006112074952, 2497.6116666666667
926.3675503114656, 2424.795
926.7344165466038, 2453.9216666666666
927.1012098923877, 2478.193888888889
927.4679303282956, 2492.757222222222
927.8345778338048, 2415.086111111111
928.2011523883937, 2466.0577777777776
928.5676539715399, 2436.931111111111
928.9340825627213, 2434.503888888889
929.300438141416, 2490.33
929.6667206871015, 2500.038888888889
930.032930179256, 2473.3394444444443
930.3990665973574, 2517.0294444444444
930.7651299208834, 2432.076666666667
931.131120129312, 2417.5133333333333
931.497037202121, 2461.2033333333334
931.8628811187882, 2485.4755555555557
932.2286518587919, 2434.503888888889
932.5943494016095, 2475.766666666667
932.959973726719, 2458.7761111111113
933.3255248135985, 2495.1844444444446
933.6910026417256, 2507.3205555555555
934.0564071905786, 2359.26
934.421738439635, 2483.048333333333
934.7869963683726, 2444.212777777778
935.1521809562696, 2449.0672222222224
935.5172921828038, 2419.9405555555554
935.882330027453, 2439.358333333333
936.2472944696952, 2466.0577777777776
936.6121854890082, 2500.038888888889
936.9770030648699, 2429.6494444444443
937.3417471767581, 2453.9216666666666
937.7064178041509, 2415.086111111111
938.071014926526, 2478.193888888889
938.4355385233613, 2432.076666666667
938.7999885741348, 2449.0672222222224
939.1643650583242, 2383.532222222222
939.5286679554074, 2490.33
939.8928972448628, 2483.048333333333
940.2570529061674, 2500.038888888889
940.6211349187996, 2502.4661111111113
940.9851432622372, 2407.8044444444445
941.3490779159583, 2451.4944444444445
941.7129388594406, 2475.766666666667
942.0767260721618, 2504.8933333333334
942.4404395336, 2441.7855555555557
942.8040792232331, 2463.6305555555555
943.1676451205389, 2456.3488888888887
943.5311372049953, 2444.212777777778
943.8945554560802, 2405.3772222222224
944.2578998532713, 2446.64
944.621170376047, 2393.241111111111
944.9843670038847, 2429.6494444444443
945.3474897162623, 2480.621111111111
945.710538492658, 2446.64
946.0735133125493, 2449.0672222222224
946.4364141554144, 2456.3488888888887
946.7992410007312, 2376.2505555555554
947.1619938279771, 2441.7855555555557
947.5246726166306, 2497.6116666666667
947.8872773461691, 2463.6305555555555
948.2498079960709, 2439.358333333333
948.6122645458137, 2466.0577777777776
948.9746469748751, 2402.95
949.3369552627336, 2419.9405555555554
949.6991893888663, 2393.241111111111
950.0613493327519, 2478.193888888889
950.4234350738678, 2429.6494444444443
950.7854465916919, 2470.912222222222
951.1473838657021, 2429.6494444444443
951.5092468753764, 2436.931111111111
951.871035600193, 2439.358333333333
952.2327500196291, 2371.396111111111
952.5943901131628, 2456.3488888888887
952.9559558602721, 2463.6305555555555
953.3174472404351, 2483.048333333333
953.6788642331294, 2434.503888888889
954.040206817833, 2400.5227777777777
954.4014749740235, 2395.6683333333335
954.7626686811789, 2383.532222222222
955.1237879187775, 2402.95
955.4848326662968, 2475.766666666667
955.8458029032148, 2371.396111111111
956.2066986090091, 2461.2033333333334
956.5675197631579, 2456.3488888888887
956.9282663451391, 2475.766666666667
957.2889383344307, 2487.902777777778
957.6495357105102, 2434.503888888889
958.0100584528556, 2461.2033333333334
958.3705065409446, 2400.5227777777777
958.7308799542557, 2400.5227777777777
959.0911786722664, 2478.193888888889
959.4514026744546, 2427.222222222222
959.8115519402979, 2402.95
960.1716264492745, 2400.5227777777777
960.5316261808625, 2458.7761111111113
960.8915511145395, 2453.9216666666666
961.2514012297835, 2463.6305555555555
961.6111765060718, 2412.6588888888887
961.9708769228831, 2512.175
962.330502459695, 2487.902777777778
962.6900530959854, 2417.5133333333333
963.0495288112322, 2451.4944444444445
963.4089295849129, 2412.6588888888887
963.7682553965058, 2412.6588888888887
964.1275062254888, 2390.813888888889
964.4866820513397, 2449.0672222222224
964.8457828535363, 2436.931111111111
965.2048086115565, 2470.912222222222
965.5637593048781, 2451.4944444444445
965.9226349129792, 2483.048333333333
966.2814354153378, 2429.6494444444443
966.6401607914315, 2424.795
966.998811020738, 2480.621111111111
967.3573860827355, 2456.3488888888887
967.715885956902, 2470.912222222222
968.0743106227152, 2497.6116666666667
968.4326600596529, 2475.766666666667
968.7909342471929, 2475.766666666667
969.1491331648133, 2492.757222222222
969.5072567919922, 2461.2033333333334
969.8653051082072, 2507.3205555555555
970.2232780929362, 2415.086111111111
970.5811757256569, 2424.795
970.9389979858473, 2475.766666666667
971.2967448529856, 2402.95
971.6544163065495, 2502.4661111111113
972.0120123260166, 2451.4944444444445
972.3695328908652, 2441.7855555555557
972.7269779805728, 2483.048333333333
973.0843475746177, 2470.912222222222
973.4416416524775, 2480.621111111111
973.7988601936299, 2402.95
974.1560031775534, 2461.2033333333334
974.5130705837252, 2436.931111111111
974.8700623916237, 2417.5133333333333
975.2269785807267, 2417.5133333333333
975.5838191305116, 2417.5133333333333
975.940584020457, 2461.2033333333334
976.2972732300401, 2439.358333333333
976.6538867387394, 2502.4661111111113
977.0104245260326, 2483.048333333333
977.366886571397, 2473.3394444444443
977.7232728543113, 2475.766666666667
978.079583354253, 2400.5227777777777
978.4358180507, 2436.931111111111
978.7919769231304, 2495.1844444444446
979.1480599510217, 2475.766666666667
979.5040671138518, 2478.193888888889
979.8599983910992, 2453.9216666666666
980.2158537622412, 2410.2316666666666
980.5716332067559, 2400.5227777777777
980.9273367041209, 2419.9405555555554
981.2829642338144, 2439.358333333333
981.6385157753143, 2456.3488888888887
981.9939913080984, 2400.5227777777777
982.3493908116445, 2512.175
982.7047142654303, 2395.6683333333335
983.0599616489342, 2453.9216666666666
983.4151329416338, 2400.5227777777777
983.770228123007, 2463.6305555555555
984.1252471725317, 2495.1844444444446
984.4801900696855, 2490.33
984.8350567939466, 2475.766666666667
985.189847324793, 2453.9216666666666
985.5445616417024, 2461.2033333333334
985.8991997241528, 2415.086111111111
986.2537615516217, 2373.8233333333333
986.6082471035874, 2381.105
986.9626563595276, 2456.3488888888887
987.3169892989204, 2349.551111111111
987.6712459012435, 2461.2033333333334
988.0254261459746, 2466.0577777777776
988.3795300125918, 2439.358333333333
988.733557480573, 2444.212777777778
989.0875085293962, 2381.105
989.4413831385392, 2359.26
989.7951812874794, 2419.9405555555554
990.1489029556951, 2395.6683333333335
990.5025481226647, 2519.4566666666665
990.8561167678653, 2512.175
991.2096088707751, 2463.6305555555555
991.5630244108718, 2497.6116666666667
991.9163633676334, 2461.2033333333334
992.269625720538, 2470.912222222222
992.6228114490633, 2519.4566666666665
992.9759205326872, 2373.8233333333333
993.3289529508872, 2478.193888888889
993.6819086831417, 2402.95
994.0347877089287, 2436.931111111111
994.3875900077255, 2451.4944444444445
994.7403155590106, 2480.621111111111
995.0929643422612, 2444.212777777778
995.4455363369556, 2480.621111111111
995.7980315225718, 2449.0672222222224
996.1504498785876, 2417.5133333333333
996.5027913844808, 2407.8044444444445
996.8550560197291, 2398.0955555555556
997.2072437638105, 2407.8044444444445
997.5593545962032, 2444.212777777778
997.9113884963849, 2415.086111111111
998.2633454438334, 2463.6305555555555
998.6152254180263, 2473.3394444444443
998.967028398442, 2410.2316666666666
999.3187543645583, 2470.912222222222
999.6704032958529, 2485.4755555555557
1000.0219751718037, 2407.8044444444445
1000.3734699718887, 2451.4944444444445
1000.7248876755855, 2478.193888888889
1001.0762282623723, 2461.2033333333334
1001.4274917117272, 2555.865
1001.7786780031272, 2434.503888888889
1002.1297871160513, 2470.912222222222
1002.4808190299765, 2410.2316666666666
1002.831773724381, 2500.038888888889
1003.1826511787431, 2497.6116666666667
1003.5334513725397, 2383.532222222222
1003.8841742852499, 2441.7855555555557
1004.2348198963505, 2434.503888888889
1004.58538818532, 2388.3866666666668
1004.9358791316362, 2449.0672222222224
1005.2862927147766, 2519.4566666666665
1005.6366289142197, 2432.076666666667
1005.9868877094427, 2509.7477777777776
1006.3370690799243, 2478.193888888889
1006.6871730051417, 2551.0105555555556
1007.0371994645731, 2417.5133333333333
1007.387148437696, 2412.6588888888887
1007.7370199039891, 2456.3488888888887
1008.0868138429296, 2400.5227777777777
1008.4365302339957, 2446.64
1008.7861690566647, 2502.4661111111113
1009.135730290415, 2470.912222222222
1009.4852139147247, 2444.212777777778
1009.8346199090714, 2429.6494444444443
1010.183948252933, 2546.156111111111
1010.5331989257868, 2495.1844444444446
1010.8823719071117, 2451.4944444444445
1011.2314671763851, 2354.4055555555556
1011.5804847130852, 2439.358333333333
1011.9294244966892, 2405.3772222222224
1012.2782865066753, 2327.706111111111
1012.6270707225216, 2461.2033333333334
1012.9757771237059, 2504.8933333333334
1013.3244056897063, 2444.212777777778
1013.6729564000002, 2451.4944444444445
1014.0214292340655, 2461.2033333333334
1014.3698241713803, 2475.766666666667
1014.7181411914225, 2463.6305555555555
1015.0663802736703, 2412.6588888888887
1015.414541397601, 2402.95
1015.7626245426926, 2504.8933333333334
1016.1106296884232, 2444.212777777778
1016.4585568142705, 2441.7855555555557
1016.8064058997128, 2412.6588888888887
1017.1541769242275, 2441.7855555555557
1017.5018698672923, 2434.503888888889
1017.8494847083857, 2412.6588888888887
1018.1970214269853, 2451.4944444444445
1018.544480002569, 2480.621111111111
1018.8918604146148, 2432.076666666667
1019.2391626426003, 2417.5133333333333
1019.5863866660034, 2456.3488888888887
1019.9335324643024, 2388.3866666666668
1020.2806000169747, 2470.912222222222
1020.6275893034986, 2451.4944444444445
1020.9745003033515, 2468.485
1021.3213329960116, 2497.6116666666667
1021.6680873609569, 2424.795
1022.0147633776651, 2500.038888888889
1022.3613610256143, 2407.8044444444445
1022.7078802842818, 2419.9405555555554
1023.054321133146, 2444.212777777778
1023.4006835516849, 2480.621111111111
1023.7469675193759, 2446.64
1024.0931730156972, 2419.9405555555554
1024.4393000201267, 2483.048333333333
1024.785348512142, 2466.0577777777776
1025.1313184712212, 2456.3488888888887
1025.4772098768424, 2478.193888888889
1025.8230227084832, 2487.902777777778
1026.1687569456215, 2398.0955555555556
1026.5144125677348, 2419.9405555555554
1026.8599895543018, 2424.795
1027.2054878848003, 2463.6305555555555
1027.5509075387072, 2434.503888888889
1027.8962484955014, 2492.757222222222
1028.2415107346603, 2434.503888888889
1028.586694235662, 2446.64
1028.9317989779845, 2500.038888888889
1029.2768249411054, 2485.4755555555557
1029.6217721045025, 2485.4755555555557
1029.9666404476538, 2485.4755555555557
