
# Time of snapshot: 2021-07-03T19:48:04Eastern Standard Time
# Number of frames accumulated: 0
# Scan time per exposure [us]: 50000
 Wavelength [nm], Intensity [RFU]
449.6264464304311, 56479.03388888889
500.5867019056598, 57146.520000000004
449.18796772976333, 56869.816666666666
500.5867019056598, 57294.580555555556
456.19776973190926, 47551.71055555556
491.4905621269672, 46772.572222222225
517.4195838529922, 12339.997777777779
513.5420369330461, 6953.991666666667
465.3790764729762, 17058.51777777778
517.4195838529922, 24303.77611111111
463.1950220680013, 23859.594444444447
481.0676153012091, 23143.563888888886
517.4195838529922, 9007.421666666665
515.6967479345718, 43973.985
468.4346750352282, 7492.834999999999
516.5582696431964, 22410.54277777778
465.3790764729762, 15446.842222222222
516.9889526957089, 47493.45722222223
516.5582696431964, 34500.53666666667
468.4346750352282, 9194.317777777775
516.5582696431964, 24721.25833333333
459.2606167822308, 38874.39111111111
485.41403952537576, 37498.15611111111
516.5582696431964, 34762.676666666666
459.2606167822308, 39721.49166666667
486.7169849826432, 39007.888333333336
517.4195838529922, 17255.12277777778
466.2523522069386, 17929.890555555554
513.9730826775443, 6225.824999999999
471.9238114622231, 9657.917222222219
514.8350188912955, 17990.57111111111
461.44689011212483, 34541.79944444445
484.9796235513608, 33493.23944444444
516.5582696431964, 14349.737777777778
471.9238114622231, 6021.938333333332
516.1275347159767, 16519.67444444444
455.32222906764554, 48857.55611111111
493.2248892650819, 49049.30666666667
517.4195838529922, 37478.738333333335
463.1950220680013, 23468.81166666667
479.3276390892819, 22580.448333333334
518.2806903997824, 14774.501666666669
458.38576314610356, 42488.524999999994
488.01947631178035, 41896.28277777778
515.6967479345718, 12036.595
516.5582696431964, 5361.733888888889
461.44689011212483, 35330.64666666667
484.9796235513608, 34867.04722222222
516.5582696431964, 27930.046111111114
458.38576314610356, 41804.048333333325
488.01947631178035, 40983.64722222222
515.6967479345718, 27184.888888888887
465.3790764729762, 12866.705000000002
516.1275347159767, 29689.782222222224
465.3790764729762, 22609.575000000004
479.3276390892819, 22000.34222222222
516.5582696431964, 27291.68666666667
456.19776973190926, 47641.51777777777
491.9242199894378, 47209.47222222222
516.1275347159767, 22223.646666666667
458.82321453680004, 41388.99333333333
488.01947631178035, 40549.17444444445
515.6967479345718, 18488.151666666665
519.5719604926952, 1182.0572222222222
465.8157390767672, 18306.11
518.2806903997824, 25478.551666666666
464.0687920251067, 21068.288888888892
517.8501630945242, 37320.968888888885
465.3790764729762, 18002.707222222227
514.8350188912955, 10230.741666666667
461.44689011212483, 34080.627222222225
484.5451572007532, 32677.69277777778
517.4195838529922, 50697.39055555556
465.8157390767672, 14951.688888888893
516.1275347159767, 15191.98388888889
515.6967479345718, 9157.909444444444
516.5582696431964, 14679.839999999998
466.2523522069386, 11849.698888888888
514.8350188912955, 4835.026666666667
463.1950220680013, 24027.07277777778
481.50248392576214, 22968.80388888889
517.4195838529922, 25789.23611111111
463.1950220680013, 24485.817777777775
481.50248392576214, 23946.974444444444
518.2806903997824, 6145.726666666667
471.9238114622231, 4318.0283333333355
516.5582696431964, 8750.136111111111
517.8501630945242, 19206.609444444442
466.2523522069386, 15706.554999999993
515.6967479345718, 20973.62722222222
468.4346750352282, 8662.756111111106
515.6967479345718, 20092.545555555556
465.3790764729762, 14740.520555555559
515.6967479345718, 13454.092777777778
457.07311430764076, 44682.73388888889
489.75542403806156, 44457.00222222222
517.4195838529922, 44748.268888888895
463.1950220680013, 28245.585
481.50248392576214, 27408.19333333333
517.4195838529922, 21849.854444444445
462.3210547089484, 28592.677777777782
481.50248392576214, 27961.6
516.1275347159767, 16895.893888888888
463.1950220680013, 21495.479999999996
515.6967479345718, 21388.68222222222
514.4040766704684, 10398.22
515.6967479345718, 17454.155
465.3790764729762, 19444.477222222224
514.8350188912955, 7310.793333333333
461.44689011212483, 33655.863333333335
484.5451572007532, 33163.13722222223
519.5719604926952, 8378.77111111111
468.4346750352282, 8733.145555555551
517.8501630945242, 13070.591666666667
516.5582696431964, 22517.34055555556
464.0687920251067, 23925.12944444445
479.3276390892819, 23177.545
515.6967479345718, 8963.731666666667
471.9238114622231, 8689.455555555556
516.1275347159767, 46923.06
468.4346750352282, 10699.195555555554
518.2806903997824, 19434.768333333333
463.1950220680013, 26294.098333333335
481.50248392576214, 25832.926111111112
515.6967479345718, 36022.405000000006
457.5107130110018, 44119.61833333333
489.32151295868994, 43187.565
516.1275347159767, 14670.131111111112
461.44689011212483, 33420.42277777778
481.9373023378993, 31782.047777777778
519.5719604926952, 9733.161111111112
461.44689011212483, 34842.775
484.9796235513608, 33896.15833333333
515.6967479345718, 9519.565555555555
465.3790764729762, 13893.419999999998
516.5582696431964, 18485.724444444444
465.3790764729762, 14667.703888888893
514.4040766704684, 24854.755555555555
461.0097339008544, 34080.62722222222
484.9796235513608, 33294.20722222222
519.1415891193901, 12694.372222222222
517.4195838529922, 20937.21888888889
468.4346750352282, 9716.170555555553
515.2659093195042, 18507.56944444444
468.4346750352282, 4754.92833333333
515.6967479345718, 8614.211666666666
464.0687920251067, 20934.79166666667
514.4040766704684, 4135.986666666666
462.3210547089484, 31660.68666666667
481.50248392576214, 31051.453888888886
518.2806903997824, 39126.822222222225
469.7434737353516, 10582.688888888886
514.8350188912955, 36153.475
516.5582696431964, 9466.166666666666
514.4040766704684, 5720.962777777777
517.4195838529922, 5788.925
465.3790764729762, 15366.743888888886
514.8350188912955, 4162.686111111112
472.7955983701221, 1973.3316666666651
517.4195838529922, 3507.3361111111117
513.5420369330461, 4708.81111111111
519.1415891193901, 1233.028888888889
463.1950220680013, 22201.801666666666
477.5868611204718, 21692.085
479.76270835827677, 21692.085
515.6967479345718, 9534.128888888888
512.6797902714144, 8230.710555555555
469.7434737353516, 2878.685555555552
517.8501630945242, 18388.635555555553
519.5719604926952, 2373.823333333333
516.1275347159767, 22820.743333333332
460.13527375520675, 35765.11944444445
484.9796235513608, 34549.08111111111
516.5582696431964, 28381.509444444448
468.4346750352282, 1822.843888888885
518.2806903997824, 990.3066666666668
468.4346750352282, 2206.345000000001
518.2806903997824, 1786.4355555555553
465.8157390767672, 20951.782222222224
517.4195838529922, 19980.893333333333
472.7955983701221, 6344.758888888886
516.5582696431964, 10344.82111111111
465.3790764729762, 15971.12222222222
514.8350188912955, 9104.510555555556
465.3790764729762, 21192.077222222222
515.6967479345718, 8369.062222222221
465.3790764729762, 20677.506111111114
516.5582696431964, 19757.588888888888
465.8157390767672, 18408.053333333337
515.6967479345718, 16187.145
471.9238114622231, 7611.768888888888
515.6967479345718, 6123.881666666666
471.9238114622231, 5230.663888888885
516.5582696431964, 5390.860555555555
471.9238114622231, 4623.85833333333
516.5582696431964, 3594.716111111111
518.2806903997824, 7616.623333333333
468.4346750352282, 5410.278333333328
519.1415891193901, 5048.622222222222
460.13527375520675, 38796.72
485.8484051022759, 38493.31722222222
517.4195838529922, 9869.085555555557
468.4346750352282, 4835.026666666665
515.6967479345718, 4621.431111111111
517.4195838529922, 4621.431111111111
471.9238114622231, 6711.269444444442
516.1275347159767, 5412.705555555555
476.71617188767794, 18767.282222222217
516.5582696431964, 13747.786666666665
466.2523522069386, 20230.897222222222
516.1275347159767, 13318.168333333333
461.44689011212483, 34879.183333333334
484.5451572007532, 34218.97888888889
513.5420369330461, 4427.253333333334
463.1950220680013, 26163.028333333335
481.50248392576214, 25456.706666666665
517.4195838529922, 15624.029444444444
472.35972980689826, 5941.840000000004
516.1275347159767, 11213.766666666666
463.1950220680013, 27177.60722222222
481.50248392576214, 26386.332777777774
518.2806903997824, 5701.545
463.1950220680013, 26352.351666666662
481.50248392576214, 25425.152777777774
518.7111657482452, 15745.390555555554
463.1950220680013, 21857.13611111111
515.2659093195042, 15223.537777777778
468.4346750352282, 7068.071111111109
518.2806903997824, 2854.4133333333334
469.30725713293293, 5745.235000000001
518.2806903997824, 2696.6438888888893
471.9238114622231, 8924.896111111113
516.5582696431964, 15573.057777777778
468.8709908927178, 9662.771666666667
516.5582696431964, 17051.23611111111
471.9238114622231, 8934.604999999996
515.6967479345718, 12162.810555555556
471.9238114622231, 12866.705000000002
515.6967479345718, 16563.364444444444
471.9238114622231, 9296.261111111111
514.8350188912955, 16291.515555555556
469.30725713293293, 4927.261111111111
517.4195838529922, 14410.418333333331
471.9238114622231, 5842.323888888888
516.5582696431964, 9043.83
471.9238114622231, 5565.620555555557
516.5582696431964, 14284.202777777778
471.9238114622231, 6483.110555555555
515.6967479345718, 9291.406666666666
469.7434737353516, 6907.874444444438
515.6967479345718, 6842.339444444444
471.05182551060733, 7963.716111111105
517.4195838529922, 6184.562222222222
471.9238114622231, 7267.103333333333
514.8350188912955, 15597.33
473.66718607012734, 7407.8822222222225
517.8501630945242, 14590.032777777777
464.0687920251067, 24706.695000000007
479.3276390892819, 24636.305555555555
516.1275347159767, 15835.197777777777
461.44689011212483, 32553.904444444444
481.50248392576214, 31629.132777777777
515.6967479345718, 19109.520555555555
471.9238114622231, 8633.629444444443
515.6967479345718, 16332.778333333332
471.9238114622231, 7837.5005555555545
516.5582696431964, 14298.76611111111
471.9238114622231, 7347.201666666668
515.2659093195042, 5284.062777777777
471.05182551060733, 9225.871666666666
516.5582696431964, 14895.862777777778
468.8709908927178, 7150.5966666666645
519.1415891193901, 3745.2038888888887
469.30725713293293, 7242.831111111111
518.2806903997824, 12995.347777777779
463.1950220680013, 24575.625
479.3276390892819, 23595.02722222222
515.6967479345718, 16539.09222222222
471.9238114622231, 7087.488888888889
515.6967479345718, 10361.811666666666
469.30725713293293, 7386.037222222221
517.4195838529922, 6866.611666666667
468.4346750352282, 8072.941111111111
516.5582696431964, 16456.566666666666
470.6157579447109, 7822.9372222222155
515.2659093195042, 16577.927777777775
471.9238114622231, 9660.344444444447
515.6967479345718, 8271.973333333333
468.8709908927178, 9029.26666666667
519.1415891193901, 8735.572777777777
464.5056029266238, 22262.48222222222
479.3276390892819, 21903.253333333334
514.8350188912955, 12932.24
472.35972980689826, 8745.28166666667
517.4195838529922, 14199.25
468.4346750352282, 6203.979999999996
516.9889526957089, 17017.255
471.9238114622231, 6822.921666666669
516.5582696431964, 15997.821666666665
471.9238114622231, 7621.477777777778
516.1275347159767, 10966.19
472.7955983701221, 8585.085
513.9730826775443, 12364.27
471.9238114622231, 8269.546111111107
516.5582696431964, 15905.587222222222
471.9238114622231, 8820.525555555556
516.5582696431964, 10114.235
471.9238114622231, 8776.835555555554
514.8350188912955, 8548.676666666668
472.7955983701221, 7487.98055555555
517.4195838529922, 3043.7366666666667
463.1950220680013, 29614.53833333333
481.50248392576214, 29189.774444444447
519.1415891193901, 12997.775
461.44689011212483, 33204.4
484.9796235513608, 32687.401666666665
515.6967479345718, 11444.352777777776
471.9238114622231, 6835.05777777778
515.6967479345718, 16798.805
471.9238114622231, 8580.230555555558
516.1275347159767, 11218.621111111112
516.5582696431964, 17439.591666666667
463.1950220680013, 25461.561111111107
479.3276390892819, 24903.300000000003
516.1275347159767, 10886.091666666667
461.44689011212483, 32231.08388888889
481.50248392576214, 31629.132777777777
514.8350188912955, 7662.740555555556
461.44689011212483, 31961.66222222222
481.50248392576214, 31495.635555555556
516.5582696431964, 8900.62388888889
474.97419374619733, 8922.468888888885
516.5582696431964, 10063.263333333332
471.9238114622231, 9619.081666666665
519.1415891193901, 10602.106666666667
465.3790764729762, 17128.907222222224
519.5719604926952, 2815.5777777777776
471.9238114622231, 10417.637777777774
514.4040766704684, 2390.8138888888893
518.2806903997824, 2390.8138888888893
476.71617188767794, 16158.018333333333
517.4195838529922, 4674.83
465.8157390767672, 19007.577222222222
516.5582696431964, 9262.28
463.1950220680013, 30437.36666666667
481.50248392576214, 30010.175555555557
517.4195838529922, 10876.382777777777
464.0687920251067, 23223.66222222223
479.76270835827677, 22811.03444444445
515.6967479345718, 7791.383333333333
462.3210547089484, 31534.47111111111
481.50248392576214, 31046.599444444444
517.4195838529922, 9019.557777777776
465.3790764729762, 20158.080555555556
515.6967479345718, 10956.48111111111
464.0687920251067, 25099.905000000006
481.50248392576214, 24818.34722222222
518.2806903997824, 6764.668333333333
477.5868611204718, 18575.531666666662
515.6967479345718, 4631.139999999999
463.1950220680013, 22031.896111111113
477.5868611204718, 21772.183333333327
516.5582696431964, 6944.282777777778
465.8157390767672, 17138.616111111114
515.6967479345718, 5247.654444444444
465.8157390767672, 17791.538888888892
513.5420369330461, 7779.247222222222
464.0687920251067, 21619.268333333333
479.3276390892819, 21291.59333333333
515.6967479345718, 4271.911111111111
477.5868611204718, 17257.549999999996
516.5582696431964, 8500.132222222222
465.3790764729762, 15233.246666666666
517.4195838529922, 7468.562777777778
471.9238114622231, 14832.754999999997
515.6967479345718, 5614.164999999999
473.66718607012734, 13475.937777777777
517.4195838529922, 10138.507222222222
465.3790764729762, 16383.75
516.5582696431964, 7820.51
465.3790764729762, 19483.312777777777
516.5582696431964, 7990.415555555555
465.8157390767672, 16881.330555555556
515.6967479345718, 5349.597777777777
474.1029051658645, 13529.33666666667
516.5582696431964, 5953.976111111111
476.71617188767794, 14674.985555555555
516.9889526957089, 4929.6883333333335
464.0687920251067, 21803.737222222226
516.5582696431964, 18335.236666666664
466.2523522069386, 18497.860555555555
514.4040766704684, 6577.772222222222
463.1950220680013, 25480.978888888887
481.50248392576214, 25578.067777777775
514.4040766704684, 6203.98
465.3790764729762, 19733.316666666666
516.5582696431964, 6002.520555555555
466.2523522069386, 18272.12888888889
517.4195838529922, 6271.942222222223
466.2523522069386, 14769.647222222222
515.6967479345718, 6784.08611111111
468.4346750352282, 12427.37777777778
519.1415891193901, 7762.256666666666
476.71617188767794, 13143.408333333333
516.5582696431964, 6827.77611111111
466.2523522069386, 14648.286111111105
516.5582696431964, 8679.746666666666
471.9238114622231, 14036.626111111109
514.8350188912955, 9264.707222222223
468.4346750352282, 13582.735555555555
518.2806903997824, 12284.171666666667
466.2523522069386, 17966.298888888887
514.8350188912955, 6893.311111111112
466.2523522069386, 14022.062777777777
516.9889526957089, 3572.8711111111115
466.2523522069386, 14718.67555555555
514.4040766704684, 10077.826666666666
466.2523522069386, 16767.25111111111
518.2806903997824, 10684.632222222222
465.3790764729762, 18815.826666666668
515.6967479345718, 11699.21111111111
466.2523522069386, 15512.377222222218
516.5582696431964, 2070.4205555555554
465.3790764729762, 16094.910555555558
515.6967479345718, 11526.878333333332
466.2523522069386, 15369.171111111107
514.8350188912955, 4102.0055555555555
465.8157390767672, 15053.632222222222
516.1275347159767, 21536.742777777778
476.71617188767794, 19160.492222222216
517.4195838529922, 6478.256111111111
466.2523522069386, 15201.692777777775
518.2806903997824, 11053.57
465.3790764729762, 20383.812222222223
519.1415891193901, 4924.833888888888
463.1950220680013, 28517.43388888889
481.50248392576214, 28808.70055555555
515.6967479345718, 5854.459999999999
465.3790764729762, 16696.86166666667
516.5582696431964, 12281.744444444445
465.3790764729762, 17315.803333333337
518.2806903997824, 2987.9105555555557
466.2523522069386, 14473.52611111111
518.7111657482452, 8269.54611111111
473.66718607012734, 9990.44666666667
519.1415891193901, 7917.59888888889
468.4346750352282, 12213.782222222224
519.1415891193901, 7060.789444444445
472.7955983701221, 12587.574444444443
514.4040766704684, 5172.410555555556
466.2523522069386, 14961.397777777776
516.5582696431964, 3781.612222222222
467.12542996433433, 12393.39666666666
516.5582696431964, 8725.863888888889
468.4346750352282, 13808.467222222222
516.5582696431964, 8910.332777777778
476.71617188767794, 15696.84611111111
514.8350188912955, 4339.873333333333
466.2523522069386, 13526.909444444442
516.9889526957089, 10099.671666666665
471.9238114622231, 13325.449999999997
518.7111657482452, 2497.6116666666667
463.1950220680013, 22772.198888888888
479.3276390892819, 22252.77333333333
514.8350188912955, 5873.877777777778
463.1950220680013, 23796.486666666664
479.76270835827677, 23388.713333333333
516.1275347159767, 4614.149444444444
463.1950220680013, 24823.201666666668
481.50248392576214, 24410.573888888888
517.4195838529922, 9847.240555555556
466.2523522069386, 15633.738333333327
516.5582696431964, 5070.4672222222225
465.3790764729762, 17978.434999999998
518.2806903997824, 13745.359444444444
466.2523522069386, 16784.24166666666
517.8501630945242, 10963.762777777778
463.1950220680013, 25689.72
481.50248392576214, 24704.26777777778
516.1275347159767, 10434.628333333334
466.2523522069386, 19165.346666666665
518.7111657482452, 2832.5683333333327
466.2523522069386, 15337.617222222216
518.2806903997824, 4097.15111111111
471.9238114622231, 11941.933333333334
517.4195838529922, 10119.089444444446
468.4346750352282, 12029.313333333332
519.5719604926952, 6917.583333333333
465.3790764729762, 14723.529999999999
516.5582696431964, 9218.59
471.9238114622231, 16323.069444444445
514.8350188912955, 2936.9388888888893
473.66718607012734, 12022.03166666667
514.8350188912955, 8667.610555555557
478.4573502423987, 20340.12222222222
517.8501630945242, 6497.6738888888885
463.1950220680013, 20813.430555555555
518.2806903997824, 7611.76888888889
463.1950220680013, 26036.812777777777
481.50248392576214, 25811.08111111111
519.1415891193901, 4097.15111111111
465.3790764729762, 19335.252222222225
515.6967479345718, 10031.709444444445
471.9238114622231, 10818.129444444443
518.2806903997824, 7946.725555555557
468.4346750352282, 13238.07
514.4040766704684, 4160.2588888888895
465.3790764729762, 18531.841666666667
518.2806903997824, 7966.143333333333
474.1029051658645, 13905.55611111111
516.5582696431964, 5577.756666666666
466.2523522069386, 13883.711111111108
514.8350188912955, 4378.708888888888
465.3790764729762, 17840.083333333336
517.8501630945242, 13026.901666666667
464.5056029266238, 21845.0
516.5582696431964, 4167.540555555555
465.3790764729762, 19594.965000000004
519.1415891193901, 6199.125555555556
472.7955983701221, 15194.411111111105
518.2806903997824, 7786.52888888889
472.7955983701221, 13218.65222222222
514.4040766704684, 5012.213888888889
468.8709908927178, 11958.923888888887
517.4195838529922, 11609.40388888889
467.12542996433433, 12808.45166666666
515.2659093195042, 11308.428333333333
468.4346750352282, 13184.671111111107
516.5582696431964, 11194.34888888889
465.3790764729762, 15395.870555555557
516.5582696431964, 9742.869999999999
466.2523522069386, 15789.080555555549
517.4195838529922, 18813.399444444443
465.3790764729762, 17121.625555555554
517.4195838529922, 8495.277777777777
465.3790764729762, 19527.00277777778
517.8501630945242, 10555.989444444445
463.1950220680013, 23575.609444444446
479.3276390892819, 23412.985555555555
515.2659093195042, 6606.898888888889
464.0687920251067, 23473.666111111117
480.6326964847625, 23039.193333333336
517.8501630945242, 7980.706666666667
465.3790764729762, 16728.415555555555
516.9889526957089, 9116.646666666667
466.2523522069386, 16548.801111111105
516.5582696431964, 6922.437777777777
465.3790764729762, 17497.845
516.5582696431964, 14864.308888888887
466.2523522069386, 18136.20444444444
517.4195838529922, 9405.48611111111
466.2523522069386, 17645.905555555553
518.7111657482452, 5407.851111111111
465.3790764729762, 18218.730000000003
517.4195838529922, 7679.731111111111
466.2523522069386, 16590.063888888886
517.4195838529922, 22245.491666666665
466.2523522069386, 16082.77444444444
518.2806903997824, 9308.397222222222
465.3790764729762, 19764.870555555557
516.5582696431964, 6655.443333333333
461.44689011212483, 33767.515555555554
484.9796235513608, 33114.592777777776
516.5582696431964, 15507.522777777778
465.3790764729762, 20357.11277777778
514.8350188912955, 6395.730555555556
461.44689011212483, 31757.775555555556
481.50248392576214, 30745.62388888889
518.2806903997824, 12932.24
471.9238114622231, 15590.048333333332
514.4040766704684, 2871.4038888888886
466.2523522069386, 17124.052777777775
515.6967479345718, 14500.225555555557
466.2523522069386, 16752.687777777777
517.4195838529922, 4963.669444444445
464.0687920251067, 20187.207222222227
514.8350188912955, 6922.437777777779
463.1950220680013, 24374.165555555555
481.50248392576214, 23854.739999999998
519.1415891193901, 6356.895
466.2523522069386, 17017.254999999997
514.8350188912955, 11106.968888888889
466.2523522069386, 20716.34166666666
518.2806903997824, 7332.638333333334
466.2523522069386, 17626.487777777773
513.5420369330461, 5788.924999999999
467.12542996433433, 13347.294999999998
516.9889526957089, 13293.896111111113
466.2523522069386, 17636.196666666663
519.5719604926952, 11216.193888888887
471.05182551060733, 13126.417777777773
515.6967479345718, 12786.606666666667
466.2523522069386, 17939.599444444444
516.5582696431964, 9813.259444444444
466.6889158429684, 15102.176666666666
515.6967479345718, 10378.80222222222
466.2523522069386, 17189.58777777777
514.4040766704684, 12109.411666666667
466.2523522069386, 17704.158888888887
519.1415891193901, 9536.556111111111
466.2523522069386, 17711.44055555555
516.5582696431964, 10905.509444444444
465.3790764729762, 19929.92166666667
516.5582696431964, 4907.843333333333
465.3790764729762, 16553.655555555553
518.2806903997824, 16908.03
465.3790764729762, 18660.484444444446
516.1275347159767, 11247.747777777777
461.44689011212483, 31252.913333333338
481.50248392576214, 31170.387777777774
518.2806903997824, 4046.1794444444445
462.3210547089484, 26726.143888888888
481.50248392576214, 26692.162777777776
516.5582696431964, 5466.104444444444
464.0687920251067, 21745.48388888889
477.15154150767216, 21529.461111111108
516.1275347159767, 5791.352222222222
465.3790764729762, 18381.353888888887
515.6967479345718, 16978.419444444444
462.3210547089484, 29228.61
481.50248392576214, 28893.653333333335
515.6967479345718, 10449.191666666666
466.2523522069386, 17704.158888888887
517.8501630945242, 7704.003333333334
465.3790764729762, 18325.52777777778
516.1275347159767, 8204.011111111111
465.3790764729762, 17696.877222222225
478.0221307055547, 17437.16444444444
518.2806903997824, 4740.365
479.3276390892819, 19420.205
516.5582696431964, 10441.91
466.2523522069386, 15461.405555555553
517.8501630945242, 7541.379444444445
465.3790764729762, 19196.900555555556
515.6967479345718, 19713.89888888889
463.1950220680013, 25612.048888888887
481.50248392576214, 25432.434444444443
517.4195838529922, 9837.531666666666
463.1950220680013, 22621.711111111108
479.76270835827677, 22065.877222222225
517.4195838529922, 15162.857222222221
465.3790764729762, 18405.62611111111
516.9889526957089, 14310.902222222223
465.8157390767672, 20990.617777777785
517.4195838529922, 17315.803333333333
471.9238114622231, 14723.529999999999
515.6967479345718, 11466.197777777777
471.9238114622231, 14568.187777777777
514.4040766704684, 16975.992222222223
465.3790764729762, 14213.813333333332
518.2806903997824, 4305.892222222223
465.8157390767672, 19342.533888888895
515.6967479345718, 7068.07111111111
474.1029051658645, 14699.257777777777
514.4040766704684, 6614.180555555555
471.9238114622231, 14029.344444444447
517.8501630945242, 9492.866111111112
465.3790764729762, 15228.392222222225
517.4195838529922, 7429.727222222223
471.9238114622231, 14182.25944444444
517.4195838529922, 15395.870555555553
471.9238114622231, 14694.403333333335
518.2806903997824, 4444.243888888888
466.2523522069386, 14519.643333333326
514.8350188912955, 4252.493333333334
466.2523522069386, 13131.272222222222
519.5719604926952, 2643.245
466.2523522069386, 18175.039999999994
518.2806903997824, 8852.079444444445
466.2523522069386, 13718.659999999996
515.6967479345718, 7861.772777777776
465.8157390767672, 20087.69111111111
514.8350188912955, 9820.541111111112
466.2523522069386, 14264.784999999996
516.5582696431964, 10849.683333333332
465.3790764729762, 15150.72111111111
516.5582696431964, 7325.356666666667
467.12542996433433, 13245.351666666662
515.6967479345718, 11121.532222222222
465.3790764729762, 16257.534444444449
518.2806903997824, 5470.958888888888
476.71617188767794, 14242.939999999995
517.4195838529922, 3609.2794444444444
466.2523522069386, 14733.238888888882
515.6967479345718, 7497.689444444444
465.3790764729762, 16886.184999999998
515.2659093195042, 10007.437222222223
466.6889158429684, 15155.575555555559
518.2806903997824, 9298.688333333334
465.3790764729762, 17747.84888888889
516.5582696431964, 10145.788888888888
464.0687920251067, 24604.75166666667
481.50248392576214, 24531.934999999998
516.5582696431964, 16405.595
463.1950220680013, 27012.55611111111
481.50248392576214, 26277.107777777775
516.5582696431964, 11349.691111111111
460.13527375520675, 37978.74611111111
484.9796235513608, 37374.36777777778
515.6967479345718, 11480.761111111111
461.44689011212483, 33143.71944444445
484.9796235513608, 32760.21833333333
518.7111657482452, 5968.539444444444
463.1950220680013, 25041.651666666665
481.50248392576214, 24663.004999999997
519.5719604926952, 6970.982222222222
463.1950220680013, 21073.143333333333
515.6967479345718, 13046.319444444443
466.2523522069386, 20182.35277777777
517.4195838529922, 6403.012222222223
463.1950220680013, 21757.619999999995
476.71617188767794, 21444.50833333333
479.3276390892819, 21444.50833333333
516.1275347159767, 5514.648888888889
476.71617188767794, 18861.943888888884
515.6967479345718, 11466.197777777777
465.3790764729762, 18526.987222222226
517.4195838529922, 5356.879444444445
465.3790764729762, 20825.566666666666
517.8501630945242, 18087.66
466.2523522069386, 18293.973888888882
514.4040766704684, 8225.85611111111
463.1950220680013, 27735.868333333332
481.50248392576214, 27342.658333333333
516.5582696431964, 17835.228888888887
463.1950220680013, 28544.13333333333
481.50248392576214, 28852.390555555554
515.6967479345718, 13289.041666666666
465.8157390767672, 20903.23777777778
479.3276390892819, 20689.642222222225
514.8350188912955, 9822.968333333334
461.44689011212483, 30740.769444444442
481.50248392576214, 30818.440555555557
515.6967479345718, 15543.93111111111
471.9238114622231, 15133.730555555558
515.6967479345718, 10055.981666666667
518.2806903997824, 10055.981666666667
466.2523522069386, 15859.469999999994
518.2806903997824, 11475.906666666668
465.8157390767672, 17876.49166666667
518.2806903997824, 7235.549444444445
463.1950220680013, 27192.170555555553
481.50248392576214, 26699.444444444445
516.5582696431964, 21580.43277777778
464.0687920251067, 20915.37388888889
517.8501630945242, 10903.082222222223
481.50248392576214, 22119.27611111111
517.4195838529922, 9070.529444444444
465.3790764729762, 17898.33666666667
516.5582696431964, 15119.16722222222
467.12542996433433, 16104.61944444444
516.5582696431964, 13667.688333333334
463.1950220680013, 24786.793333333335
481.50248392576214, 24400.864999999998
516.1275347159767, 15405.579444444445
463.1950220680013, 26473.71277777778
481.50248392576214, 27400.911666666667
516.1275347159767, 15505.095555555554
463.1950220680013, 28255.29388888889
481.50248392576214, 28604.813888888886
515.6967479345718, 11667.657222222222
465.8157390767672, 19476.031111111115
517.4195838529922, 3111.698888888889
463.1950220680013, 23563.473333333335
479.76270835827677, 23294.051666666666
517.4195838529922, 7704.003333333333
465.8157390767672, 18131.350000000006
518.2806903997824, 5269.499444444444
478.4573502423987, 18403.198888888888
519.5719604926952, 2601.982222222222
463.1950220680013, 24519.798888888887
481.50248392576214, 24670.286666666667
519.5719604926952, 9541.410555555554
466.2523522069386, 18963.88722222222
518.2806903997824, 5179.692222222222
465.3790764729762, 19386.22388888889
518.2806903997824, 7890.899444444445
465.3790764729762, 19806.13333333333
519.1415891193901, 6055.919444444446
481.50248392576214, 20997.899444444447
517.4195838529922, 10187.051666666666
463.1950220680013, 24109.598333333335
481.50248392576214, 24769.802777777775
517.4195838529922, 6983.118333333333
479.76270835827677, 21179.94111111111
518.2806903997824, 4070.4516666666664
462.3210547089484, 29148.511666666665
481.50248392576214, 29650.946666666663
515.6967479345718, 13114.281666666666
463.1950220680013, 25638.74833333333
481.50248392576214, 26053.80333333333
517.4195838529922, 8051.096111111111
463.1950220680013, 27466.446666666663
481.50248392576214, 27204.306666666664
517.4195838529922, 5839.8966666666665
463.1950220680013, 24136.297777777778
481.50248392576214, 24427.56444444444
516.1275347159767, 5660.282222222222
464.0687920251067, 23143.563888888893
481.0676153012091, 23240.652777777774
516.5582696431964, 13444.38388888889
463.1950220680013, 22900.841666666667
481.50248392576214, 22801.32555555555
515.6967479345718, 9968.601666666666
462.3210547089484, 29815.997777777782
481.50248392576214, 30082.992222222223
515.6967479345718, 8747.708888888888
465.3790764729762, 17466.29111111111
517.4195838529922, 3279.1772222222226
465.3790764729762, 18070.669444444444
516.5582696431964, 3917.536666666667
466.2523522069386, 20369.248888888884
515.6967479345718, 10711.331666666667
464.5056029266238, 23645.998888888884
481.50248392576214, 23517.356111111112
519.1415891193901, 6905.447222222223
463.1950220680013, 27090.227222222224
481.50248392576214, 26607.21
515.6967479345718, 8995.285555555554
463.1950220680013, 25420.298333333332
481.50248392576214, 25247.96555555556
514.8350188912955, 4779.200555555555
461.44689011212483, 33117.020000000004
484.9796235513608, 32765.07277777778
517.4195838529922, 8759.845000000001
481.50248392576214, 22828.025
518.2806903997824, 4463.661666666667
463.1950220680013, 25699.428888888884
481.50248392576214, 25684.865555555552
513.9730826775443, 2407.8044444444445
463.1950220680013, 29866.969444444447
481.50248392576214, 29981.048888888887
517.4195838529922, 8422.461111111112
481.50248392576214, 22041.604999999996
513.9730826775443, 2791.305555555556
481.50248392576214, 19476.031111111108
516.5582696431964, 7771.965555555555
465.3790764729762, 18993.01388888889
518.2806903997824, 7026.808333333334
462.3210547089484, 31561.17055555556
481.50248392576214, 31150.97
518.2806903997824, 10878.810000000001
463.1950220680013, 25556.222777777773
481.50248392576214, 25582.922222222223
517.8501630945242, 6597.1900000000005
462.3210547089484, 29180.065555555557
481.50248392576214, 29282.008888888886
516.5582696431964, 15255.091666666665
463.1950220680013, 25262.52888888889
481.50248392576214, 25522.24166666667
518.2806903997824, 2623.8272222222226
476.71617188767794, 17565.807222222218
515.6967479345718, 11585.131666666666
471.9238114622231, 13546.327222222222
515.6967479345718, 3305.8766666666666
468.4346750352282, 13216.224999999999
519.1415891193901, 3873.846666666667
471.9238114622231, 13162.826111111113
517.4195838529922, 4805.900000000001
468.4346750352282, 12315.725555555553
515.6967479345718, 7145.742222222221
468.4346750352282, 12315.725555555553
515.6967479345718, 7145.742222222221
471.05182551060733, 12201.646111111106
518.2806903997824, 8721.009444444446
473.66718607012734, 12699.22666666667
517.8501630945242, 8801.107777777777
471.9238114622231, 11653.093888888885
516.9889526957089, 9873.939999999999
473.66718607012734, 11752.61
516.5582696431964, 12704.08111111111
471.9238114622231, 12128.82944444444
515.6967479345718, 13529.336666666666
471.05182551060733, 11614.258333333331
517.4195838529922, 11046.288333333334
472.7955983701221, 13956.527777777774
519.1415891193901, 4859.2988888888885
468.4346750352282, 6349.613333333335
515.6967479345718, 1992.7494444444442
466.2523522069386, 9534.128888888888
519.1415891193901, 2349.5511111111114
518.2806903997824, 1296.1366666666668
520.4325471636973, 2587.4188888888893
518.2806903997824, 3844.72
518.2806903997824, 8859.361111111111
466.2523522069386, 4155.404444444444
518.2806903997824, 1463.6150000000002
518.2806903997824, 1415.0705555555555
518.2806903997824, 1415.0705555555555
468.8709908927178, 3910.2550000000047
518.2806903997824, 1191.766111111111
518.2806903997824, 1114.0950000000003
520.4325471636973, 995.161111111111
472.7955983701221, 11910.379444444443
518.2806903997824, 1534.0044444444443
468.4346750352282, 12043.876666666663
517.4195838529922, 2677.226111111111
471.9238114622231, 11150.658888888887
517.8501630945242, 2225.7627777777775
471.9238114622231, 12026.886111111111
515.6967479345718, 2225.7627777777775
476.71617188767794, 12296.307777777773
517.4195838529922, 2274.3072222222227
468.4346750352282, 11980.768888888888
519.5719604926952, 2284.016111111111
471.9238114622231, 12716.217222222222
517.4195838529922, 2679.6533333333336
471.9238114622231, 12201.646111111113
519.5719604926952, 2723.3433333333332
471.9238114622231, 12065.721666666665
517.4195838529922, 2963.6383333333333
471.05182551060733, 12119.12055555555
515.6967479345718, 3344.712222222222
467.12542996433433, 12225.918333333328
518.2806903997824, 3400.5383333333334
474.1029051658645, 12934.667222222219
518.2806903997824, 3543.744444444445
468.4346750352282, 12509.903333333328
514.8350188912955, 3604.4249999999997
466.2523522069386, 15080.331666666665
515.6967479345718, 3808.311666666666
463.1950220680013, 25002.81611111111
480.19772749694437, 24755.239444444444
518.2806903997824, 4087.4422222222224
468.4346750352282, 11242.893333333333
517.4195838529922, 5973.393888888889
477.5868611204718, 14672.558333333327
514.8350188912955, 6186.989444444445
476.71617188767794, 14407.991111111107
518.2806903997824, 6160.290000000001
476.71617188767794, 15046.350555555553
518.7111657482452, 5818.051666666667
479.3276390892819, 20747.89555555556
516.9889526957089, 5558.3388888888885
481.50248392576214, 22162.966111111113
518.7111657482452, 4958.815
463.1950220680013, 23871.730555555558
481.50248392576214, 23279.488333333335
516.1275347159767, 5140.856666666667
476.71617188767794, 16204.13555555555
516.5582696431964, 3228.2055555555553
461.44689011212483, 31434.955
481.50248392576214, 31112.13444444444
518.2806903997824, 9927.33888888889
468.4346750352282, 7536.5250000000015
517.8501630945242, 2470.9122222222218
468.4346750352282, 10949.199444444443
518.7111657482452, 3713.6499999999996
516.5582696431964, 5941.84
515.6967479345718, 23434.830555555556
515.6967479345718, 22243.064444444444
477.5868611204718, 18238.147777777776
517.4195838529922, 6553.500000000001
477.5868611204718, 18842.52611111111
517.4195838529922, 12140.965555555555
468.4346750352282, 10791.43
517.4195838529922, 31269.903888888886
471.9238114622231, 7371.47388888889
517.4195838529922, 33641.3
474.1029051658645, 8102.067777777775
518.2806903997824, 2822.8594444444448
476.71617188767794, 15837.625
515.6967479345718, 6240.388333333332
465.3790764729762, 18619.221666666665
514.8350188912955, 5259.790555555555
465.3790764729762, 20648.379444444443
514.4040766704684, 7024.38111111111
461.44689011212483, 32634.00277777778
484.9796235513608, 32752.93666666667
515.6967479345718, 23403.276666666665
463.1950220680013, 24039.20888888889
479.3276390892819, 23386.286111111112
515.6967479345718, 19204.18222222222
465.3790764729762, 18597.37666666667
514.8350188912955, 8898.196666666667
477.5868611204718, 21951.797777777778
516.1275347159767, 7417.591111111111
460.13527375520675, 37823.40388888889
486.2827202615391, 37393.78555555556
516.5582696431964, 27896.065000000002
472.7955983701221, 10182.197222222218
517.4195838529922, 9755.00611111111
466.2523522069386, 13332.731666666667
515.6967479345718, 7359.337777777777
471.9238114622231, 14801.201111111113
514.8350188912955, 8750.136111111111
517.4195838529922, 8750.136111111111
477.5868611204718, 20410.511666666665
519.1415891193901, 4757.355555555556
466.2523522069386, 18107.077777777777
516.5582696431964, 3881.128333333333
517.4195838529922, 3881.128333333333
463.1950220680013, 25961.56888888889
481.50248392576214, 25456.706666666665
517.4195838529922, 5818.051666666667
467.12542996433433, 13733.223333333328
518.2806903997824, 5820.478888888889
465.3790764729762, 21294.02055555556
515.6967479345718, 25631.466666666667
457.9482626306634, 43262.80888888889
488.88755129750444, 42971.542222222226
517.4195838529922, 26063.51222222222
484.5451572007532, 33410.71388888889
517.4195838529922, 32063.605555555554
462.3210547089484, 27539.263333333336
481.50248392576214, 27257.705555555556
519.1415891193901, 19493.021666666664
465.8157390767672, 14315.756666666668
514.8350188912955, 7172.4416666666675
477.15154150767216, 17196.86944444444
515.6967479345718, 3541.3172222222224
465.3790764729762, 18327.955
515.6967479345718, 4135.986666666666
463.1950220680013, 23796.486666666664
481.50248392576214, 23917.847777777773
515.6967479345718, 11228.33
477.5868611204718, 20684.787777777776
517.4195838529922, 12735.634999999998
463.1950220680013, 28519.86111111111
481.50248392576214, 28036.843888888885
518.2806903997824, 50403.69666666667
463.1950220680013, 28439.762777777774
481.50248392576214, 28374.227777777778
518.2806903997824, 9546.265000000001
463.1950220680013, 24221.250555555554
481.50248392576214, 24192.12388888889
517.4195838529922, 34668.015
476.71617188767794, 17881.34611111111
518.7111657482452, 1504.8777777777777
463.1950220680013, 24160.57
481.50248392576214, 24374.165555555555
515.6967479345718, 7412.736666666666
463.1950220680013, 28701.902777777774
481.50248392576214, 29010.159999999996
516.5582696431964, 31993.216111111113
463.1950220680013, 29153.366111111107
481.50248392576214, 29357.25277777778
515.6967479345718, 27806.257777777777
463.1950220680013, 30403.385555555556
481.50248392576214, 29789.298333333332
517.4195838529922, 29248.027777777777
463.1950220680013, 26716.434999999998
481.50248392576214, 26434.877222222218
515.6967479345718, 8924.896111111111
518.2806903997824, 2992.765
462.3210547089484, 27199.452222222222
481.50248392576214, 27675.187777777777
515.6967479345718, 9534.128888888888
463.1950220680013, 28456.753333333334
481.50248392576214, 28883.944444444445
515.6967479345718, 10123.943888888889
461.44689011212483, 29706.772777777776
481.50248392576214, 29524.731111111112
515.6967479345718, 7007.390555555556
516.5582696431964, 7007.390555555556
458.82321453680004, 41219.08777777778
488.01947631178035, 41020.055555555555
516.5582696431964, 28495.588888888888
460.5725284417076, 37087.955555555556
484.9796235513608, 36857.36944444444
517.4195838529922, 19832.832777777778
461.44689011212483, 33027.21277777778
484.5451572007532, 32136.42222222222
515.6967479345718, 14762.365555555556
446.99484423017924, 58605.28055555555
502.3167500039, 58971.79111111111
462.3210547089484, 31655.832222222227
482.80678844283807, 32218.94777777778
516.5582696431964, 7432.154444444444
514.8350188912955, 546.125
515.2659093195042, 1092.25
471.9238114622231, 14672.558333333334
513.9730826775443, 3131.1166666666672
519.5719604926952, 553.4066666666663
518.7111657482452, 550.9794444444442
518.7111657482452, 550.9794444444442
471.9238114622231, 7473.417222222219
515.6967479345718, 2614.1183333333333
466.2523522069386, 8187.020555555551
517.4195838529922, 11349.691111111111
517.4195838529922, 983.0250000000001
519.1415891193901, 822.8283333333334
519.5719604926952, 2672.371666666667
474.1029051658645, 3092.2811111111077
514.8350188912955, 1189.338888888889
519.1415891193901, 774.2838888888887
460.13527375520675, 37777.28666666667
484.9796235513608, 37068.537777777776
515.6967479345718, 23903.284444444445
461.44689011212483, 34131.59888888889
484.5451572007532, 34942.29111111112
514.8350188912955, 6878.7477777777785
460.13527375520675, 37439.90277777778
484.9796235513608, 37374.36777777778
515.6967479345718, 14534.206666666665
460.13527375520675, 37369.513333333336
484.9796235513608, 37374.36777777778
518.2806903997824, 18692.038333333334
461.0097339008544, 35350.06444444445
484.5451572007532, 35726.283888888895
515.6967479345718, 11068.133333333333
460.13527375520675, 36760.28055555555
484.9796235513608, 36483.57722222222
517.4195838529922, 26862.068333333333
458.38576314610356, 42391.43611111111
488.88755129750444, 42799.209444444445
515.6967479345718, 15488.105
463.1950220680013, 25616.903333333335
481.50248392576214, 26247.981111111112
515.6967479345718, 7784.101666666666
461.44689011212483, 32646.13888888889
484.9796235513608, 32913.13333333333
517.8501630945242, 10759.87611111111
463.1950220680013, 28095.09722222222
481.50248392576214, 28277.13888888889
516.5582696431964, 5201.537222222222
463.1950220680013, 27575.67166666667
481.50248392576214, 27803.830555555556
519.1415891193901, 16966.283333333333
473.66718607012734, 15259.946111111116
514.8350188912955, 14558.478888888889
518.2806903997824, 6291.360000000001
517.4195838529922, 12116.693333333333
514.8350188912955, 2859.2677777777776
515.6967479345718, 8881.20611111111
515.6967479345718, 6286.5055555555555
516.5582696431964, 6492.819444444443
515.6967479345718, 14893.435555555556
515.6967479345718, 15422.57
463.1950220680013, 26010.113333333335
481.50248392576214, 25359.617777777778
516.1275347159767, 18235.720555555556
460.13527375520675, 37430.19388888889
484.9796235513608, 37056.401666666665
516.5582696431964, 14767.22
515.6967479345718, 2174.791111111111
458.82321453680004, 40600.14611111111
488.01947631178035, 40435.095
516.5582696431964, 14388.573333333332
516.5582696431964, 16400.740555555552
516.1275347159767, 6441.847777777777
519.1415891193901, 750.0116666666668
516.5582696431964, 5538.921111111111
463.1950220680013, 26400.896111111113
481.50248392576214, 25597.485555555555
517.4195838529922, 16155.591111111109
515.6967479345718, 6927.292222222222
516.5582696431964, 12281.744444444445
517.4195838529922, 11034.152222222223
518.2806903997824, 2148.0916666666667
465.8157390767672, 21143.53277777778
477.15154150767216, 20929.937222222223
515.6967479345718, 13191.952777777777
476.71617188767794, 10679.777777777774
516.9889526957089, 4133.559444444444
489.75542403806156, 1424.7794444444444
519.5719604926952, 1381.0894444444443
468.4346750352282, 13667.688333333332
513.9730826775443, 5754.943888888889
515.6967479345718, 13643.41611111111
519.1415891193901, 1735.463888888889
515.6967479345718, 17655.614444444444
518.2806903997824, 1247.5922222222225
514.8350188912955, 11978.341666666667
516.5582696431964, 11978.341666666667
516.5582696431964, 9160.336666666666
513.9730826775443, 2080.1294444444443
516.5582696431964, 24158.14277777778
459.2606167822308, 38813.71055555556
487.1511992450663, 38027.29055555555
515.6967479345718, 18871.652777777777
516.5582696431964, 16281.806666666665
518.2806903997824, 7723.421111111111
517.8501630945242, 2140.81
463.1950220680013, 27847.52055555555
481.50248392576214, 27781.985555555555
514.8350188912955, 11920.088333333333
502.3167500039, 1269.4372222222219
463.1950220680013, 23932.411111111112
481.50248392576214, 23575.609444444446
519.1415891193901, 15835.197777777777
518.2806903997824, 1696.6283333333336
458.82321453680004, 41024.91
488.01947631178035, 40551.60166666667
516.9889526957089, 18471.161111111112
505.3423622828412, 788.8472222222217
517.4195838529922, 15762.38111111111
514.8350188912955, 7699.148888888889
462.3210547089484, 28044.125555555554
481.50248392576214, 27197.025
517.4195838529922, 12565.729444444445
517.4195838529922, 9755.00611111111
514.4040766704684, 16082.774444444443
514.8350188912955, 645.6411111111111
471.9238114622231, 8788.971666666665
516.5582696431964, 22116.84888888889
466.2523522069386, 16495.40222222222
516.9889526957089, 20730.905000000002
519.1415891193901, 1186.9116666666664
514.8350188912955, 17733.285555555554
512.6797902714144, 718.4577777777777
468.4346750352282, 11364.254444444443
516.1275347159767, 19512.439444444448
463.1950220680013, 24701.84055555555
481.50248392576214, 24614.460555555554
514.8350188912955, 9509.856666666667
517.4195838529922, 2740.3338888888893
462.3210547089484, 29056.277222222227
481.50248392576214, 28655.785555555558
514.4040766704684, 21995.487777777777
519.1415891193901, 2919.9483333333333
516.5582696431964, 7453.999444444444
519.1415891193901, 1640.802222222222
457.9482626306634, 42850.18111111112
488.4535390750272, 42551.63277777778
515.6967479345718, 11645.812222222221
458.82321453680004, 41350.15777777777
488.01947631178035, 40721.50722222222
517.8501630945242, 10432.201111111111
461.44689011212483, 33930.139444444445
483.2414560945953, 33233.526666666665
516.1275347159767, 6361.749444444444
454.44649247902674, 50238.64555555556
494.09174831715035, 50301.753333333334
517.8501630945242, 12495.34
515.2659093195042, 3419.956111111111
516.5582696431964, 30682.516111111116
518.2806903997824, 8451.587777777779
517.4195838529922, 2570.4283333333333
517.4195838529922, 757.2933333333335
465.3790764729762, 21352.273888888893
514.8350188912955, 7470.99
481.50248392576214, 23138.709444444445
516.5582696431964, 9014.703333333333
465.3790764729762, 19000.29555555556
517.4195838529922, 7898.181111111112
476.71617188767794, 20034.29222222222
517.4195838529922, 12119.120555555557
461.44689011212483, 30614.55388888889
481.50248392576214, 31029.60888888889
514.8350188912955, 12039.022222222222
461.44689011212483, 32209.23888888889
484.9796235513608, 32505.36
516.5582696431964, 5288.917222222222
479.3276390892819, 20022.156111111115
516.5582696431964, 4932.115555555555
471.9238114622231, 11830.281111111108
514.4040766704684, 5619.019444444444
471.9238114622231, 14847.318333333329
519.1415891193901, 13398.266666666666
471.9238114622231, 10854.537777777776
516.5582696431964, 6752.532222222222
471.9238114622231, 11306.001111111109
514.8350188912955, 13199.234444444444
466.2523522069386, 13128.844999999994
517.4195838529922, 8614.211666666666
481.50248392576214, 22597.438888888886
515.6967479345718, 15539.076666666668
476.71617188767794, 12427.377777777772
515.6967479345718, 7102.052222222221
476.71617188767794, 15888.596666666665
518.2806903997824, 7737.984444444444
472.7955983701221, 10230.741666666661
513.9730826775443, 7801.092222222222
471.9238114622231, 9844.813333333332
515.6967479345718, 7674.876666666665
476.71617188767794, 18534.268888888888
515.6967479345718, 7466.135555555555
463.1950220680013, 24493.099444444444
481.50248392576214, 24641.159999999996
515.6967479345718, 5330.18
479.76270835827677, 21364.410000000003
516.1275347159767, 7055.9349999999995
471.9238114622231, 14648.286111111112
518.2806903997824, 3213.6422222222222
476.71617188767794, 19471.176666666666
518.2806903997824, 6774.377222222223
476.71617188767794, 18587.667777777773
514.8350188912955, 10114.235
463.1950220680013, 26648.472777777773
481.50248392576214, 26638.76388888889
514.8350188912955, 5082.603333333333
471.9238114622231, 10502.590555555551
518.7111657482452, 4939.397222222222
477.5868611204718, 17827.947222222218
514.4040766704684, 8230.710555555555
476.71617188767794, 19519.72111111111
516.5582696431964, 4259.775
471.9238114622231, 11876.39833333333
514.8350188912955, 7002.536111111112
471.9238114622231, 14876.445
516.1275347159767, 5750.089444444444
465.3790764729762, 23485.80222222222
481.50248392576214, 24366.883888888886
517.8501630945242, 5305.907777777778
463.1950220680013, 26806.242222222223
481.50248392576214, 26968.866111111107
518.2806903997824, 8405.470555555556
479.76270835827677, 22391.125
517.4195838529922, 5152.9927777777775
481.50248392576214, 22497.922777777778
515.6967479345718, 4490.361111111111
471.9238114622231, 13519.62777777778
518.2806903997824, 3951.5177777777776
476.71617188767794, 10881.237222222218
516.5582696431964, 10808.420555555555
471.9238114622231, 12174.946666666663
514.8350188912955, 8471.005555555555
476.28075228101125, 14293.911666666667
514.8350188912955, 11954.069444444445
476.71617188767794, 15221.110555555555
517.4195838529922, 9939.474999999999
478.4573502423987, 20107.10888888889
515.6967479345718, 8558.385555555555
474.53857439806194, 12143.392777777779
515.6967479345718, 5252.5088888888895
476.71617188767794, 16456.566666666666
516.5582696431964, 3546.171666666666
476.71617188767794, 14958.970555555556
515.6967479345718, 14881.299444444445
471.9238114622231, 11847.271666666667
514.4040766704684, 6449.129444444445
476.71617188767794, 15439.560555555552
514.4040766704684, 4191.812777777777
476.71617188767794, 15810.92555555555
517.8501630945242, 6543.791111111112
476.71617188767794, 16781.81444444444
515.6967479345718, 7043.7988888888885
464.5056029266238, 23493.08388888889
481.50248392576214, 24204.260000000002
517.4195838529922, 6653.016111111111
477.5868611204718, 16762.39666666666
519.5719604926952, 10204.042222222222
481.50248392576214, 23145.991111111107
516.5582696431964, 9160.336666666666
479.76270835827677, 22165.393333333333
517.4195838529922, 5568.047777777778
471.9238114622231, 15655.583333333336
515.6967479345718, 8053.523333333333
463.1950220680013, 26801.387777777774
481.50248392576214, 27138.771666666667
516.5582696431964, 6104.463888888889
479.76270835827677, 18267.274444444447
516.5582696431964, 9888.503333333334
477.15154150767216, 17332.79388888889
514.8350188912955, 10026.855000000001
481.50248392576214, 24512.517222222225
514.8350188912955, 9769.569444444445
471.9238114622231, 11628.821666666663
515.6967479345718, 16204.135555555556
471.9238114622231, 12823.015
516.5582696431964, 7373.90111111111
471.9238114622231, 11225.902777777774
515.6967479345718, 10009.864444444444
479.3276390892819, 20005.165555555555
518.2806903997824, 4893.280000000001
461.44689011212483, 30485.911111111112
481.50248392576214, 30400.958333333336
514.4040766704684, 10941.917777777777
471.9238114622231, 11934.651666666665
517.4195838529922, 6774.377222222222
463.1950220680013, 25849.916666666664
481.50248392576214, 26082.93
516.5582696431964, 12131.256666666666
462.3210547089484, 29592.693333333336
481.50248392576214, 29604.82944444444
517.8501630945242, 8284.109444444444
476.28075228101125, 15990.54
514.8350188912955, 6609.3261111111115
478.4573502423987, 19942.05777777778
519.1415891193901, 9958.892777777779
477.5868611204718, 13208.943333333329
514.8350188912955, 9730.73388888889
462.3210547089484, 26150.892222222225
481.50248392576214, 26626.62777777778
516.5582696431964, 7898.181111111111
461.44689011212483, 32146.131111111114
462.3210547089484, 32146.131111111114
483.2414560945953, 32002.924999999996
516.9889526957089, 7796.237777777777
476.71617188767794, 15342.471666666665
516.9889526957089, 8218.574444444446
476.71617188767794, 17495.417777777773
517.8501630945242, 1784.0083333333337
479.3276390892819, 20442.065555555557
516.5582696431964, 6832.6305555555555
518.2806903997824, 6832.6305555555555
462.3210547089484, 28417.91777777778
481.50248392576214, 28621.804444444446
516.5582696431964, 6995.254444444445
476.71617188767794, 14233.231111111105
515.6967479345718, 4211.230555555556
474.1029051658645, 12194.364444444444
519.1415891193901, 3424.8105555555553
473.66718607012734, 13026.901666666672
516.5582696431964, 3203.9333333333334
477.5868611204718, 12946.80333333333
516.5582696431964, 4580.168333333333
473.66718607012734, 13318.168333333335
514.8350188912955, 4837.453888888889
471.9238114622231, 11949.214999999997
515.6967479345718, 5558.338888888889
481.50248392576214, 22738.217777777776
515.6967479345718, 9718.597777777777
476.71617188767794, 13524.482222222221
516.5582696431964, 7480.698888888888
476.71617188767794, 15636.165555555555
517.4195838529922, 6070.482777777778
476.71617188767794, 14405.563888888886
514.4040766704684, 8480.714444444444
476.71617188767794, 17699.30444444444
517.4195838529922, 8995.285555555554
462.3210547089484, 29898.523333333338
481.50248392576214, 30017.45722222222
518.2806903997824, 8381.198333333334
476.71617188767794, 13594.871666666666
515.6967479345718, 7553.515555555556
476.71617188767794, 15723.545555555553
516.5582696431964, 3247.623333333333
461.44689011212483, 30650.962222222224
483.6760734518483, 30966.501111111113
518.2806903997824, 4424.8261111111115
476.71617188767794, 13696.814999999995
516.5582696431964, 2885.9672222222225
471.9238114622231, 12216.209444444445
516.5582696431964, 7570.506111111112
476.71617188767794, 17182.30611111111
514.4040766704684, 6912.728888888889
463.1950220680013, 23289.197222222218
481.50248392576214, 23570.754999999997
515.6967479345718, 16026.948333333334
477.15154150767216, 15798.789444444446
513.9730826775443, 4633.567222222222
463.1950220680013, 24563.48888888889
481.50248392576214, 24961.55333333333
517.4195838529922, 9322.960555555557
463.1950220680013, 25818.362777777773
481.50248392576214, 25886.324999999997
519.1415891193901, 14808.482777777777
463.1950220680013, 27658.197222222218
481.50248392576214, 28063.543333333335
515.6967479345718, 7342.347222222221
476.71617188767794, 14371.582777777774
514.8350188912955, 4177.249444444444
466.2523522069386, 14978.388333333329
514.8350188912955, 5366.588333333333
476.71617188767794, 15432.278888888883
517.4195838529922, 6072.910000000001
477.15154150767216, 12585.147222222222
513.1109394574953, 8111.776666666667
463.1950220680013, 26490.70333333333
481.50248392576214, 26779.54277777778
519.1415891193901, 8094.786111111111
463.1950220680013, 26939.739444444444
481.50248392576214, 27485.864444444444
515.6967479345718, 11971.06
477.5868611204718, 20451.77444444444
516.1275347159767, 7500.116666666667
481.50248392576214, 23415.412777777776
516.5582696431964, 7861.772777777778
479.3276390892819, 22706.663888888892
514.8350188912955, 7177.296111111111
516.1275347159767, 7177.296111111111
472.7955983701221, 13466.228888888887
517.8501630945242, 5859.314444444444
463.1950220680013, 27000.42
481.50248392576214, 27587.80777777778
517.4195838529922, 15675.001111111109
476.71617188767794, 16692.007222222222
518.2806903997824, 3361.702777777778
471.9238114622231, 13609.434999999998
518.2806903997824, 8742.854444444445
481.50248392576214, 22184.811111111114
516.5582696431964, 15628.883888888888
477.5868611204718, 16408.022222222222
519.1415891193901, 10839.974444444444
463.1950220680013, 24116.879999999997
480.19772749694437, 24272.22222222222
515.6967479345718, 10458.900555555554
474.1029051658645, 13769.631666666668
516.5582696431964, 8148.1849999999995
476.71617188767794, 16621.617777777778
514.8350188912955, 3007.3283333333334
479.3276390892819, 20347.40388888889
519.1415891193901, 11068.133333333333
476.71617188767794, 13825.457777777774
513.9730826775443, 9308.397222222222
471.9238114622231, 17225.99611111111
476.71617188767794, 17225.99611111111
516.5582696431964, 13539.045555555555
479.76270835827677, 21796.455555555556
515.6967479345718, 13716.232777777777
479.3276390892819, 21024.59888888889
516.5582696431964, 4497.642777777778
471.9238114622231, 9883.648888888885
514.4040766704684, 7604.487222222222
474.1029051658645, 12395.823888888888
519.5719604926952, 3354.421111111111
474.1029051658645, 12735.635000000002
515.6967479345718, 8655.474444444444
471.9238114622231, 10983.180555555555
515.6967479345718, 4356.863888888889
477.5868611204718, 13602.153333333328
515.6967479345718, 10395.792777777777
474.97419374619733, 13289.041666666664
516.5582696431964, 8890.914999999999
476.71617188767794, 15604.611666666664
519.1415891193901, 3512.1905555555554
479.3276390892819, 19997.883888888893
515.6967479345718, 7898.181111111111
476.28075228101125, 12856.996111111112
516.5582696431964, 9526.847222222223
476.28075228101125, 12856.996111111112
516.5582696431964, 9526.847222222223
471.9238114622231, 11473.479444444441
517.4195838529922, 5415.132777777778
476.71617188767794, 13247.778888888883
514.4040766704684, 4097.15111111111
463.1950220680013, 24687.27722222222
481.50248392576214, 25318.354999999996
513.5420369330461, 7636.04111111111
476.71617188767794, 12546.311666666661
515.6967479345718, 9653.062777777777
464.5056029266238, 21963.93388888889
481.50248392576214, 21942.088888888888
518.2806903997824, 6203.980000000001
468.4346750352282, 11572.995555555557
516.5582696431964, 14912.853333333334
466.2523522069386, 16233.26222222222
516.1275347159767, 13441.956666666667
481.50248392576214, 23041.620555555557
517.4195838529922, 14944.40722222222
476.71617188767794, 15056.059444444443
514.8350188912955, 9512.28388888889
463.1950220680013, 25488.260555555556
481.50248392576214, 25393.59888888889
514.4040766704684, 11102.114444444444
465.8157390767672, 18813.399444444447
514.8350188912955, 4551.041666666666
468.4346750352282, 12111.838888888888
515.6967479345718, 6383.594444444443
468.4346750352282, 13123.990555555552
514.8350188912955, 14424.981666666668
465.8157390767672, 19718.753333333334
513.9730826775443, 9075.38388888889
462.3210547089484, 30146.1
481.50248392576214, 29680.073333333334
518.2806903997824, 20310.995555555553
476.71617188767794, 19386.223888888882
515.6967479345718, 5364.161111111111
463.1950220680013, 24548.925555555557
481.50248392576214, 24692.131666666668
515.6967479345718, 8116.63111111111
463.1950220680013, 22044.032222222224
476.71617188767794, 21857.13611111111
516.5582696431964, 11519.596666666666
463.1950220680013, 24565.91611111111
481.50248392576214, 24291.64
516.1275347159767, 10196.760555555555
463.1950220680013, 21592.56888888889
517.4195838529922, 18446.888888888887
465.3790764729762, 18218.730000000003
515.6967479345718, 10653.078333333333
463.1950220680013, 25752.827777777777
481.50248392576214, 25646.03
517.4195838529922, 15155.575555555555
471.9238114622231, 10225.88722222222
516.5582696431964, 24303.77611111111
463.1950220680013, 24597.47
481.50248392576214, 24539.216666666667
516.5582696431964, 17473.57277777778
463.1950220680013, 28772.29222222222
481.50248392576214, 28240.730555555558
516.1275347159767, 14602.168888888888
466.2523522069386, 16655.598888888882
516.1275347159767, 19878.949999999997
466.2523522069386, 9745.297222222216
516.5582696431964, 14660.422222222222
481.50248392576214, 26900.90388888889
516.5582696431964, 26182.44611111111
463.1950220680013, 24607.178888888884
481.50248392576214, 24629.023888888885
514.8350188912955, 10398.220000000001
464.5056029266238, 20048.85555555555
519.1415891193901, 16650.744444444445
466.2523522069386, 15376.452777777777
517.4195838529922, 27454.310555555556
461.44689011212483, 33893.73111111111
484.5451572007532, 33078.18444444444
516.5582696431964, 16153.16388888889
463.1950220680013, 27277.12333333333
481.50248392576214, 26866.922777777778
515.6967479345718, 10971.044444444444
479.3276390892819, 22085.295
515.6967479345718, 10849.683333333332
461.44689011212483, 35330.64666666667
484.5451572007532, 34816.07555555555
517.8501630945242, 9543.837777777779
466.2523522069386, 16514.82
516.5582696431964, 12000.186666666666
467.12542996433433, 15473.541666666664
514.4040766704684, 14738.093333333334
466.2523522069386, 20900.810555555552
515.6967479345718, 11104.541666666666
471.9238114622231, 13854.584444444445
514.4040766704684, 4771.918888888889
463.1950220680013, 28439.762777777774
481.50248392576214, 28002.86277777778
519.1415891193901, 14840.036666666669
463.1950220680013, 22876.569444444445
479.76270835827677, 22626.565555555557
515.6967479345718, 6301.068888888889
461.44689011212483, 33862.17722222222
484.9796235513608, 33235.953888888886
515.6967479345718, 12577.865555555554
466.2523522069386, 15405.57944444444
515.6967479345718, 16723.56111111111
462.3210547089484, 27318.38611111111
481.50248392576214, 27082.945555555554
516.5582696431964, 18097.368888888886
463.1950220680013, 23529.492222222223
479.3276390892819, 23849.885555555556
519.5719604926952, 5912.713333333332
471.9238114622231, 11696.783888888887
515.6967479345718, 14643.431666666667
466.2523522069386, 16898.32111111111
516.5582696431964, 16160.445555555556
463.1950220680013, 28133.93277777778
481.50248392576214, 27607.225555555553
516.5582696431964, 21857.13611111111
471.9238114622231, 5252.508888888886
517.8501630945242, 2342.2694444444446
468.4346750352282, 7995.269999999997
516.1275347159767, 6594.762777777778
464.5056029266238, 20570.70833333333
516.1275347159767, 13971.09111111111
468.4346750352282, 6364.176666666666
518.2806903997824, 4356.863888888889
471.05182551060733, 12854.568888888884
514.4040766704684, 4619.0038888888885
471.9238114622231, 4796.191111111111
517.4195838529922, 10847.25611111111
472.7955983701221, 5000.077777777777
518.2806903997824, 3407.82
468.4346750352282, 7521.9616666666625
517.8501630945242, 1987.895
514.8350188912955, 5165.1288888888885
474.1029051658645, 4910.2705555555585
517.4195838529922, 6796.222222222222
471.9238114622231, 5055.90388888889
515.6967479345718, 2235.471666666667
468.4346750352282, 3885.9827777777755
516.5582696431964, 2286.4433333333336
468.4346750352282, 4412.689999999995
519.1415891193901, 4747.646666666667
468.4346750352282, 5085.030555555553
515.6967479345718, 7220.986111111111
468.4346750352282, 5085.030555555553
515.6967479345718, 7220.986111111111
468.4346750352282, 5466.1044444444415
515.2659093195042, 6504.955555555556
471.9238114622231, 5475.813333333332
515.6967479345718, 4548.6144444444435
473.23141713137244, 4167.540555555555
514.8350188912955, 3150.534444444445
467.12542996433433, 5012.213888888888
516.5582696431964, 2890.8216666666667
514.8350188912955, 4818.036111111111
463.1950220680013, 24485.817777777775
481.50248392576214, 24262.513333333336
519.1415891193901, 5653.000555555556
463.1950220680013, 20917.801111111112
517.4195838529922, 17876.491666666665
468.4346750352282, 3655.3966666666674
519.1415891193901, 2317.997222222222
471.05182551060733, 5305.907777777778
515.2659093195042, 6199.125555555556
468.4346750352282, 3856.856111111112
518.7111657482452, 3138.3983333333335
468.8709908927178, 7259.82166666667
519.1415891193901, 2893.248888888889
471.05182551060733, 8604.502777777772
517.4195838529922, 12065.721666666668
468.4346750352282, 4635.994444444441
471.05182551060733, 4635.994444444441
513.9730826775443, 3742.776666666667
466.2523522069386, 17616.778888888883
516.5582696431964, 13053.601111111111
468.4346750352282, 6541.363888888889
514.8350188912955, 6087.473333333333
471.9238114622231, 5148.138333333329
517.4195838529922, 7602.06
466.2523522069386, 16092.48333333333
517.4195838529922, 7046.226111111112
472.7955983701221, 4798.618333333332
518.7111657482452, 3623.842777777778
518.2806903997824, 3665.1055555555554
519.1415891193901, 11235.611666666668
468.4346750352282, 5378.724444444444
514.8350188912955, 4383.5633333333335
463.1950220680013, 25585.349444444444
481.50248392576214, 24665.432222222218
516.5582696431964, 23097.446666666663
471.9238114622231, 5983.102777777778
516.5582696431964, 12106.984444444444
466.2523522069386, 14075.461666666662
516.5582696431964, 14614.304999999998
471.9238114622231, 12369.124444444446
515.6967479345718, 11313.282777777777
465.3790764729762, 18099.796111111114
518.2806903997824, 9308.397222222222
473.66718607012734, 8805.962222222224
517.8501630945242, 9995.301111111112
463.1950220680013, 23036.76611111111
477.5868611204718, 22228.50111111111
514.4040766704684, 7844.782222222222
514.8350188912955, 6973.409444444445
463.1950220680013, 25240.68388888889
479.76270835827677, 24524.653333333335
513.9730826775443, 8230.710555555555
463.1950220680013, 22345.007777777777
479.76270835827677, 21978.497222222228
516.5582696431964, 5619.019444444444
465.3790764729762, 19255.15388888889
519.1415891193901, 15048.77777777778
468.4346750352282, 3924.818333333329
514.4040766704684, 2274.307222222222
472.35972980689826, 4320.455555555556
517.4195838529922, 2247.607777777778
469.30725713293293, 3633.5516666666663
519.5719604926952, 2235.4716666666664
468.4346750352282, 3609.2794444444444
515.6967479345718, 5706.399444444443
471.4878433566188, 5048.622222222228
516.5582696431964, 4691.820555555555
471.9238114622231, 3873.8466666666645
514.8350188912955, 7941.8711111111115
465.3790764729762, 17461.43666666667
515.6967479345718, 12024.458888888888
471.9238114622231, 7298.657222222224
515.6967479345718, 2529.165555555556
468.4346750352282, 5538.921111111107
518.2806903997824, 13570.599444444444
463.1950220680013, 25366.89944444444
481.50248392576214, 24946.989999999998
516.5582696431964, 9699.18
468.4346750352282, 4342.300555555557
516.5582696431964, 6631.171111111111
471.05182551060733, 7842.354999999996
517.8501630945242, 2225.7627777777775
468.4346750352282, 4951.533333333333
514.8350188912955, 1847.116111111111
468.4346750352282, 10958.908333333333
518.7111657482452, 4626.285555555555
472.7955983701221, 7490.407777777778
514.4040766704684, 14679.84
471.9238114622231, 12170.092222222222
517.8501630945242, 5771.934444444445
465.8157390767672, 19679.91777777778
516.5582696431964, 7803.519444444444
468.4346750352282, 10471.036666666667
514.8350188912955, 14128.860555555557
465.3790764729762, 18723.59222222222
516.5582696431964, 14206.531666666668
463.1950220680013, 24881.455
481.50248392576214, 24211.541666666664
514.8350188912955, 10478.318333333335
465.3790764729762, 20891.10166666667
516.5582696431964, 25065.923888888887
471.9238114622231, 12157.95611111111
516.1275347159767, 15752.672222222222
471.05182551060733, 12713.789999999994
514.8350188912955, 8259.837222222222
466.2523522069386, 18206.593888888885
518.2806903997824, 11371.536111111112
469.7434737353516, 8305.95444444444
513.9730826775443, 12281.744444444445
468.4346750352282, 6182.134999999995
518.2806903997824, 6869.03888888889
471.9238114622231, 8958.877222222218
516.5582696431964, 9835.104444444445
468.4346750352282, 8645.765555555554
518.2806903997824, 5745.235000000001
463.1950220680013, 26568.374444444446
481.50248392576214, 26165.455555555556
516.9889526957089, 9895.785
471.05182551060733, 4869.007777777777
517.4195838529922, 3303.4494444444445
471.9238114622231, 4126.277777777774
513.9730826775443, 4677.2572222222225
468.4346750352282, 7417.591111111113
514.4040766704684, 2092.2655555555552
470.1796406794516, 6718.551111111105
516.5582696431964, 5092.312222222222
517.4195838529922, 5466.104444444444
471.9238114622231, 8339.935555555552
518.2806903997824, 5898.15
469.7434737353516, 5475.813333333332
516.1275347159767, 5832.615
464.5056029266238, 20699.351111111107
518.2806903997824, 17762.41222222222
471.9238114622231, 5058.331111111111
516.5582696431964, 6733.1144444444435
471.9238114622231, 6138.445
517.4195838529922, 6279.223888888889
471.9238114622231, 7097.197777777779
513.5420369330461, 2458.776111111111
471.9238114622231, 7580.2149999999965
519.1415891193901, 3769.4761111111106
471.9238114622231, 5660.282222222224
518.2806903997824, 8771.981111111112
471.05182551060733, 5203.964444444442
516.5582696431964, 6400.584999999999
463.1950220680013, 25767.39111111111
481.50248392576214, 25580.495000000003
515.6967479345718, 13968.663888888888
468.4346750352282, 5594.74722222222
516.5582696431964, 5123.866111111111
468.4346750352282, 4046.179444444446
515.6967479345718, 3616.5611111111107
466.2523522069386, 17369.202222222222
517.4195838529922, 11138.522777777776
471.9238114622231, 5274.353888888887
515.6967479345718, 4369.0
516.5582696431964, 5958.830555555556
466.6889158429684, 15653.156111111108
516.5582696431964, 5279.208333333333
471.9238114622231, 3978.2172222222216
514.4040766704684, 1669.928888888889
472.7955983701221, 3541.31722222222
519.5719604926952, 1750.027222222222
514.4040766704684, 12097.275555555556
471.05182551060733, 4708.811111111107
519.1415891193901, 4240.357222222223
471.05182551060733, 8687.028333333328
515.2659093195042, 10492.881666666668
471.9238114622231, 5075.321666666663
515.6967479345718, 2354.4055555555556
474.53857439806194, 3196.651666666672
516.5582696431964, 2167.509444444444
472.7955983701221, 6318.059444444443
518.2806903997824, 3495.2000000000003
519.1415891193901, 3495.2000000000003
471.9238114622231, 14157.987222222218
516.5582696431964, 7966.143333333333
461.44689011212483, 30427.65777777778
481.50248392576214, 29857.260555555556
515.6967479345718, 8361.780555555555
468.4346750352282, 5478.240555555552
517.4195838529922, 8403.043333333335
472.35972980689826, 8604.50277777778
517.4195838529922, 3051.0183333333334
461.44689011212483, 31636.414444444446
481.50248392576214, 30825.72222222222
516.5582696431964, 9706.461666666666
465.3790764729762, 19837.687222222223
516.5582696431964, 16497.829444444447
471.9238114622231, 14611.87777777778
517.4195838529922, 4201.5216666666665
466.2523522069386, 10934.636111111111
516.5582696431964, 1803.426111111111
466.2523522069386, 16048.793333333328
516.5582696431964, 6757.386666666667
463.1950220680013, 27238.287777777776
481.50248392576214, 26886.34055555556
517.4195838529922, 5172.410555555555
471.9238114622231, 9500.147777777776
515.6967479345718, 5201.537222222221
463.1950220680013, 20109.536111111112
514.8350188912955, 5441.832222222221
471.9238114622231, 6973.409444444442
514.8350188912955, 7441.863333333335
472.7955983701221, 12213.782222222217
514.8350188912955, 5997.666111111112
471.05182551060733, 11116.677777777775
514.4040766704684, 5453.968333333334
471.05182551060733, 7614.196111111109
517.4195838529922, 5145.711111111112
472.7955983701221, 4827.744999999995
517.4195838529922, 3252.477777777778
471.05182551060733, 10269.577222222222
517.4195838529922, 8072.94111111111
465.3790764729762, 19252.72666666667
515.6967479345718, 5339.888888888889
468.4346750352282, 7293.802777777775
515.6967479345718, 12221.063888888888
471.9238114622231, 5835.042222222219
518.2806903997824, 6458.838333333333
468.4346750352282, 3160.243333333332
518.2806903997824, 2475.766666666667
470.6157579447109, 8378.771111111106
518.2806903997824, 5320.471111111112
474.1029051658645, 4818.036111111112
515.6967479345718, 7871.481666666667
469.7434737353516, 6303.4961111111115
516.1275347159767, 8466.15111111111
469.7434737353516, 4902.988888888889
517.8501630945242, 2500.038888888889
471.9238114622231, 7551.088333333333
518.2806903997824, 3318.0127777777775
471.9238114622231, 14793.919444444444
516.5582696431964, 6114.172777777778
471.9238114622231, 15216.256111111114
517.4195838529922, 3609.2794444444444
469.7434737353516, 8905.478333333333
471.05182551060733, 8905.478333333333
516.5582696431964, 7308.3661111111105
468.4346750352282, 6422.43
516.5582696431964, 8063.232222222223
471.9238114622231, 7354.48333333333
514.8350188912955, 7038.944444444445
469.7434737353516, 7551.088333333333
514.4040766704684, 6257.3788888888885
471.05182551060733, 8068.0866666666625
514.8350188912955, 5684.554444444446
465.3790764729762, 18167.75833333333
514.8350188912955, 7626.332222222223
471.9238114622231, 5131.147777777776
516.5582696431964, 6541.363888888889
468.4346750352282, 4458.807222222218
515.6967479345718, 5446.6866666666665
468.4346750352282, 11582.70444444444
518.2806903997824, 5619.019444444444
472.7955983701221, 14395.854999999996
516.5582696431964, 4861.726111111111
471.9238114622231, 7109.33388888889
515.6967479345718, 3881.1283333333336
474.1029051658645, 8191.875
516.1275347159767, 5449.113888888889
468.4346750352282, 4924.83388888889
518.2806903997824, 3135.9711111111114
468.4346750352282, 4924.83388888889
518.2806903997824, 3135.9711111111114
468.4346750352282, 5519.503333333334
514.4040766704684, 3288.8861111111114
471.05182551060733, 5220.9549999999945
518.7111657482452, 2152.9461111111113
471.9238114622231, 14543.915555555555
516.5582696431964, 3638.4061111111114
476.71617188767794, 16466.275555555556
516.5582696431964, 3953.9449999999997
471.9238114622231, 5203.964444444442
518.2806903997824, 2713.6344444444444
463.1950220680013, 29240.74611111111
481.50248392576214, 28886.371666666666
518.2806903997824, 8014.687777777779
474.1029051658645, 8172.45722222222
516.1275347159767, 5201.537222222222
474.1029051658645, 9437.04
517.4195838529922, 4541.332777777778
465.3790764729762, 16366.759444444448
516.5582696431964, 5888.441111111111
468.4346750352282, 7941.8711111111115
518.2806903997824, 5966.112222222222
465.3790764729762, 16866.767222222225
516.5582696431964, 6832.6305555555555
471.05182551060733, 8815.671111111107
515.6967479345718, 5767.08
472.35972980689826, 8878.77888888889
516.5582696431964, 5106.875555555555
471.9238114622231, 11446.779999999999
518.2806903997824, 3910.2549999999997
470.6157579447109, 7206.422777777778
515.6967479345718, 4051.0338888888887
473.66718607012734, 4737.937777777777
519.5719604926952, 3587.434444444444
471.9238114622231, 9021.985
517.8501630945242, 4203.948888888888
471.9238114622231, 10361.811666666668
515.6967479345718, 4621.431111111111
474.1029051658645, 6978.2638888888905
515.6967479345718, 4369.0
471.9238114622231, 5136.002222222218
513.9730826775443, 2055.8572222222224
471.05182551060733, 5029.20444444444
517.8501630945242, 4068.0244444444447
463.1950220680013, 23272.206666666665
481.50248392576214, 22599.866111111107
517.4195838529922, 5609.310555555555
467.12542996433433, 15398.297777777778
514.8350188912955, 6422.43
471.9238114622231, 12034.167777777773
515.6967479345718, 7648.177222222221
468.4346750352282, 13026.901666666665
519.1415891193901, 7662.740555555556
462.3210547089484, 25784.381666666668
481.50248392576214, 25289.228333333333
514.8350188912955, 7444.290555555555
471.9238114622231, 11060.85166666667
516.1275347159767, 7750.120555555555
471.9238114622231, 3883.5555555555547
517.4195838529922, 5007.359444444444
465.3790764729762, 18094.941666666666
514.4040766704684, 4837.453888888889
468.8709908927178, 7963.716111111113
514.8350188912955, 3517.0449999999996
468.4346750352282, 7133.606111111112
517.4195838529922, 5184.546666666667
472.7955983701221, 6594.762777777774
514.4040766704684, 6315.6322222222225
468.4346750352282, 8631.202222222222
514.8350188912955, 2053.43
468.4346750352282, 5970.966666666667
518.2806903997824, 8157.89388888889
468.4346750352282, 4344.727777777778
515.6967479345718, 7463.708333333332
472.7955983701221, 5177.264999999999
517.4195838529922, 2094.6927777777782
471.9238114622231, 7325.356666666667
518.2806903997824, 3820.447777777778
471.9238114622231, 9721.025000000001
516.5582696431964, 6779.231666666667
463.1950220680013, 23155.699999999997
479.3276390892819, 22864.433333333334
514.8350188912955, 5966.112222222222
468.4346750352282, 9405.48611111111
515.2659093195042, 6543.791111111112
471.05182551060733, 12674.95444444444
513.5420369330461, 6099.609444444444
471.05182551060733, 13461.374444444438
516.5582696431964, 6114.172777777778
468.4346750352282, 9733.161111111112
517.4195838529922, 5077.748888888889
468.4346750352282, 3371.411666666667
514.8350188912955, 4335.01888888889
468.4346750352282, 4339.873333333329
518.2806903997824, 4585.022777777778
468.4346750352282, 4228.22111111111
513.9730826775443, 4415.117222222223
517.8501630945242, 3446.6555555555556
468.4346750352282, 7313.220555555556
515.6967479345718, 8082.65
471.9238114622231, 8910.332777777774
517.4195838529922, 6293.787222222222
515.6967479345718, 7002.536111111111
515.6967479345718, 5451.541111111112
515.2659093195042, 7072.925555555556
474.1029051658645, 4196.667222222219
516.5582696431964, 6944.282777777778
471.05182551060733, 4665.1211111111115
517.8501630945242, 6155.435555555556
471.9238114622231, 4220.939444444441
515.6967479345718, 2958.7838888888887
471.9238114622231, 5628.728333333333
516.5582696431964, 5822.906111111111
468.4346750352282, 4106.860000000001
517.4195838529922, 5667.563888888889
517.4195838529922, 6138.445000000001
468.4346750352282, 4269.483888888884
515.6967479345718, 6553.5
516.1275347159767, 6521.94611111111
515.6967479345718, 6708.842222222222
517.4195838529922, 6762.241111111111
471.05182551060733, 4106.860000000001
519.1415891193901, 3055.872777777778
471.05182551060733, 13997.790555555555
514.4040766704684, 8179.738888888889
461.44689011212483, 33634.01833333333
484.5451572007532, 32981.095555555556
519.1415891193901, 9060.820555555556
463.1950220680013, 26476.14
481.50248392576214, 25764.963888888888
516.5582696431964, 16900.748333333337
466.2523522069386, 18065.814999999995
514.8350188912955, 13745.359444444444
463.1950220680013, 22869.287777777776
480.19772749694437, 22223.646666666667
515.6967479345718, 16087.628888888888
468.8709908927178, 8978.294999999998
515.6967479345718, 10927.354444444443
463.1950220680013, 29731.045
481.50248392576214, 29330.55333333333
515.6967479345718, 15750.244999999999
463.1950220680013, 22711.518333333333
479.3276390892819, 22284.327222222222
517.8501630945242, 17721.149444444443
463.1950220680013, 25980.986666666664
481.50248392576214, 25641.175555555557
516.5582696431964, 15483.250555555556
