
# Time of snapshot: 2021-06-17T15:01:16Eastern Standard Time
# Number of frames accumulated: 0
# Scan time per exposure [us]: 50000
 Wavelength [nm], Intensity [RFU]
470.1796406794516, 1854.3977777777773
516.9889526957089, 2720.916111111111
516.5582696431964, 529.1344444444444
518.2806903997824, 601.951111111111
475.4097631897488, 1769.4449999999997
515.2659093195042, 1310.7000000000003
516.9889526957089, 3203.933333333334
478.0221307055547, 1485.46
516.9889526957089, 2133.528333333333
475.4097631897488, 1427.206666666667
515.6967479345718, 3706.368333333333
514.8350188912955, 3917.5366666666664
515.6967479345718, 3711.222777777778
517.4195838529922, 825.2555555555559
515.6967479345718, 1203.902222222222
514.8350188912955, 7905.462777777779
471.4878433566188, 7873.908888888889
515.6967479345718, 11267.165555555555
516.1275347159767, 750.0116666666668
516.5582696431964, 1995.1766666666667
516.9889526957089, 1422.3522222222223
516.9889526957089, 924.771666666667
516.1275347159767, 1912.6511111111113
516.5582696431964, 7776.82
514.4040766704684, 8604.502777777778
515.6967479345718, 7873.908888888888
516.1275347159767, 9502.575
515.6967479345718, 2024.3033333333333
515.2659093195042, 3092.281111111111
514.8350188912955, 8643.338333333333
515.6967479345718, 8937.03222222222
518.2806903997824, 9735.588333333333
517.4195838529922, 655.3500000000004
514.8350188912955, 2359.2599999999998
516.1275347159767, 5114.157222222222
514.4040766704684, 2720.916111111111
516.9889526957089, 2720.916111111111
515.6967479345718, 2017.0216666666665
514.4040766704684, 3907.827777777778
515.6967479345718, 11133.668333333335
515.6967479345718, 9012.27611111111
516.9889526957089, 740.3027777777779
515.2659093195042, 5786.4977777777785
516.1275347159767, 2851.9861111111113
516.5582696431964, 6444.2750000000015
514.8350188912955, 2915.093888888889
516.9889526957089, 7679.731111111112
473.23141713137244, 7038.944444444444
515.6967479345718, 15954.131666666664
474.53857439806194, 2900.530555555555
515.6967479345718, 10483.172777777778
511.81733684975023, 2953.929444444444
474.1029051658645, 645.6411111111111
521.7230366733485, 1250.0194444444442
469.30725713293293, 2284.016111111111
515.2659093195042, 9218.59
520.0022798476382, 2597.1277777777777
473.23141713137244, 19444.47722222222
517.4195838529922, 4257.347777777777
471.4878433566188, 8053.523333333333
516.9889526957089, 1123.803888888889
516.5582696431964, 1434.4883333333332
516.9889526957089, 1987.895
515.6967479345718, 7264.676111111111
512.2485893953253, 1842.2616666666672
470.6157579447109, 1279.1461111111112
514.8350188912955, 2917.5211111111107
474.53857439806194, 9599.663888888888
514.8350188912955, 2711.207222222222
515.6967479345718, 1759.7361111111113
471.4878433566188, 9854.522222222222
516.1275347159767, 2524.311111111111
471.4878433566188, 4065.5972222222226
516.1275347159767, 11233.184444444443
470.6157579447109, 1686.9194444444447
513.1109394574953, 966.0344444444445
514.8350188912955, 966.0344444444445
517.4195838529922, 864.0911111111113
518.2806903997824, 9968.601666666667
516.9889526957089, 11187.067222222222
513.5420369330461, 5223.3822222222225
518.2806903997824, 5223.3822222222225
472.35972980689826, 5213.673333333333
514.8350188912955, 1817.9894444444449
517.4195838529922, 1817.9894444444449
516.9889526957089, 6699.133333333333
516.1275347159767, 5946.694444444444
516.9889526957089, 939.335
515.6967479345718, 6017.083888888889
473.66718607012734, 2648.099444444444
515.2659093195042, 3929.6727777777774
516.9889526957089, 1422.3522222222223
517.4195838529922, 3415.101666666667
516.9889526957089, 3628.6972222222225
470.6157579447109, 2451.4944444444445
514.8350188912955, 4973.378333333334
516.9889526957089, 745.1572222222226
470.1796406794516, 5546.202777777777
513.9730826775443, 2461.2033333333334
472.7955983701221, 2417.5133333333333
516.9889526957089, 5990.384444444446
518.2806903997824, 2961.2111111111117
515.6967479345718, 2332.5605555555558
512.2485893953253, 2716.0616666666665
516.9889526957089, 1424.7794444444448
473.23141713137244, 2504.8933333333334
515.6967479345718, 1492.7416666666668
515.6967479345718, 3114.1261111111107
522.1530956286498, 854.382222222222
514.8350188912955, 2699.071111111111
518.7111657482452, 1859.252222222222
516.1275347159767, 1781.5811111111116
514.8350188912955, 7553.515555555556
516.9889526957089, 4189.3855555555565
515.2659093195042, 2932.084444444444
518.2806903997824, 2992.7650000000003
514.8350188912955, 3293.7405555555556
516.9889526957089, 2769.460555555556
514.8350188912955, 919.9172222222223
472.35972980689826, 17063.372222222224
514.4040766704684, 3012.1827777777776
470.6157579447109, 3179.6611111111106
514.4040766704684, 1191.766111111111
470.6157579447109, 1754.8816666666662
515.2659093195042, 2883.5400000000004
516.9889526957089, 1031.5694444444448
516.5582696431964, 2895.6761111111114
516.5582696431964, 682.0494444444448
474.53857439806194, 830.1099999999997
511.3860326552112, 992.7338888888889
473.66718607012734, 1070.4049999999997
516.9889526957089, 1228.1744444444448
515.6967479345718, 6429.711666666667
515.6967479345718, 1381.0894444444439
516.5582696431964, 5691.836111111112
516.1275347159767, 6237.961111111111
515.2659093195042, 5274.353888888889
515.6967479345718, 6373.885555555556
516.1275347159767, 2606.836666666667
516.9889526957089, 5815.6244444444455
518.2806903997824, 4123.850555555556
514.4040766704684, 5582.611111111111
514.8350188912955, 4682.111666666666
515.6967479345718, 3912.6822222222218
516.1275347159767, 2606.836666666667
516.1275347159767, 5733.098888888889
516.1275347159767, 2847.131666666667
515.6967479345718, 6577.772222222223
516.9889526957089, 4449.098333333333
470.6157579447109, 1106.8133333333335
519.5719604926952, 1165.0666666666666
473.23141713137244, 4504.924444444444
515.6967479345718, 2905.385
511.3860326552112, 691.7583333333332
515.2659093195042, 4468.516111111112
474.53857439806194, 2856.8405555555555
519.1415891193901, 3407.82
516.9889526957089, 536.4161111111111
472.7955983701221, 1832.552777777778
514.4040766704684, 9555.97388888889
517.8501630945242, 1456.3333333333335
472.7955983701221, 2186.9272222222226
519.1415891193901, 1140.7944444444447
516.1275347159767, 3444.2283333333335
512.2485893953253, 1628.6661111111116
518.7111657482452, 1017.0061111111108
470.1796406794516, 3235.487222222222
516.9889526957089, 3512.1905555555554
514.8350188912955, 881.0816666666665
470.6157579447109, 4495.215555555555
516.9889526957089, 4538.905555555555
471.4878433566188, 8929.750555555554
515.2659093195042, 6352.040555555555
511.3860326552112, 1259.7283333333335
470.6157579447109, 1259.7283333333335
515.6967479345718, 1587.4033333333336
517.4195838529922, 2301.0066666666667
475.4097631897488, 1689.3466666666664
515.6967479345718, 1009.7244444444445
516.9889526957089, 1449.0516666666667
514.8350188912955, 5803.488333333335
516.9889526957089, 4594.731666666667
514.8350188912955, 1325.2633333333338
512.2485893953253, 898.0722222222225
516.9889526957089, 609.2327777777778
516.1275347159767, 6420.002777777779
519.1415891193901, 6903.02
516.5582696431964, 4381.136111111111
515.6967479345718, 5237.945555555555
516.9889526957089, 2767.0333333333333
514.8350188912955, 1995.1766666666667
516.9889526957089, 2172.3638888888895
514.4040766704684, 2082.556666666667
516.1275347159767, 2703.9255555555555
514.8350188912955, 1580.1216666666664
515.6967479345718, 5524.357777777778
516.9889526957089, 7157.878333333334
472.35972980689826, 5546.202777777778
514.8350188912955, 3296.167777777778
472.35972980689826, 17342.50277777778
514.8350188912955, 9740.442777777778
516.1275347159767, 2034.0122222222226
516.1275347159767, 6822.921666666666
516.5582696431964, 5723.390000000001
515.6967479345718, 5051.049444444444
516.9889526957089, 4145.695555555556
472.7955983701221, 1288.8550000000005
514.8350188912955, 1216.0383333333334
516.9889526957089, 4262.202222222222
470.6157579447109, 1259.7283333333335
516.9889526957089, 1172.3483333333334
512.6797902714144, 1339.8266666666668
516.9889526957089, 1058.2688888888893
470.6157579447109, 1531.5772222222222
516.9889526957089, 1480.6055555555554
516.9889526957089, 769.4294444444445
474.1029051658645, 2376.2505555555554
516.5582696431964, 4444.243888888888
512.2485893953253, 929.6261111111112
516.9889526957089, 3077.7177777777783
470.6157579447109, 2242.753333333333
514.8350188912955, 1157.7849999999999
515.6967479345718, 1084.9683333333332
516.9889526957089, 708.7488888888893
512.2485893953253, 791.2744444444447
517.4195838529922, 1201.4750000000004
515.6967479345718, 1165.0666666666666
470.6157579447109, 3332.5761111111105
517.8501630945242, 5247.654444444444
470.6157579447109, 1342.2538888888885
516.5582696431964, 1517.0138888888891
515.2659093195042, 6038.92888888889
515.6967479345718, 9713.743333333332
518.2806903997824, 4958.8150000000005
516.1275347159767, 1767.017777777778
515.6967479345718, 10080.253888888888
516.9889526957089, 11495.324444444444
515.2659093195042, 4701.529444444444
517.8501630945242, 791.2744444444447
516.1275347159767, 12665.245555555557
517.4195838529922, 11454.061666666666
514.8350188912955, 5953.976111111111
514.4040766704684, 1291.2822222222217
474.53857439806194, 531.5616666666665
516.9889526957089, 546.125
516.9889526957089, 1781.581111111111
516.5582696431964, 3784.039444444444
470.6157579447109, 3546.171666666666
516.1275347159767, 6315.632222222222
516.9889526957089, 7878.763333333334
516.5582696431964, 2839.85
515.2659093195042, 4645.703333333333
515.6967479345718, 10376.375
514.8350188912955, 2359.2599999999998
516.9889526957089, 3034.027777777778
514.8350188912955, 9822.968333333334
516.1275347159767, 4805.900000000001
516.5582696431964, 9271.988888888889
516.1275347159767, 5446.686666666667
516.1275347159767, 1716.0461111111117
511.81733684975023, 1288.8549999999996
520.0022798476382, 2752.4700000000003
470.6157579447109, 1444.197222222222
516.9889526957089, 3313.1583333333333
516.1275347159767, 2123.8194444444443
517.4195838529922, 7830.218888888889
516.9889526957089, 3347.1394444444445
518.2806903997824, 4907.843333333333
519.1415891193901, 985.4522222222222
518.2806903997824, 2924.802777777778
513.9730826775443, 9687.04388888889
472.35972980689826, 3427.2377777777774
517.4195838529922, 11444.352777777778
514.8350188912955, 1740.3183333333332
513.9730826775443, 6645.734444444444
470.6157579447109, 1575.2672222222218
515.6967479345718, 5378.724444444445
471.4878433566188, 3245.1961111111104
516.1275347159767, 4643.276111111111
516.9889526957089, 6097.182222222224
515.2659093195042, 1604.3938888888893
471.4878433566188, 10082.681111111111
511.3860326552112, 1706.3372222222224
514.8350188912955, 4558.323333333334
518.2806903997824, 8636.056666666667
521.7230366733485, 633.5050000000001
516.9889526957089, 7473.417222222222
516.1275347159767, 4844.735555555556
516.1275347159767, 2492.7572222222225
515.6967479345718, 4956.387777777778
516.5582696431964, 2439.358333333333
515.6967479345718, 2767.033333333333
511.3860326552112, 711.1761111111109
516.5582696431964, 7072.925555555556
516.9889526957089, 2121.3922222222222
516.5582696431964, 6055.919444444446
514.4040766704684, 3004.901111111111
516.9889526957089, 6208.834444444445
514.8350188912955, 1618.9572222222218
516.5582696431964, 2152.946111111111
515.6967479345718, 6769.522777777777
515.6967479345718, 7589.923888888889
514.8350188912955, 604.3783333333336
516.9889526957089, 3555.880555555556
514.8350188912955, 3548.598888888889
514.8350188912955, 2895.6761111111114
514.4040766704684, 7718.5666666666675
516.1275347159767, 1199.0477777777778
516.9889526957089, 3912.682222222222
515.6967479345718, 4407.835555555555
516.9889526957089, 1565.5583333333338
515.6967479345718, 6589.908333333334
516.1275347159767, 2912.666666666667
514.8350188912955, 7060.789444444445
517.4195838529922, 3888.4100000000003
516.9889526957089, 949.0438888888889
515.6967479345718, 915.0627777777777
517.8501630945242, 803.4105555555557
515.2659093195042, 7517.107222222223
516.9889526957089, 7517.107222222223
519.1415891193901, 3939.3816666666667
514.4040766704684, 3640.8333333333335
516.1275347159767, 1677.2105555555554
515.6967479345718, 6271.942222222223
516.9889526957089, 8204.011111111111
514.8350188912955, 3822.8749999999995
516.1275347159767, 7320.502222222222
470.6157579447109, 1480.6055555555558
516.9889526957089, 4301.037777777778
471.4878433566188, 2475.7666666666664
516.9889526957089, 2543.7288888888893
473.23141713137244, 5432.123333333334
516.5582696431964, 8087.504444444445
516.9889526957089, 4461.234444444444
515.6967479345718, 1274.291666666667
516.9889526957089, 987.8794444444447
511.3860326552112, 716.0305555555556
520.0022798476382, 2218.481111111111
516.9889526957089, 3155.388888888889
515.6967479345718, 5713.68111111111
516.5582696431964, 7157.878333333334
515.6967479345718, 6621.4622222222215
516.9889526957089, 6764.668333333333
521.7230366733485, 652.9227777777778
516.1275347159767, 4390.845
514.8350188912955, 2089.8383333333336
517.4195838529922, 995.1611111111115
515.2659093195042, 3150.534444444444
516.9889526957089, 1114.0950000000003
516.9889526957089, 3225.778333333333
516.5582696431964, 6582.626666666667
515.6967479345718, 4060.7427777777775
515.2659093195042, 4099.578333333333
516.9889526957089, 6958.846111111112
516.5582696431964, 5808.342777777778
515.6967479345718, 3771.9033333333336
515.6967479345718, 6104.4638888888885
515.6967479345718, 6546.218333333333
516.9889526957089, 1640.802222222222
515.6967479345718, 6264.660555555555
516.9889526957089, 3000.0466666666666
514.8350188912955, 3461.218888888889
517.8501630945242, 3237.914444444444
516.5582696431964, 1067.977777777778
515.6967479345718, 4315.601111111111
517.4195838529922, 5805.915555555555
516.1275347159767, 1961.195555555556
514.4040766704684, 5708.826666666668
515.2659093195042, 5412.705555555556
518.2806903997824, 5342.316111111111
516.1275347159767, 1946.6322222222225
515.6967479345718, 686.9038888888886
512.2485893953253, 2172.363888888889
516.9889526957089, 5560.766111111112
515.6967479345718, 929.6261111111112
516.1275347159767, 5386.006111111111
517.4195838529922, 5686.981666666667
516.1275347159767, 2711.2072222222223
472.7955983701221, 1300.9911111111114
514.8350188912955, 4002.489444444445
517.4195838529922, 3582.5800000000004
515.6967479345718, 5004.932222222222
516.9889526957089, 881.0816666666669
514.4040766704684, 635.9322222222222
516.9889526957089, 1592.2577777777783
516.5582696431964, 5633.582777777778
514.8350188912955, 6723.405555555555
514.4040766704684, 2990.3377777777773
515.6967479345718, 4305.892222222222
516.1275347159767, 6810.785555555555
515.6967479345718, 912.6355555555556
474.53857439806194, 3774.3305555555553
515.2659093195042, 4529.196666666667
470.1796406794516, 1987.8949999999995
516.9889526957089, 4723.374444444444
472.35972980689826, 2752.4699999999993
518.2806903997824, 1725.755
515.2659093195042, 1267.0099999999998
516.9889526957089, 1291.2822222222226
470.6157579447109, 1257.301111111111
515.2659093195042, 844.6733333333332
517.4195838529922, 2216.053888888889
471.4878433566188, 1162.639444444444
518.2806903997824, 1703.9099999999999
470.1796406794516, 1254.8738888888884
516.9889526957089, 1407.7888888888888
516.9889526957089, 1553.422222222222
515.2659093195042, 1041.2783333333332
516.1275347159767, 3354.4211111111117
516.9889526957089, 1186.9116666666669
517.4195838529922, 3577.7255555555553
516.9889526957089, 5284.062777777777
516.9889526957089, 2070.420555555556
515.2659093195042, 7468.562777777779
515.6967479345718, 4381.136111111111
514.4040766704684, 4373.854444444445
516.9889526957089, 4269.48388888889
516.9889526957089, 917.4900000000002
514.4040766704684, 4565.605
516.9889526957089, 3177.2338888888894
516.5582696431964, 3325.2944444444443
516.9889526957089, 3407.82
516.9889526957089, 1021.860555555556
519.1415891193901, 2580.137222222222
516.5582696431964, 3131.1166666666672
515.2659093195042, 4500.07
516.5582696431964, 1225.7472222222227
516.1275347159767, 3689.3777777777777
516.9889526957089, 895.645
515.2659093195042, 2405.377222222222
471.9238114622231, 1446.6244444444446
515.6967479345718, 2216.0538888888887
516.1275347159767, 3371.411666666667
515.6967479345718, 4849.59
515.6967479345718, 4708.811111111111
516.9889526957089, 3536.4627777777782
516.9889526957089, 1643.2294444444447
517.4195838529922, 3606.8522222222223
511.3860326552112, 1082.5411111111111
520.0022798476382, 3075.2905555555553
514.8350188912955, 1002.4427777777778
515.6967479345718, 5029.204444444445
515.6967479345718, 5461.249999999999
471.4878433566188, 7514.68
518.2806903997824, 6468.5472222222215
514.8350188912955, 3063.154444444445
516.5582696431964, 3361.702777777778
514.8350188912955, 3449.082777777778
518.2806903997824, 1832.552777777778
516.9889526957089, 4560.750555555556
516.9889526957089, 2247.6077777777778
514.4040766704684, 4296.1833333333325
516.1275347159767, 4604.440555555556
512.2485893953253, 1682.0650000000005
516.1275347159767, 4922.406666666667
515.2659093195042, 4650.557777777778
516.9889526957089, 2048.5755555555556
516.9889526957089, 4284.0472222222215
516.1275347159767, 4793.763888888889
517.4195838529922, 2172.3638888888886
512.2485893953253, 2764.606111111111
515.6967479345718, 4082.587777777778
516.9889526957089, 2830.1411111111115
517.4195838529922, 2657.808333333334
519.1415891193901, 4121.423333333334
517.4195838529922, 1597.1122222222225
516.1275347159767, 4385.990555555556
516.1275347159767, 3660.2511111111116
512.2485893953253, 800.9833333333336
514.8350188912955, 4024.334444444444
515.6967479345718, 3990.3533333333335
516.5582696431964, 4720.947222222223
516.9889526957089, 832.5372222222222
516.9889526957089, 1114.0950000000003
514.8350188912955, 4383.5633333333335
515.2659093195042, 1871.3883333333338
515.2659093195042, 2376.250555555556
518.2806903997824, 3189.37
517.4195838529922, 2871.4038888888895
520.0022798476382, 2330.133333333333
515.2659093195042, 2514.6022222222223
517.4195838529922, 694.1855555555558
515.6967479345718, 2031.585
516.1275347159767, 4194.24
516.9889526957089, 2385.959444444444
516.9889526957089, 2320.4244444444444
516.9889526957089, 4220.939444444444
515.6967479345718, 2660.235555555555
515.6967479345718, 1385.943888888889
516.9889526957089, 2723.3433333333337
517.4195838529922, 3587.4344444444446
512.2485893953253, 740.3027777777779
515.6967479345718, 4060.7427777777775
516.9889526957089, 2012.1672222222228
518.2806903997824, 2759.751666666667
516.9889526957089, 553.4066666666668
517.4195838529922, 3818.0205555555553
518.2806903997824, 975.7433333333333
515.2659093195042, 2206.345
518.2806903997824, 4303.465
512.2485893953253, 776.7111111111112
516.9889526957089, 2463.630555555556
516.9889526957089, 2669.944444444445
516.1275347159767, 2359.26
516.9889526957089, 2376.250555555556
514.8350188912955, 4383.5633333333335
518.2806903997824, 3803.4572222222223
514.4040766704684, 3953.945
519.1415891193901, 5177.264999999999
519.1415891193901, 1084.9683333333332
470.6157579447109, 822.8283333333329
515.2659093195042, 927.1988888888891
517.4195838529922, 9201.599444444446
468.8709908927178, 1240.3105555555558
516.9889526957089, 1114.0950000000003
512.2485893953253, 733.0211111111112
516.9889526957089, 1264.5827777777781
516.9889526957089, 767.0022222222224
514.4040766704684, 652.9227777777778
516.5582696431964, 3308.303888888889
516.5582696431964, 3398.111111111111
512.2485893953253, 1131.0855555555559
516.1275347159767, 3551.0261111111113
511.3860326552112, 509.7166666666667
514.8350188912955, 2834.9955555555557
516.5582696431964, 2410.231666666667
514.8350188912955, 2781.596666666667
516.1275347159767, 3199.078888888889
512.2485893953253, 1162.6394444444445
516.9889526957089, 2868.976666666667
514.4040766704684, 1975.758888888889
516.1275347159767, 2422.3677777777784
515.6967479345718, 2012.1672222222223
515.2659093195042, 3708.795555555556
514.8350188912955, 2128.673888888889
515.2659093195042, 4128.705
516.9889526957089, 1058.2688888888893
515.2659093195042, 3206.3605555555555
516.9889526957089, 1728.1822222222222
512.2485893953253, 902.9266666666667
517.4195838529922, 3364.1300000000006
516.9889526957089, 4109.287222222223
514.8350188912955, 3021.891666666667
520.0022798476382, 3106.844444444444
515.6967479345718, 3825.3022222222216
515.6967479345718, 3839.865555555555
516.1275347159767, 3849.5744444444445
515.2659093195042, 3929.6727777777774
520.8627624203501, 2822.8594444444443
516.1275347159767, 1118.9494444444445
512.2485893953253, 701.4672222222225
514.4040766704684, 1439.3427777777774
518.2806903997824, 2133.5283333333336
515.6967479345718, 2152.9461111111113
514.8350188912955, 2801.0144444444445
515.6967479345718, 1997.6038888888888
516.9889526957089, 3114.126111111111
516.1275347159767, 1706.3372222222224
516.1275347159767, 4012.1983333333337
516.1275347159767, 3827.729444444444
514.4040766704684, 4133.559444444445
516.9889526957089, 1220.892777777778
516.9889526957089, 3623.8427777777783
518.7111657482452, 1657.7927777777772
516.9889526957089, 1099.5316666666668
516.9889526957089, 808.2650000000003
515.2659093195042, 4026.7616666666668
516.5582696431964, 4029.1888888888893
516.9889526957089, 1235.456111111111
514.8350188912955, 2963.638333333334
516.9889526957089, 1941.7777777777778
516.1275347159767, 1347.1083333333336
516.9889526957089, 934.4805555555558
517.8501630945242, 3822.8750000000005
516.9889526957089, 4230.648333333333
514.8350188912955, 3657.8238888888886
519.1415891193901, 3184.5155555555552
514.8350188912955, 3623.8427777777774
514.8350188912955, 4085.015
515.2659093195042, 2679.653333333333
512.2485893953253, 3150.5344444444445
513.9730826775443, 3368.9844444444448
516.1275347159767, 3626.2700000000004
516.5582696431964, 2519.4566666666665
516.9889526957089, 3157.8161111111117
515.6967479345718, 3791.3211111111113
516.9889526957089, 1002.4427777777778
475.4097631897488, 4293.756111111112
515.6967479345718, 4791.336666666666
514.8350188912955, 4638.421666666667
515.6967479345718, 2179.645555555556
514.4040766704684, 3449.082777777777
515.6967479345718, 4473.370555555555
516.1275347159767, 4378.708888888889
516.1275347159767, 3781.612222222222
518.2806903997824, 3456.3644444444444
517.8501630945242, 1451.4788888888893
516.9889526957089, 4211.230555555556
516.9889526957089, 1985.4677777777783
516.1275347159767, 3318.012777777778
517.4195838529922, 944.1894444444447
516.5582696431964, 2980.628888888889
516.5582696431964, 4167.540555555555
516.9889526957089, 1929.6416666666669
516.9889526957089, 2267.0255555555555
513.9730826775443, 2262.1711111111113
517.8501630945242, 4619.0038888888885
516.9889526957089, 1951.4866666666671
516.1275347159767, 803.4105555555557
519.1415891193901, 803.4105555555557
515.2659093195042, 3320.44
516.9889526957089, 1415.0705555555555
515.2659093195042, 512.1438888888888
516.5582696431964, 1218.465555555556
517.4195838529922, 1114.0950000000003
516.5582696431964, 1609.2483333333334
473.66718607012734, 555.8338888888884
516.9889526957089, 696.6127777777779
509.66029979785856, 1274.2916666666665
511.3860326552112, 524.2799999999997
516.5582696431964, 2014.5944444444444
516.9889526957089, 2621.4
516.9889526957089, 3385.975
519.1415891193901, 1485.4600000000005
516.9889526957089, 1368.9533333333334
512.2485893953253, 1021.8605555555555
517.4195838529922, 3973.362777777778
519.1415891193901, 905.3538888888888
514.8350188912955, 3412.6744444444444
516.9889526957089, 1468.4694444444444
516.9889526957089, 3366.557222222222
512.2485893953253, 3750.0583333333334
515.6967479345718, 1701.4827777777773
515.2659093195042, 4167.540555555555
516.9889526957089, 3580.152777777778
516.9889526957089, 706.3216666666667
514.8350188912955, 2699.071111111111
512.2485893953253, 1883.5244444444443
516.5582696431964, 3485.491111111111
516.9889526957089, 3055.872777777778
517.4195838529922, 3055.872777777778
516.9889526957089, 2155.3733333333334
474.1029051658645, 716.0305555555551
515.2659093195042, 2087.411111111111
517.4195838529922, 2087.411111111111
517.4195838529922, 1449.0516666666667
516.9889526957089, 2815.577777777778
515.6967479345718, 2051.0027777777777
516.1275347159767, 2291.297777777778
516.1275347159767, 3478.2094444444447
516.9889526957089, 1097.1044444444447
517.4195838529922, 2672.3716666666664
515.6967479345718, 3097.1355555555556
516.9889526957089, 832.5372222222222
514.8350188912955, 4070.4516666666664
516.5582696431964, 4150.549999999999
516.1275347159767, 1825.2711111111112
512.2485893953253, 1274.291666666667
511.3860326552112, 601.951111111111
517.4195838529922, 4019.48
516.1275347159767, 3740.349444444445
516.9889526957089, 3186.942777777778
511.81733684975023, 1264.5827777777777
518.2806903997824, 4140.841111111111
515.2659093195042, 2017.021666666667
519.1415891193901, 3689.377777777778
516.1275347159767, 3560.7350000000006
515.2659093195042, 3876.2738888888885
516.9889526957089, 3854.428888888889
514.8350188912955, 3689.377777777778
514.8350188912955, 2538.874444444444
512.2485893953253, 1657.7927777777777
514.8350188912955, 2021.8761111111112
516.9889526957089, 2771.8877777777775
514.8350188912955, 1344.6811111111115
516.9889526957089, 3839.8655555555556
515.6967479345718, 1230.6016666666665
516.9889526957089, 3412.6744444444444
519.1415891193901, 2191.7816666666663
516.1275347159767, 3793.748333333334
516.5582696431964, 1230.601666666667
515.2659093195042, 1228.1744444444444
516.9889526957089, 2902.957777777778
519.1415891193901, 4247.638888888889
515.6967479345718, 1708.764444444444
516.9889526957089, 558.2611111111114
517.8501630945242, 1616.5300000000002
515.6967479345718, 3907.8277777777776
513.1109394574953, 3424.8105555555558
516.1275347159767, 1941.7777777777783
515.6967479345718, 1701.4827777777773
514.4040766704684, 4148.122777777777
515.2659093195042, 2902.957777777778
517.8501630945242, 2368.968888888889
510.0918103830321, 550.9794444444447
516.9889526957089, 4220.939444444444
518.2806903997824, 1793.7172222222225
521.7230366733485, 1662.647222222222
516.9889526957089, 1667.5016666666666
522.1530956286498, 1019.4333333333334
517.4195838529922, 2730.6250000000005
512.2485893953253, 2303.4338888888888
512.2485893953253, 2398.0955555555556
515.6967479345718, 2784.023888888889
515.6967479345718, 500.00777777777785
516.9889526957089, 2191.781666666667
472.7955983701221, 4038.8977777777773
515.6967479345718, 3284.0316666666668
514.8350188912955, 1347.1083333333331
516.1275347159767, 1116.5222222222224
516.9889526957089, 1939.3505555555562
516.9889526957089, 1616.5300000000002
514.4040766704684, 3429.6649999999995
514.8350188912955, 4085.015
512.2485893953253, 1936.9233333333332
470.1796406794516, 699.04
512.2485893953253, 706.3216666666667
470.1796406794516, 1254.8738888888884
516.5582696431964, 1313.1272222222228
512.2485893953253, 968.4616666666666
516.9889526957089, 560.6883333333335
474.1029051658645, 1322.8361111111108
518.2806903997824, 1242.7377777777783
474.53857439806194, 1332.5449999999992
514.8350188912955, 1458.7605555555551
517.4195838529922, 2145.664444444445
514.8350188912955, 1825.2711111111107
516.9889526957089, 1082.5411111111111
514.8350188912955, 3303.449444444444
516.9889526957089, 2677.2261111111115
516.1275347159767, 3101.99
516.9889526957089, 2145.664444444445
515.6967479345718, 1512.1594444444445
515.6967479345718, 2616.5455555555554
471.4878433566188, 4864.153333333334
516.1275347159767, 8400.61611111111
512.2485893953253, 1128.6583333333333
516.9889526957089, 888.3633333333337
516.9889526957089, 4534.051111111112
514.4040766704684, 3713.65
516.9889526957089, 4577.7411111111105
516.1275347159767, 3852.001666666667
512.2485893953253, 701.4672222222225
514.8350188912955, 2752.47
512.2485893953253, 1322.8361111111117
515.6967479345718, 3919.9638888888885
516.9889526957089, 1546.1405555555561
516.5582696431964, 4485.506666666666
516.1275347159767, 4504.924444444445
516.9889526957089, 5036.486111111111
515.6967479345718, 5004.932222222222
516.1275347159767, 4296.183333333333
515.6967479345718, 4148.122777777778
516.9889526957089, 2847.1316666666667
519.1415891193901, 2847.1316666666667
515.2659093195042, 4750.073888888888
514.4040766704684, 4529.196666666667
516.1275347159767, 6019.511111111112
516.1275347159767, 4956.387777777778
516.9889526957089, 4752.501111111111
514.4040766704684, 3934.5272222222225
516.1275347159767, 4679.684444444445
515.2659093195042, 3500.0544444444445
516.9889526957089, 4694.2477777777785
512.2485893953253, 1589.8305555555553
516.1275347159767, 1135.94
516.1275347159767, 550.9794444444447
516.1275347159767, 4864.153333333334
514.8350188912955, 2356.832777777778
518.2806903997824, 2067.993333333334
516.9889526957089, 2043.7211111111114
514.8350188912955, 4208.803333333333
515.6967479345718, 5378.724444444445
514.8350188912955, 2152.946111111111
516.9889526957089, 2152.946111111111
516.9889526957089, 6036.501666666667
516.5582696431964, 5378.724444444446
515.6967479345718, 5063.185555555556
516.9889526957089, 4961.242222222223
516.9889526957089, 2856.840555555556
515.2659093195042, 1419.9249999999997
516.9889526957089, 4628.712777777779
516.1275347159767, 1313.1272222222224
516.9889526957089, 4206.376111111111
512.2485893953253, 1631.0933333333332
515.2659093195042, 2614.1183333333333
516.1275347159767, 4667.548333333333
516.9889526957089, 1597.1122222222225
516.5582696431964, 3473.355
470.6157579447109, 990.3066666666664
516.9889526957089, 847.1005555555557
516.1275347159767, 2560.719444444445
511.3860326552112, 703.8944444444446
516.1275347159767, 3917.536666666667
516.1275347159767, 1186.9116666666669
517.4195838529922, 4359.291111111112
515.6967479345718, 2529.1655555555553
515.6967479345718, 4475.797777777778
515.6967479345718, 2703.9255555555555
517.4195838529922, 5296.198888888888
515.6967479345718, 2269.4527777777776
515.2659093195042, 5381.151666666667
516.5582696431964, 5381.151666666667
520.0022798476382, 912.6355555555556
518.2806903997824, 575.251666666667
512.2485893953253, 2750.0427777777777
516.9889526957089, 3582.5800000000004
515.6967479345718, 701.4672222222221
516.9889526957089, 861.6638888888892
513.1109394574953, 3296.1677777777777
511.3860326552112, 825.2555555555555
516.1275347159767, 820.4011111111113
514.8350188912955, 1662.6472222222224
516.1275347159767, 2177.2183333333332
513.9730826775443, 3424.8105555555553
514.8350188912955, 1713.6188888888887
515.2659093195042, 3541.3172222222224
512.2485893953253, 3109.2716666666665
470.6157579447109, 1259.7283333333335
517.4195838529922, 2507.3205555555555
515.2659093195042, 1186.9116666666669
512.2485893953253, 1075.2594444444444
515.6967479345718, 4582.595555555556
517.8501630945242, 2808.2961111111113
515.6967479345718, 3779.1849999999995
516.9889526957089, 730.5938888888891
516.1275347159767, 2036.4394444444442
516.9889526957089, 1213.6111111111113
517.4195838529922, 808.2650000000003
514.8350188912955, 5322.898333333334
516.9889526957089, 1890.8061111111115
516.9889526957089, 1118.9494444444445
516.9889526957089, 3820.447777777778
516.9889526957089, 1390.7983333333336
516.1275347159767, 1419.9250000000002
514.4040766704684, 3543.744444444444
516.9889526957089, 3587.4344444444446
516.9889526957089, 1745.1727777777783
515.6967479345718, 2599.5550000000003
516.1275347159767, 1337.3994444444443
513.9730826775443, 2917.5211111111116
516.1275347159767, 735.4483333333337
515.6967479345718, 4058.315555555556
516.5582696431964, 1575.2672222222222
516.9889526957089, 3184.515555555556
516.5582696431964, 3643.260555555556
516.5582696431964, 6274.3694444444445
516.9889526957089, 3638.406111111111
514.4040766704684, 543.6977777777774
515.6967479345718, 2939.3661111111114
515.6967479345718, 3254.9049999999997
513.5420369330461, 4220.939444444444
513.5420369330461, 3041.3094444444446
515.6967479345718, 4538.905555555555
516.9889526957089, 4701.529444444444
516.1275347159767, 4669.975555555556
514.8350188912955, 4932.115555555556
516.9889526957089, 4907.843333333334
516.1275347159767, 4597.158888888889
516.9889526957089, 4373.854444444445
516.9889526957089, 3191.797222222222
514.8350188912955, 805.8377777777778
515.6967479345718, 4706.383888888889
516.9889526957089, 915.0627777777781
517.4195838529922, 4966.096666666666
469.30725713293293, 912.6355555555547
516.1275347159767, 842.2461111111115
471.4878433566188, 1958.7683333333334
515.6967479345718, 1339.8266666666668
516.9889526957089, 1759.7361111111109
479.3276390892819, 1070.4049999999997
516.9889526957089, 951.4711111111114
475.4097631897488, 1007.2972222222224
514.8350188912955, 1053.4144444444446
516.9889526957089, 1262.1555555555556
470.6157579447109, 1055.8416666666662
515.6967479345718, 1050.987222222222
471.9238114622231, 1121.376666666667
515.6967479345718, 1145.648888888889
470.1796406794516, 2259.7438888888883
515.6967479345718, 3832.5838888888884
512.2485893953253, 703.8944444444446
512.2485893953253, 905.3538888888888
516.9889526957089, 861.6638888888892
514.4040766704684, 1536.4316666666668
514.4040766704684, 3650.542222222222
516.1275347159767, 941.7622222222226
516.9889526957089, 4808.327222222222
514.8350188912955, 6403.0122222222235
516.1275347159767, 6172.426111111111
516.1275347159767, 1932.068888888889
514.8350188912955, 2560.7194444444444
474.1029051658645, 2793.7327777777773
516.9889526957089, 1902.9422222222224
515.6967479345718, 652.9227777777778
516.9889526957089, 1550.9950000000003
512.2485893953253, 1060.6961111111113
516.1275347159767, 1089.822777777778
517.4195838529922, 2885.967222222222
514.8350188912955, 3470.9277777777775
511.3860326552112, 997.5883333333331
514.4040766704684, 1781.581111111111
515.6967479345718, 3019.464444444444
516.9889526957089, 2640.817777777778
516.9889526957089, 3019.4644444444443
516.9889526957089, 1000.0155555555557
516.9889526957089, 2956.356666666667
516.9889526957089, 796.1288888888889
516.5582696431964, 5441.832222222223
515.2659093195042, 5737.953333333333
515.6967479345718, 5798.633888888889
512.2485893953253, 716.0305555555556
515.2659093195042, 1191.766111111111
512.2485893953253, 701.4672222222225
516.1275347159767, 550.9794444444447
514.8350188912955, 3063.154444444445
516.9889526957089, 910.2083333333335
516.9889526957089, 3444.228333333334
514.8350188912955, 4352.009444444444
515.2659093195042, 1339.8266666666664
516.1275347159767, 3912.6822222222227
520.0022798476382, 689.3311111111111
515.2659093195042, 3485.491111111111
514.4040766704684, 4017.0527777777775
519.1415891193901, 2131.1011111111115
515.2659093195042, 650.4955555555557
515.2659093195042, 4344.727777777778
515.6967479345718, 2953.929444444444
516.1275347159767, 2752.4700000000003
516.5582696431964, 3922.3911111111115
516.9889526957089, 4097.151111111112
519.1415891193901, 2759.7516666666666
516.9889526957089, 917.4900000000002
517.4195838529922, 1453.906111111111
514.8350188912955, 1361.6716666666666
516.1275347159767, 643.213888888889
515.6967479345718, 2480.6211111111106
517.4195838529922, 2878.6855555555553
515.6967479345718, 3526.7538888888885
517.4195838529922, 543.6977777777779
515.6967479345718, 4669.975555555556
517.8501630945242, 958.7527777777777
515.2659093195042, 3368.9844444444448
516.9889526957089, 2745.188333333334
517.8501630945242, 2332.5605555555553
512.2485893953253, 536.4161111111111
521.7230366733485, 536.4161111111111
515.6967479345718, 3784.0394444444446
513.9730826775443, 4463.661666666667
516.1275347159767, 631.077777777778
516.9889526957089, 2618.9727777777775
514.4040766704684, 2252.462222222222
516.1275347159767, 4429.680555555556
516.9889526957089, 2983.0561111111115
516.5582696431964, 2854.4133333333334
516.1275347159767, 3701.5138888888887
512.2485893953253, 941.7622222222221
516.1275347159767, 1473.323888888889
516.1275347159767, 4796.191111111111
515.6967479345718, 1834.9799999999996
517.4195838529922, 4803.472777777777
514.8350188912955, 5269.499444444444
512.2485893953253, 1725.755
517.4195838529922, 1216.0383333333334
516.9889526957089, 941.7622222222226
515.6967479345718, 4924.833888888888
516.1275347159767, 4560.750555555555
513.9730826775443, 594.6694444444447
517.4195838529922, 3876.2738888888894
516.9889526957089, 4402.981111111112
516.9889526957089, 2449.0672222222224
514.8350188912955, 2635.9633333333336
514.8350188912955, 3674.8144444444447
512.2485893953253, 745.1572222222226
515.2659093195042, 3480.6366666666668
511.3860326552112, 1514.586666666667
516.5582696431964, 3961.226666666667
515.6967479345718, 4895.707222222222
515.2659093195042, 4160.2588888888895
515.6967479345718, 3126.2622222222217
515.2659093195042, 4907.843333333334
516.9889526957089, 4441.8166666666675
514.8350188912955, 3152.9616666666666
515.6967479345718, 2458.7761111111113
516.9889526957089, 4118.9961111111115
515.6967479345718, 3939.381666666666
515.6967479345718, 2825.286666666667
515.2659093195042, 1779.1538888888886
514.8350188912955, 4364.145555555555
516.1275347159767, 1555.849444444445
518.7111657482452, 2077.7022222222217
516.9889526957089, 5116.584444444445
515.6967479345718, 4759.7827777777775
516.5582696431964, 2446.64
515.6967479345718, 4927.261111111111
516.1275347159767, 3228.205555555556
518.2806903997824, 5000.077777777778
515.2659093195042, 4953.960555555555
512.2485893953253, 895.645
514.4040766704684, 842.2461111111111
515.6967479345718, 868.9455555555555
515.6967479345718, 3024.318888888889
516.1275347159767, 4298.610555555556
514.8350188912955, 3199.0788888888887
515.6967479345718, 5436.977777777777
518.2806903997824, 2449.067222222222
515.6967479345718, 3531.6083333333336
516.9889526957089, 2216.053888888889
515.6967479345718, 3308.3038888888887
516.9889526957089, 2247.6077777777778
514.4040766704684, 4871.4349999999995
515.2659093195042, 3689.377777777778
516.9889526957089, 1432.0611111111116
512.2485893953253, 2834.9955555555553
511.3860326552112, 2565.573888888889
515.6967479345718, 3439.3738888888884
516.9889526957089, 4315.601111111111
516.9889526957089, 5315.616666666667
514.4040766704684, 4196.667222222222
516.1275347159767, 5281.635555555556
516.9889526957089, 5097.166666666666
517.4195838529922, 995.1611111111115
470.6157579447109, 1888.3788888888885
516.9889526957089, 3308.303888888889
474.53857439806194, 1150.503333333333
519.1415891193901, 3262.186666666667
515.2659093195042, 1631.0933333333337
516.1275347159767, 3987.926111111111
514.8350188912955, 3633.5516666666667
516.9889526957089, 538.8433333333337
516.1275347159767, 3961.2266666666665
514.4040766704684, 3453.9372222222223
512.2485893953253, 1463.6149999999998
514.8350188912955, 3757.3399999999997
515.2659093195042, 893.2177777777779
516.1275347159767, 1264.5827777777777
516.9889526957089, 4242.784444444445
515.6967479345718, 4259.775
512.2485893953253, 723.3122222222223
515.6967479345718, 4366.572777777777
514.8350188912955, 1922.3600000000001
513.1109394574953, 3216.0694444444443
514.8350188912955, 2143.2372222222225
512.2485893953253, 1890.806111111111
514.8350188912955, 3810.7388888888886
514.8350188912955, 2077.7022222222226
516.9889526957089, 2077.7022222222226
515.2659093195042, 1546.1405555555552
516.9889526957089, 572.8244444444445
514.8350188912955, 1856.8250000000003
516.9889526957089, 1361.6716666666666
514.4040766704684, 1558.2766666666662
518.2806903997824, 2536.447222222222
515.6967479345718, 4551.041666666667
515.2659093195042, 2444.2127777777782
516.5582696431964, 4983.087222222222
514.4040766704684, 786.4199999999996
515.2659093195042, 3752.4855555555555
517.4195838529922, 4929.6883333333335
515.6967479345718, 3339.8577777777773
516.1275347159767, 1706.3372222222224
515.6967479345718, 3259.759444444444
512.2485893953253, 939.335
516.5582696431964, 3694.2322222222224
516.1275347159767, 2856.8405555555555
514.4040766704684, 3257.332222222222
514.4040766704684, 3218.4966666666664
514.4040766704684, 3349.566666666666
516.9889526957089, 4400.55388888889
517.4195838529922, 4485.506666666666
516.9889526957089, 1660.2199999999998
516.1275347159767, 4555.896111111111
514.4040766704684, 3801.03
512.2485893953253, 793.7016666666668
513.9730826775443, 3092.281111111111
516.9889526957089, 2847.1316666666667
514.8350188912955, 618.9416666666666
516.9889526957089, 4376.281666666668
515.2659093195042, 4143.268333333333
516.1275347159767, 3271.895555555556
515.6967479345718, 4072.8788888888885
516.5582696431964, 2543.7288888888893
516.1275347159767, 3813.1661111111116
516.1275347159767, 3868.992222222222
515.6967479345718, 1915.078333333333
517.4195838529922, 3094.7083333333335
516.1275347159767, 1521.8683333333338
515.6967479345718, 2626.2544444444447
515.6967479345718, 970.8888888888887
517.4195838529922, 3286.458888888889
515.6967479345718, 2133.5283333333336
516.9889526957089, 3662.6783333333337
516.1275347159767, 975.7433333333333
514.8350188912955, 1684.4922222222226
517.8501630945242, 1684.4922222222226
515.2659093195042, 3099.5627777777777
516.9889526957089, 3099.5627777777777
517.4195838529922, 3002.473888888889
516.9889526957089, 3303.449444444445
517.4195838529922, 1781.581111111111
514.8350188912955, 2184.4999999999995
512.2485893953253, 1014.5788888888892
512.2485893953253, 606.8055555555557
516.9889526957089, 2330.1333333333337
514.4040766704684, 3490.345555555555
516.9889526957089, 507.2894444444446
518.2806903997824, 781.5655555555559
516.9889526957089, 759.7205555555556
516.1275347159767, 3014.6100000000006
516.9889526957089, 2915.093888888889
516.9889526957089, 3281.6044444444447
512.2485893953253, 3135.971111111111
512.2485893953253, 847.1005555555557
516.1275347159767, 6223.397777777777
515.6967479345718, 4077.7333333333336
511.3860326552112, 851.9549999999999
517.8501630945242, 2568.001111111111
515.2659093195042, 1230.601666666667
516.9889526957089, 5502.512777777778
515.6967479345718, 4674.83
509.66029979785856, 958.7527777777777
516.1275347159767, 1046.1327777777778
516.5582696431964, 5293.771666666667
517.4195838529922, 4184.531111111111
516.5582696431964, 4352.009444444444
514.4040766704684, 3754.912777777778
517.4195838529922, 2856.840555555556
515.6967479345718, 6046.210555555556
516.9889526957089, 3992.7805555555556
516.9889526957089, 5903.004444444445
514.8350188912955, 5886.013888888889
517.4195838529922, 2866.5494444444444
515.6967479345718, 2859.267777777778
516.5582696431964, 3201.5061111111113
516.9889526957089, 1368.9533333333334
517.4195838529922, 3063.154444444445
514.4040766704684, 2968.492777777778
516.9889526957089, 1378.6622222222227
516.9889526957089, 645.6411111111115
516.9889526957089, 3910.2550000000006
514.4040766704684, 1327.6905555555554
515.2659093195042, 1050.987222222222
515.2659093195042, 990.3066666666668
515.2659093195042, 628.6505555555555
515.6967479345718, 3186.9427777777773
511.3860326552112, 631.0777777777776
516.9889526957089, 4344.727777777778
512.2485893953253, 912.6355555555556
515.2659093195042, 1917.505555555556
516.1275347159767, 1182.0572222222222
516.1275347159767, 1242.7377777777783
516.1275347159767, 3902.9733333333334
515.2659093195042, 2235.471666666667
516.1275347159767, 3223.351111111111
516.9889526957089, 1529.15
515.6967479345718, 3582.58
516.9889526957089, 1701.4827777777778
515.6967479345718, 4000.062222222222
515.6967479345718, 3082.572222222222
516.9889526957089, 2109.2561111111113
516.1275347159767, 1621.3844444444449
518.2806903997824, 3216.0694444444443
515.2659093195042, 4376.281666666666
516.9889526957089, 4325.3099999999995
516.9889526957089, 3213.6422222222222
514.8350188912955, 1737.8911111111115
515.6967479345718, 2121.392222222222
512.2485893953253, 1631.0933333333332
516.9889526957089, 3635.9788888888893
516.9889526957089, 847.1005555555557
514.8350188912955, 3502.481666666667
515.6967479345718, 4385.990555555555
470.1796406794516, 8373.916666666666
516.9889526957089, 2252.462222222222
517.4195838529922, 3301.0222222222224
515.2659093195042, 1742.7455555555557
516.9889526957089, 4296.183333333334
515.6967479345718, 4597.158888888889
515.2659093195042, 3385.975
514.8350188912955, 1849.5433333333335
516.1275347159767, 2143.237222222222
515.6967479345718, 2774.3149999999996
516.5582696431964, 2924.8027777777784
515.2659093195042, 5055.903888888888
515.6967479345718, 1385.943888888889
516.9889526957089, 3483.0638888888893
514.8350188912955, 3252.4777777777776
516.1275347159767, 4563.177777777778
515.6967479345718, 3769.476111111111
516.9889526957089, 5356.879444444445
515.2659093195042, 3737.922222222222
516.9889526957089, 3737.922222222222
512.2485893953253, 779.1383333333333
511.3860326552112, 791.2744444444443
517.4195838529922, 4140.841111111111
516.9889526957089, 2813.1505555555555
514.4040766704684, 4483.079444444444
513.9730826775443, 4546.187222222223
514.8350188912955, 3313.1583333333333
515.6967479345718, 5536.493888888889
514.8350188912955, 2963.638333333334
514.4040766704684, 2932.084444444444
515.6967479345718, 4975.805555555556
516.1275347159767, 963.6072222222224
516.9889526957089, 5041.340555555556
516.9889526957089, 640.7866666666669
511.3860326552112, 3274.3227777777774
515.6967479345718, 2439.3583333333336
516.1275347159767, 1526.722777777778
515.2659093195042, 929.6261111111112
512.2485893953253, 606.8055555555557
516.1275347159767, 1167.4938888888892
516.5582696431964, 4000.0622222222223
515.2659093195042, 5259.790555555555
517.4195838529922, 1621.3844444444444
515.6967479345718, 5429.696111111111
517.4195838529922, 2019.4488888888886
516.1275347159767, 5402.996666666667
516.9889526957089, 3541.3172222222224
515.6967479345718, 1169.9211111111108
512.2485893953253, 623.7961111111113
516.1275347159767, 1242.7377777777783
517.4195838529922, 4070.4516666666673
516.9889526957089, 1143.2216666666668
514.8350188912955, 1053.4144444444446
517.4195838529922, 1053.4144444444446
516.5582696431964, 2529.165555555556
516.9889526957089, 966.0344444444445
516.9889526957089, 2526.7383333333332
514.8350188912955, 3531.608333333333
516.5582696431964, 2053.43
511.3860326552112, 2548.583333333333
515.2659093195042, 5104.448333333334
517.8501630945242, 2968.492777777778
515.2659093195042, 1791.2900000000004
516.1275347159767, 3871.4194444444447
516.5582696431964, 3383.5477777777783
516.9889526957089, 1939.3505555555562
514.8350188912955, 3677.2416666666663
514.8350188912955, 2014.5944444444444
517.4195838529922, 3956.3722222222227
512.2485893953253, 769.4294444444445
510.0918103830321, 1305.8455555555556
515.2659093195042, 1007.2972222222224
516.9889526957089, 1444.1972222222225
513.5420369330461, 941.7622222222221
517.4195838529922, 686.903888888889
516.9889526957089, 1538.8588888888894
516.9889526957089, 3497.627222222223
516.9889526957089, 2577.7100000000005
512.2485893953253, 997.5883333333336
518.2806903997824, 2257.3166666666666
519.1415891193901, 541.2705555555558
516.1275347159767, 1550.995
514.8350188912955, 4218.512222222222
516.9889526957089, 3655.396666666667
516.9889526957089, 565.5427777777782
516.9889526957089, 1655.3655555555556
518.2806903997824, 1966.0500000000002
516.9889526957089, 665.0588888888892
516.9889526957089, 2774.315
514.4040766704684, 1492.7416666666663
515.6967479345718, 3060.727222222222
515.2659093195042, 1354.3899999999999
516.9889526957089, 3009.755555555556
515.6967479345718, 543.6977777777774
470.6157579447109, 1500.0233333333335
516.1275347159767, 1689.3466666666673
516.9889526957089, 2919.9483333333333
519.1415891193901, 2449.0672222222224
514.8350188912955, 3932.1
516.9889526957089, 4400.55388888889
516.9889526957089, 2682.0805555555557
513.5420369330461, 3216.069444444444
516.1275347159767, 2643.245
520.0022798476382, 521.8527777777776
516.5582696431964, 2184.5000000000005
514.8350188912955, 2929.6572222222226
516.5582696431964, 3259.7594444444444
519.1415891193901, 706.3216666666667
515.2659093195042, 932.0533333333333
514.8350188912955, 4708.81111111111
519.1415891193901, 3470.9277777777775
518.2806903997824, 4383.5633333333335
515.6967479345718, 3415.1016666666665
516.1275347159767, 667.4861111111113
515.6967479345718, 5131.147777777777
514.8350188912955, 3754.912777777778
514.4040766704684, 3152.9616666666666
516.9889526957089, 3152.9616666666666
515.6967479345718, 5267.072222222222
515.2659093195042, 4864.153333333334
515.6967479345718, 3888.41
514.8350188912955, 2927.23
517.4195838529922, 3230.6327777777783
514.4040766704684, 1060.696111111111
517.4195838529922, 2281.588888888889
516.9889526957089, 2796.1600000000003
516.9889526957089, 4322.882777777779
515.6967479345718, 4029.188888888889
516.1275347159767, 2211.1994444444445
516.1275347159767, 4053.4611111111117
512.2485893953253, 803.4105555555557
518.2806903997824, 5859.314444444444
512.2485893953253, 575.251666666667
511.3860326552112, 762.1477777777777
514.8350188912955, 1679.6377777777775
516.1275347159767, 2934.511666666667
515.6967479345718, 4133.559444444444
516.1275347159767, 6087.473333333334
517.4195838529922, 5657.855000000001
514.8350188912955, 2776.7422222222226
516.1275347159767, 6706.415
516.9889526957089, 885.9361111111111
515.6967479345718, 5941.839999999999
516.1275347159767, 961.1800000000003
516.9889526957089, 6803.50388888889
516.9889526957089, 2070.420555555556
514.8350188912955, 1182.0572222222222
516.9889526957089, 5490.376666666667
516.9889526957089, 616.5144444444445
512.2485893953253, 2267.025555555556
516.9889526957089, 3339.8577777777778
514.8350188912955, 6310.777777777777
515.6967479345718, 1944.205
516.9889526957089, 830.1100000000001
514.8350188912955, 3354.4211111111113
516.1275347159767, 3791.3211111111113
517.4195838529922, 2866.5494444444444
516.1275347159767, 3932.1000000000004
515.6967479345718, 3929.672777777778
515.6967479345718, 1233.028888888889
516.5582696431964, 1628.6661111111111
516.1275347159767, 3992.780555555556
512.2485893953253, 1245.165
515.2659093195042, 4128.705
511.81733684975023, 737.8755555555554
516.9889526957089, 567.9700000000003
519.1415891193901, 1699.0555555555552
516.9889526957089, 2716.061666666667
516.1275347159767, 5148.138333333333
516.9889526957089, 4558.323333333334
515.6967479345718, 3053.445555555555
507.50197408713404, 711.1761111111114
516.5582696431964, 4235.502777777778
517.8501630945242, 4342.300555555556
515.6967479345718, 1881.0972222222217
516.9889526957089, 1924.7872222222227
516.9889526957089, 2473.3394444444443
515.6967479345718, 1293.7094444444447
512.2485893953253, 696.6127777777779
517.8501630945242, 2497.611666666667
514.8350188912955, 1269.4372222222223
516.9889526957089, 2313.1427777777776
515.2659093195042, 2067.9933333333333
512.2485893953253, 2216.0538888888887
515.6967479345718, 2730.625
516.1275347159767, 2677.226111111111
514.4040766704684, 2674.798888888889
515.6967479345718, 2699.0711111111113
516.9889526957089, 1303.4183333333335
516.9889526957089, 2182.072777777778
516.1275347159767, 1223.3200000000002
515.2659093195042, 2672.3716666666664
515.6967479345718, 2754.897222222222
516.1275347159767, 1174.775555555556
515.6967479345718, 2696.643888888889
516.9889526957089, 1007.2972222222224
516.9889526957089, 1696.6283333333336
515.2659093195042, 2691.789444444444
519.1415891193901, 1157.7849999999999
518.2806903997824, 686.903888888889
514.8350188912955, 1665.074444444444
515.2659093195042, 2223.335555555556
516.9889526957089, 2638.390555555556
515.6967479345718, 2866.549444444444
515.6967479345718, 2490.33
514.8350188912955, 2167.5094444444444
516.9889526957089, 2742.7611111111114
515.2659093195042, 1240.3105555555553
514.8350188912955, 2291.2977777777774
517.4195838529922, 2043.7211111111114
515.6967479345718, 1145.648888888889
516.5582696431964, 2473.3394444444443
515.2659093195042, 1592.2577777777774
516.9889526957089, 2851.986111111111
516.1275347159767, 927.1988888888891
519.1415891193901, 2422.367777777778
516.9889526957089, 2684.5077777777783
516.9889526957089, 1274.2916666666665
515.2659093195042, 1919.9327777777776
516.9889526957089, 655.3500000000004
514.8350188912955, 990.3066666666668
515.6967479345718, 5245.227222222222
515.6967479345718, 5808.342777777777
516.5582696431964, 5453.968333333334
516.1275347159767, 2592.2733333333335
514.8350188912955, 5808.342777777778
512.2485893953253, 1169.9211111111113
517.4195838529922, 1759.7361111111109
516.9889526957089, 2381.105
517.4195838529922, 750.0116666666668
516.9889526957089, 2089.8383333333336
516.5582696431964, 1298.5638888888893
521.7230366733485, 813.1194444444445
515.6967479345718, 3269.4683333333332
515.2659093195042, 2417.513333333334
516.9889526957089, 2980.628888888889
521.7230366733485, 1752.4544444444446
514.8350188912955, 3143.252777777778
516.9889526957089, 1803.4261111111114
515.2659093195042, 3017.0372222222218
515.6967479345718, 2240.3261111111105
516.9889526957089, 2803.441666666667
516.1275347159767, 3922.391111111111
515.6967479345718, 2296.152222222222
515.6967479345718, 3254.9049999999997
516.1275347159767, 2427.2222222222226
515.2659093195042, 4354.4366666666665
516.9889526957089, 3233.06
514.8350188912955, 4895.707222222221
516.9889526957089, 3330.1488888888894
517.8501630945242, 674.7677777777781
516.9889526957089, 1813.1349999999998
517.4195838529922, 4560.750555555556
516.9889526957089, 1281.5733333333333
516.9889526957089, 3043.736666666667
514.8350188912955, 2575.282777777778
514.8350188912955, 3199.0788888888887
513.9730826775443, 3978.217222222222
516.1275347159767, 2786.4511111111115
515.2659093195042, 3985.498888888889
518.2806903997824, 1082.5411111111111
515.6967479345718, 5218.527777777777
514.4040766704684, 4053.461111111111
516.9889526957089, 1395.6527777777778
512.2485893953253, 1900.5150000000003
515.6967479345718, 1041.2783333333332
516.5582696431964, 4344.727777777778
516.9889526957089, 2774.315
516.9889526957089, 2410.231666666667
517.4195838529922, 5621.446666666667
519.5719604926952, 3779.1850000000004
517.4195838529922, 2155.3733333333334
515.2659093195042, 3148.1072222222224
516.9889526957089, 3148.1072222222224
514.8350188912955, 4419.971666666666
515.6967479345718, 1483.0327777777775
516.1275347159767, 514.5711111111113
516.1275347159767, 1155.3577777777782
516.1275347159767, 1269.4372222222228
516.9889526957089, 1196.6205555555557
514.8350188912955, 4645.703333333333
516.1275347159767, 4009.771111111111
510.0918103830321, 500.00777777777785
517.4195838529922, 1203.9022222222225
516.1275347159767, 1665.0744444444445
517.4195838529922, 4514.633333333333
516.9889526957089, 5818.051666666668
512.2485893953253, 983.0250000000001
469.30725713293293, 876.2272222222218
517.8501630945242, 1626.2388888888886
516.5582696431964, 3458.7916666666665
516.1275347159767, 3461.2188888888895
516.5582696431964, 3674.8144444444447
515.6967479345718, 4968.523888888889
513.9730826775443, 2036.4394444444447
516.1275347159767, 3711.222777777778
516.5582696431964, 2601.9822222222224
516.9889526957089, 2866.5494444444444
516.9889526957089, 5298.626111111111
515.6967479345718, 4162.686111111111
516.9889526957089, 3684.523333333333
511.81733684975023, 679.6222222222223
516.1275347159767, 4694.247777777778
519.1415891193901, 4519.487777777778
516.5582696431964, 3291.313333333333
515.6967479345718, 1808.280555555555
515.6967479345718, 2890.8216666666667
516.9889526957089, 5184.546666666667
517.4195838529922, 1196.6205555555557
516.1275347159767, 5342.316111111112
516.1275347159767, 1864.1066666666666
519.1415891193901, 876.2272222222223
515.2659093195042, 1793.717222222222
515.6967479345718, 2815.5777777777776
514.8350188912955, 4599.586111111112
516.9889526957089, 5480.667777777779
518.2806903997824, 580.1061111111112
516.9889526957089, 4944.251666666667
515.2659093195042, 5237.945555555556
516.9889526957089, 4847.162777777778
515.2659093195042, 3730.6405555555552
515.6967479345718, 2398.0955555555556
515.6967479345718, 5526.785000000001
519.1415891193901, 3723.3588888888894
516.5582696431964, 6262.233333333334
469.30725713293293, 1354.3899999999994
516.9889526957089, 2895.6761111111114
514.4040766704684, 3473.355
516.1275347159767, 3240.341666666667
516.1275347159767, 3407.8200000000006
516.1275347159767, 4961.242222222222
516.9889526957089, 1089.822777777778
516.9889526957089, 919.9172222222223
515.2659093195042, 968.4616666666666
515.2659093195042, 2463.630555555556
512.2485893953253, 820.4011111111113
516.1275347159767, 1878.67
512.2485893953253, 1577.6944444444443
515.6967479345718, 3941.8088888888888
515.6967479345718, 3376.266111111111
516.1275347159767, 3046.1638888888892
516.5582696431964, 1842.2616666666668
516.9889526957089, 2582.5644444444447
516.1275347159767, 851.9550000000004
512.2485893953253, 3888.41
516.9889526957089, 1932.0688888888894
515.2659093195042, 825.2555555555555
519.1415891193901, 3461.218888888889
518.2806903997824, 4347.155
516.1275347159767, 2640.8177777777782
512.2485893953253, 866.5183333333334
516.5582696431964, 5034.058888888889
516.1275347159767, 5713.681111111112
516.9889526957089, 1048.5600000000004
514.8350188912955, 2834.9955555555557
515.6967479345718, 4878.716666666666
514.4040766704684, 1131.0855555555554
512.2485893953253, 1740.3183333333336
512.2485893953253, 3211.215
514.4040766704684, 2718.4888888888886
512.2485893953253, 660.2044444444446
515.2659093195042, 2106.8288888888887
516.1275347159767, 2172.363888888889
514.8350188912955, 3422.3833333333337
515.6967479345718, 2980.6288888888885
516.9889526957089, 1298.5638888888893
514.4040766704684, 1507.3049999999998
516.9889526957089, 3934.5272222222225
516.9889526957089, 2313.1427777777776
516.9889526957089, 4082.5877777777782
516.9889526957089, 2975.7744444444447
516.9889526957089, 902.9266666666667
516.1275347159767, 832.5372222222222
515.6967479345718, 1839.8344444444447
515.6967479345718, 1623.8116666666665
517.4195838529922, 3504.9088888888887
516.9889526957089, 3466.0733333333333
516.9889526957089, 2223.335555555556
511.3860326552112, 677.1950000000002
516.1275347159767, 628.6505555555559
517.4195838529922, 628.6505555555559
516.1275347159767, 2415.0861111111117
516.1275347159767, 3713.6500000000005
516.9889526957089, 4470.943333333333
514.4040766704684, 2135.9555555555557
515.6967479345718, 3856.856111111111
516.9889526957089, 2298.579444444445
515.6967479345718, 4203.948888888889
515.6967479345718, 4296.183333333333
512.2485893953253, 847.1005555555557
518.2806903997824, 2351.9783333333335
514.8350188912955, 800.9833333333331
515.6967479345718, 1140.7944444444443
516.9889526957089, 4055.888333333334
516.1275347159767, 2774.3150000000005
517.4195838529922, 2262.1711111111113
514.8350188912955, 3628.6972222222225
516.9889526957089, 3966.081111111111
515.6967479345718, 2725.770555555556
516.1275347159767, 3626.2700000000004
514.4040766704684, 4832.599444444444
515.2659093195042, 4536.478333333333
516.5582696431964, 4410.262777777778
517.4195838529922, 3463.6461111111116
516.9889526957089, 1645.6566666666672
514.8350188912955, 1762.1633333333334
511.3860326552112, 1368.953333333333
515.6967479345718, 4325.3099999999995
515.6967479345718, 4009.771111111111
516.1275347159767, 3764.621666666667
514.4040766704684, 4604.440555555555
516.9889526957089, 2890.821666666667
515.6967479345718, 4419.971666666666
516.9889526957089, 861.6638888888892
517.8501630945242, 2791.305555555556
516.9889526957089, 4725.801666666666
512.2485893953253, 893.2177777777779
516.9889526957089, 3854.428888888889
514.8350188912955, 645.6411111111111
516.9889526957089, 3247.6233333333334
516.1275347159767, 1191.7661111111115
515.6967479345718, 1070.4049999999997
516.9889526957089, 3330.1488888888894
516.5582696431964, 3983.071666666667
516.1275347159767, 4104.432777777778
517.4195838529922, 4284.0472222222215
516.1275347159767, 4070.451666666667
516.9889526957089, 682.0494444444448
515.2659093195042, 3563.1622222222218
517.4195838529922, 2412.6588888888887
515.6967479345718, 754.866111111111
512.2485893953253, 1148.0761111111115
516.9889526957089, 4347.155000000001
516.9889526957089, 3053.4455555555555
516.1275347159767, 2902.9577777777777
516.9889526957089, 1325.2633333333338
512.2485893953253, 1021.8605555555555
515.6967479345718, 3830.1566666666668
516.9889526957089, 1449.0516666666667
516.1275347159767, 2043.721111111111
516.5582696431964, 597.0966666666668
516.9889526957089, 898.0722222222225
512.2485893953253, 1405.3616666666667
511.3860326552112, 3762.1944444444443
514.8350188912955, 1529.15
514.8350188912955, 3781.6122222222225
516.9889526957089, 628.6505555555559
513.5420369330461, 3509.763333333333
515.6967479345718, 4121.423333333333
516.1275347159767, 3308.3038888888887
516.9889526957089, 2929.6572222222226
515.6967479345718, 2250.035
514.8350188912955, 1291.2822222222226
517.4195838529922, 1975.758888888889
521.7230366733485, 1665.0744444444445
516.1275347159767, 3640.833333333334
516.5582696431964, 3230.6327777777783
514.8350188912955, 2888.3944444444446
514.8350188912955, 546.125
516.1275347159767, 936.9077777777779
516.1275347159767, 3196.6516666666666
514.4040766704684, 4085.015
515.6967479345718, 3240.3416666666662
515.6967479345718, 3167.5249999999996
512.2485893953253, 2531.592777777778
514.4040766704684, 3852.0016666666666
519.1415891193901, 1087.3955555555558
515.6967479345718, 1332.545
512.2485893953253, 2378.677777777778
516.9889526957089, 1635.947777777778
516.1275347159767, 2893.2488888888893
515.6967479345718, 3262.1866666666665
514.8350188912955, 2551.010555555555
511.81733684975023, 696.6127777777779
516.1275347159767, 3021.8916666666664
516.1275347159767, 3558.307777777778
516.1275347159767, 3628.697222222222
514.4040766704684, 3150.534444444444
515.2659093195042, 2211.199444444444
512.2485893953253, 866.5183333333334
517.4195838529922, 1791.2900000000004
517.8501630945242, 2995.1922222222224
516.1275347159767, 3601.9977777777776
516.9889526957089, 543.6977777777779
516.5582696431964, 2876.2583333333337
516.1275347159767, 3558.307777777778
515.2659093195042, 1203.902222222222
516.9889526957089, 577.6788888888891
514.8350188912955, 1133.512777777778
515.2659093195042, 3781.6122222222225
516.1275347159767, 1531.5772222222222
516.1275347159767, 1507.3050000000003
516.9889526957089, 1723.327777777778
516.5582696431964, 2616.545555555556
512.2485893953253, 1366.5261111111113
516.5582696431964, 2155.3733333333334
516.1275347159767, 3745.203888888889
515.6967479345718, 713.603333333333
517.4195838529922, 3223.3511111111115
517.4195838529922, 1252.4466666666672
515.6967479345718, 2432.076666666667
514.8350188912955, 689.3311111111111
516.1275347159767, 735.4483333333337
516.1275347159767, 3237.9144444444446
517.4195838529922, 3534.0355555555557
511.3860326552112, 3463.646111111111
517.8501630945242, 1618.9572222222228
516.9889526957089, 1567.9855555555555
515.6967479345718, 1837.4072222222221
512.2485893953253, 1058.2688888888893
516.9889526957089, 626.2233333333334
516.9889526957089, 1000.0155555555557
516.5582696431964, 3332.576111111111
517.4195838529922, 851.9550000000004
520.4325471636973, 1478.1783333333333
516.9889526957089, 1502.4505555555556
516.9889526957089, 555.8338888888889
512.2485893953253, 730.5938888888891
514.8350188912955, 640.7866666666669
514.8350188912955, 1473.3238888888886
517.4195838529922, 3339.8577777777778
517.4195838529922, 3405.3927777777776
516.9889526957089, 3128.6894444444447
512.2485893953253, 2075.2750000000005
516.1275347159767, 3162.6705555555554
516.9889526957089, 3422.3833333333337
511.3860326552112, 1279.1461111111112
516.1275347159767, 4106.860000000001
516.9889526957089, 1667.5016666666666
516.1275347159767, 4281.62
513.9730826775443, 3279.177222222222
516.5582696431964, 3220.923888888889
514.8350188912955, 4337.44611111111
515.2659093195042, 2871.4038888888886
516.1275347159767, 4339.873333333334
515.6967479345718, 2327.7061111111107
516.9889526957089, 587.387777777778
514.8350188912955, 1089.822777777778
516.1275347159767, 2473.339444444445
514.8350188912955, 1915.0783333333334
515.2659093195042, 2779.1694444444443
515.6967479345718, 4439.389444444444
517.4195838529922, 2762.178888888889
516.9889526957089, 3223.3511111111115
516.1275347159767, 2543.728888888889
518.2806903997824, 2543.728888888889
516.1275347159767, 541.2705555555558
515.6967479345718, 1235.4561111111107
516.9889526957089, 5092.312222222223
516.1275347159767, 4684.538888888889
516.9889526957089, 2463.630555555556
516.1275347159767, 3167.5250000000005
516.9889526957089, 997.5883333333336
516.9889526957089, 516.9983333333334
521.7230366733485, 856.8094444444446
513.5420369330461, 502.43499999999995
516.1275347159767, 4575.313888888889
516.1275347159767, 2026.7305555555558
516.9889526957089, 1184.4844444444448
516.1275347159767, 1298.5638888888889
519.1415891193901, 665.0588888888888
517.8501630945242, 4497.642777777777
516.9889526957089, 1861.6794444444445
514.8350188912955, 3347.1394444444445
515.2659093195042, 2177.2183333333337
519.1415891193901, 558.2611111111114
516.9889526957089, 4286.474444444444
515.6967479345718, 3689.3777777777777
514.4040766704684, 750.0116666666663
521.7230366733485, 759.7205555555556
517.4195838529922, 3876.2738888888894
515.6967479345718, 3199.078888888889
512.2485893953253, 1097.1044444444447
514.8350188912955, 3626.27
515.6967479345718, 910.208333333333
512.2485893953253, 1196.6205555555557
516.9889526957089, 1177.202777777778
517.8501630945242, 4080.1605555555557
515.6967479345718, 2776.742222222222
515.2659093195042, 3512.1905555555554
516.9889526957089, 1483.032777777778
514.4040766704684, 3043.736666666666
512.2485893953253, 740.3027777777779
516.9889526957089, 1080.113888888889
516.1275347159767, 963.6072222222224
516.9889526957089, 4172.395
515.6967479345718, 2101.974444444444
516.1275347159767, 2997.6194444444445
509.66029979785856, 1473.3238888888886
517.8501630945242, 1456.3333333333335
518.7111657482452, 1456.3333333333335
517.4195838529922, 2919.9483333333333
516.9889526957089, 946.6166666666668
515.2659093195042, 1628.6661111111111
515.6967479345718, 2992.7650000000003
516.1275347159767, 2890.8216666666667
514.8350188912955, 1752.454444444444
512.2485893953253, 2941.793333333333
515.2659093195042, 2155.3733333333334
515.6967479345718, 3126.2622222222217
517.4195838529922, 2961.211111111111
514.8350188912955, 3478.209444444444
517.4195838529922, 1686.9194444444443
516.1275347159767, 2468.4850000000006
516.9889526957089, 3121.407777777778
514.8350188912955, 2121.3922222222222
516.5582696431964, 3065.5816666666665
514.8350188912955, 524.2800000000002
512.2485893953253, 2077.702222222222
515.6967479345718, 3174.8066666666664
515.2659093195042, 3201.5061111111113
515.6967479345718, 2301.006666666666
516.1275347159767, 2281.5888888888894
515.6967479345718, 3126.2622222222217
517.4195838529922, 4330.164444444445
516.9889526957089, 3483.0638888888893
515.6967479345718, 4992.796111111111
515.6967479345718, 2269.4527777777776
516.9889526957089, 3827.7294444444447
514.8350188912955, 3997.6349999999998
516.9889526957089, 3997.6349999999998
514.8350188912955, 1657.7927777777782
516.5582696431964, 2689.3622222222225
517.4195838529922, 2801.0144444444445
517.4195838529922, 1264.5827777777781
515.6967479345718, 2351.9783333333335
510.9546768322305, 1936.9233333333327
516.5582696431964, 1196.6205555555557
516.9889526957089, 1174.775555555556
520.0022798476382, 2934.5116666666663
512.2485893953253, 805.8377777777778
515.2659093195042, 3126.262222222222
516.9889526957089, 2480.621111111111
516.5582696431964, 1854.3977777777777
512.2485893953253, 1781.5811111111116
515.6967479345718, 2655.381111111111
516.1275347159767, 3097.1355555555556
514.8350188912955, 1876.242777777778
515.2659093195042, 2247.6077777777778
517.4195838529922, 3327.721666666667
515.6967479345718, 3182.088333333333
516.1275347159767, 2686.9350000000004
516.9889526957089, 2298.579444444445
516.5582696431964, 2101.9744444444445
516.1275347159767, 1961.195555555556
514.8350188912955, 2400.5227777777777
514.8350188912955, 820.4011111111113
516.5582696431964, 3077.7177777777783
516.1275347159767, 3808.3116666666665
515.6967479345718, 580.1061111111112
516.1275347159767, 2951.5022222222224
517.4195838529922, 3254.905
516.1275347159767, 2672.371666666667
514.8350188912955, 1470.896666666667
515.2659093195042, 1424.7794444444448
516.9889526957089, 2689.3622222222225
516.9889526957089, 735.4483333333337
515.6967479345718, 2060.711666666666
517.4195838529922, 1830.1255555555558
516.9889526957089, 2517.029444444445
517.8501630945242, 1781.581111111111
516.1275347159767, 1597.112222222222
514.8350188912955, 2017.021666666667
516.1275347159767, 3339.857777777778
516.9889526957089, 2572.8555555555554
516.9889526957089, 1968.4772222222223
517.4195838529922, 3252.4777777777776
515.2659093195042, 3611.7066666666665
516.9889526957089, 2973.347222222222
521.7230366733485, 1750.027222222222
518.2806903997824, 1868.9611111111117
516.9889526957089, 3771.903333333333
516.9889526957089, 2801.0144444444445
515.2659093195042, 3342.2850000000003
516.1275347159767, 3798.602777777778
515.6967479345718, 3684.5233333333335
511.3860326552112, 883.508888888889
516.1275347159767, 2614.118333333334
516.5582696431964, 3856.8561111111117
516.9889526957089, 3131.1166666666672
515.2659093195042, 951.471111111111
516.9889526957089, 2534.02
516.1275347159767, 3415.1016666666665
515.2659093195042, 2771.8877777777775
519.1415891193901, 2041.293888888889
512.2485893953253, 575.251666666667
521.7230366733485, 907.7811111111109
515.2659093195042, 1269.4372222222223
471.4878433566188, 3514.6177777777775
516.1275347159767, 2063.1388888888887
514.4040766704684, 2237.8988888888885
511.3860326552112, 864.0911111111109
515.6967479345718, 3652.969444444444
519.1415891193901, 4082.5877777777782
514.4040766704684, 1519.4411111111108
516.5582696431964, 3861.710555555556
516.9889526957089, 4254.920555555556
516.9889526957089, 7114.1883333333335
515.2659093195042, 3788.8938888888893
516.9889526957089, 4786.482222222223
515.6967479345718, 3407.8199999999997
517.4195838529922, 1327.6905555555554
514.4040766704684, 626.2233333333334
516.1275347159767, 4118.9961111111115
514.8350188912955, 4315.601111111111
516.5582696431964, 4000.0622222222223
516.9889526957089, 3621.415555555556
512.2485893953253, 3152.961666666667
517.4195838529922, 2834.9955555555557
516.9889526957089, 626.2233333333334
515.6967479345718, 7907.89
516.9889526957089, 5325.325555555555
517.8501630945242, 1919.9327777777776
518.2806903997824, 2084.983888888889
517.4195838529922, 1337.3994444444447
515.2659093195042, 2759.7516666666666
516.9889526957089, 5296.198888888888
516.1275347159767, 4094.7238888888887
516.1275347159767, 2519.456666666667
515.6967479345718, 949.0438888888889
516.9889526957089, 1536.4316666666668
515.6967479345718, 5004.932222222222
516.1275347159767, 638.3594444444448
514.8350188912955, 4818.036111111111
515.6967479345718, 1417.4977777777776
513.5420369330461, 3194.2244444444445
515.6967479345718, 4199.094444444444
515.6967479345718, 4849.59
513.5420369330461, 1784.0083333333328
516.1275347159767, 1837.4072222222221
516.1275347159767, 4092.296666666667
515.2659093195042, 5378.724444444444
516.9889526957089, 543.6977777777779
516.5582696431964, 5410.278333333334
516.9889526957089, 713.6033333333335
515.6967479345718, 4097.151111111111
516.5582696431964, 2866.5494444444444
514.8350188912955, 5131.147777777778
516.9889526957089, 1041.2783333333336
515.6967479345718, 5252.508888888889
515.2659093195042, 4667.548333333334
516.9889526957089, 742.73
523.0130570942465, 742.73
514.4040766704684, 3575.2983333333327
514.4040766704684, 2114.1105555555555
516.9889526957089, 694.1855555555558
516.1275347159767, 3495.2
514.8350188912955, 5407.851111111111
517.4195838529922, 6065.628333333334
516.9889526957089, 5747.662222222223
514.4040766704684, 4555.896111111111
516.1275347159767, 5534.066666666667
514.8350188912955, 3470.9277777777775
512.2485893953253, 1305.8455555555556
515.6967479345718, 2196.636111111111
516.1275347159767, 3157.8161111111112
516.1275347159767, 2385.9594444444447
515.6967479345718, 4415.117222222222
516.1275347159767, 5254.936111111111
514.8350188912955, 5138.429444444444
515.6967479345718, 4781.627777777778
517.4195838529922, 4781.627777777778
516.9889526957089, 597.0966666666668
514.4040766704684, 5186.973888888888
514.8350188912955, 2866.5494444444444
516.1275347159767, 1441.7700000000004
515.6967479345718, 5451.541111111111
515.2659093195042, 6150.581111111111
516.5582696431964, 2963.638333333334
512.2485893953253, 939.335
516.9889526957089, 3793.7483333333334
516.1275347159767, 567.9700000000003
512.2485893953253, 1776.7266666666665
516.9889526957089, 667.4861111111113
516.9889526957089, 983.0250000000001
514.8350188912955, 2092.2655555555552
514.4040766704684, 3308.303888888889
512.2485893953253, 3679.6688888888893
516.1275347159767, 2228.1900000000005
516.1275347159767, 2293.7250000000004
516.1275347159767, 4582.595555555556
511.81733684975023, 1189.338888888889
515.6967479345718, 3160.243333333333
515.6967479345718, 4378.708888888888
516.9889526957089, 4769.491666666667
514.4040766704684, 4376.281666666666
516.9889526957089, 1793.717222222222
517.8501630945242, 1728.1822222222222
517.4195838529922, 3910.2550000000006
516.9889526957089, 4291.328888888889
516.9889526957089, 4852.017222222223
515.6967479345718, 3412.674444444444
512.2485893953253, 786.4200000000001
514.8350188912955, 4876.289444444445
515.2659093195042, 4293.756111111112
514.8350188912955, 4905.416111111112
516.9889526957089, 4975.805555555557
516.9889526957089, 4890.852777777778
516.5582696431964, 4458.807222222222
513.9730826775443, 4167.540555555555
516.9889526957089, 3951.5177777777776
514.4040766704684, 4720.947222222221
516.1275347159767, 4182.103888888889
514.4040766704684, 3254.905
516.9889526957089, 2910.239444444445
514.8350188912955, 2902.957777777778
516.9889526957089, 4708.811111111112
515.2659093195042, 5082.603333333333
517.4195838529922, 885.9361111111111
516.1275347159767, 3502.4816666666666
515.6967479345718, 5313.189444444444
516.9889526957089, 1451.4788888888893
512.2485893953253, 1123.803888888889
516.9889526957089, 3592.288888888889
516.9889526957089, 2017.021666666667
516.9889526957089, 3366.557222222222
515.2659093195042, 1097.1044444444447
515.6967479345718, 1252.4466666666667
514.8350188912955, 6191.843888888889
515.6967479345718, 3041.309444444444
514.4040766704684, 783.9927777777775
516.9889526957089, 3400.5383333333334
517.4195838529922, 898.0722222222225
511.3860326552112, 657.777222222222
515.2659093195042, 657.777222222222
511.3860326552112, 2364.1144444444444
515.2659093195042, 3390.829444444444
516.9889526957089, 1080.113888888889
515.6967479345718, 2949.075
515.6967479345718, 3162.6705555555554
516.9889526957089, 3616.5611111111116
514.4040766704684, 2174.791111111111
518.7111657482452, 2174.791111111111
515.6967479345718, 2934.5116666666663
516.5582696431964, 1667.5016666666666
518.2806903997824, 3796.1755555555555
515.2659093195042, 1725.7549999999997
516.9889526957089, 2907.8122222222223
514.8350188912955, 3895.691666666667
514.8350188912955, 3924.818333333333
513.1109394574953, 4058.315555555556
516.9889526957089, 4019.48
514.8350188912955, 3970.9355555555553
516.5582696431964, 3798.6027777777776
514.8350188912955, 4014.625555555556
515.2659093195042, 3582.5800000000004
516.5582696431964, 3975.7900000000004
518.2806903997824, 3820.4477777777774
515.2659093195042, 3864.1377777777775
516.9889526957089, 1300.991111111111
515.2659093195042, 3412.6744444444444
518.2806903997824, 4548.614444444444
514.4040766704684, 3973.362777777778
516.1275347159767, 3650.5422222222223
514.4040766704684, 3063.154444444444
516.9889526957089, 2936.9388888888893
512.2485893953253, 968.4616666666666
521.7230366733485, 968.4616666666666
518.2806903997824, 917.4900000000002
516.9889526957089, 2250.0350000000003
514.8350188912955, 3504.9088888888887
511.3860326552112, 1021.8605555555555
515.2659093195042, 3461.218888888889
516.5582696431964, 1507.3049999999998
515.2659093195042, 2427.222222222222
515.2659093195042, 3480.6366666666668
516.9889526957089, 1286.4277777777784
514.4040766704684, 2805.8688888888887
512.2485893953253, 1451.4788888888888
516.1275347159767, 1228.1744444444448
516.1275347159767, 1793.7172222222225
516.9889526957089, 3735.4950000000003
515.6967479345718, 3400.538333333333
516.9889526957089, 2162.655
512.2485893953253, 2077.702222222222
515.2659093195042, 1754.8816666666667
515.6967479345718, 3301.022222222222
509.66029979785856, 902.9266666666667
514.8350188912955, 1752.454444444444
512.2485893953253, 1381.0894444444448
519.1415891193901, 3356.848333333334
515.2659093195042, 2155.3733333333334
515.6967479345718, 2296.152222222222
512.2485893953253, 2808.296111111111
515.6967479345718, 1169.9211111111108
514.8350188912955, 1699.0555555555552
515.2659093195042, 2521.883888888889
512.2485893953253, 618.9416666666666
515.6967479345718, 3609.2794444444444
516.9889526957089, 1711.191666666667
520.0022798476382, 1075.2594444444444
516.9889526957089, 1851.970555555556
513.5420369330461, 1087.3955555555553
515.2659093195042, 1213.6111111111113
516.9889526957089, 3742.776666666667
511.3860326552112, 611.6599999999999
515.6967479345718, 2881.1127777777774
515.2659093195042, 1953.9138888888888
518.2806903997824, 1538.858888888889
512.2485893953253, 1150.5033333333336
515.2659093195042, 2953.9294444444445
515.6967479345718, 2900.530555555555
514.8350188912955, 2235.471666666667
517.4195838529922, 1121.376666666667
515.6967479345718, 2621.3999999999996
515.2659093195042, 1900.5149999999999
516.9889526957089, 4805.9
516.9889526957089, 3961.226666666667
515.6967479345718, 5043.767777777778
514.8350188912955, 5162.701666666666
515.6967479345718, 5133.575
514.8350188912955, 5322.898333333334
516.9889526957089, 1771.8722222222227
517.4195838529922, 2500.038888888889
516.9889526957089, 1364.0988888888892
515.6967479345718, 1245.165
516.9889526957089, 2029.157777777778
516.9889526957089, 1825.2711111111116
516.5582696431964, 2728.197777777778
514.8350188912955, 723.3122222222223
516.1275347159767, 1101.9588888888893
515.2659093195042, 4827.745000000001
516.1275347159767, 3708.7955555555554
515.2659093195042, 2786.451111111111
516.1275347159767, 1932.068888888889
511.3860326552112, 1701.4827777777773
515.6967479345718, 1550.995
514.8350188912955, 1694.201111111111
514.8350188912955, 2305.861111111111
516.9889526957089, 2393.241111111111
518.2806903997824, 2723.3433333333332
517.8501630945242, 810.6922222222224
517.4195838529922, 1172.3483333333334
521.7230366733485, 1177.2027777777776
516.9889526957089, 2837.4227777777783
516.1275347159767, 1832.552777777778
509.66029979785856, 521.8527777777781
516.9889526957089, 730.5938888888891
515.6967479345718, 820.4011111111108
512.2485893953253, 747.5844444444447
516.1275347159767, 747.5844444444447
515.6967479345718, 2378.677777777778
512.2485893953253, 2060.711666666667
514.8350188912955, 1531.5772222222226
516.9889526957089, 1264.5827777777781
516.9889526957089, 2854.4133333333334
519.1415891193901, 2854.4133333333334
516.9889526957089, 1905.369444444445
516.9889526957089, 2648.0994444444445
517.4195838529922, 2589.8461111111114
512.2485893953253, 2427.2222222222226
516.1275347159767, 2854.413333333334
517.4195838529922, 1060.6961111111113
514.8350188912955, 3017.0372222222218
515.2659093195042, 1497.5961111111114
512.2485893953253, 822.8283333333334
516.1275347159767, 2138.382777777778
514.8350188912955, 3041.3094444444446
518.7111657482452, 2725.7705555555553
512.2485893953253, 2669.9444444444443
515.6967479345718, 5691.836111111111
516.9889526957089, 1555.8494444444445
516.9889526957089, 3267.041111111111
517.4195838529922, 1245.1650000000004
516.9889526957089, 3245.196111111111
517.4195838529922, 3570.4438888888894
514.4040766704684, 1706.337222222222
515.6967479345718, 1915.078333333333
515.2659093195042, 1436.9155555555558
516.9889526957089, 1038.851111111111
516.1275347159767, 1575.2672222222227
516.9889526957089, 1402.9344444444446
516.9889526957089, 1274.2916666666665
512.2485893953253, 1844.6888888888889
516.9889526957089, 674.7677777777781
515.6967479345718, 2750.0427777777777
516.9889526957089, 5686.981666666667
515.6967479345718, 592.2422222222222
511.3860326552112, 1405.3616666666667
514.8350188912955, 3002.473888888889
516.9889526957089, 1303.4183333333335
517.4195838529922, 881.0816666666669
515.6967479345718, 2453.921666666666
520.0022798476382, 584.9605555555554
514.8350188912955, 674.7677777777776
516.9889526957089, 716.0305555555556
514.8350188912955, 3199.0788888888887
516.9889526957089, 1284.0005555555558
516.5582696431964, 3597.143333333334
514.4040766704684, 2424.7949999999996
516.9889526957089, 4225.793888888889
515.6967479345718, 2752.4700000000003
511.81733684975023, 1033.9966666666664
514.4040766704684, 1254.8738888888888
512.2485893953253, 529.1344444444444
517.4195838529922, 3310.7311111111117
516.9889526957089, 1167.4938888888892
515.6967479345718, 2876.258333333333
516.9889526957089, 2101.9744444444445
516.1275347159767, 572.8244444444445
516.9889526957089, 1497.5961111111114
514.8350188912955, 2402.9500000000003
512.2485893953253, 1012.1516666666666
515.2659093195042, 2514.6022222222223
515.6967479345718, 4262.202222222222
511.81733684975023, 696.6127777777779
514.4040766704684, 3529.1811111111106
516.9889526957089, 3077.7177777777783
516.9889526957089, 4007.343888888889
515.6967479345718, 2638.3905555555557
517.4195838529922, 507.2894444444446
516.5582696431964, 2070.420555555556
516.9889526957089, 861.6638888888892
515.6967479345718, 3109.2716666666665
515.6967479345718, 2868.9766666666665
516.1275347159767, 1684.4922222222222
514.8350188912955, 2764.6061111111107
516.9889526957089, 3599.5705555555555
516.9889526957089, 3140.8255555555556
519.1415891193901, 3885.9827777777778
516.9889526957089, 3885.9827777777778
514.8350188912955, 2633.536111111111
516.9889526957089, 2572.8555555555554
514.8350188912955, 3075.290555555556
515.6967479345718, 2330.133333333333
517.4195838529922, 1339.8266666666673
516.1275347159767, 3490.3455555555556
515.6967479345718, 4055.8883333333333
516.1275347159767, 2106.828888888889
512.2485893953253, 648.0683333333336
516.9889526957089, 512.1438888888893
516.1275347159767, 767.0022222222224
512.2485893953253, 507.2894444444446
511.81733684975023, 1526.722777777778
515.6967479345718, 3228.2055555555553
515.6967479345718, 3298.5950000000003
516.9889526957089, 4208.803333333333
517.4195838529922, 1514.5866666666666
514.8350188912955, 2643.2450000000003
516.5582696431964, 3240.3416666666667
516.9889526957089, 1286.4277777777784
516.9889526957089, 2961.211111111111
516.9889526957089, 3601.997777777778
516.1275347159767, 3830.1566666666668
516.9889526957089, 4031.616111111111
516.9889526957089, 2410.231666666667
515.2659093195042, 567.9699999999998
516.1275347159767, 3791.3211111111113
516.1275347159767, 4043.7522222222224
515.2659093195042, 992.7338888888889
516.9889526957089, 2677.2261111111115
516.9889526957089, 708.7488888888893
515.6967479345718, 2252.4622222222224
517.4195838529922, 2781.596666666667
520.0022798476382, 2791.3055555555557
514.8350188912955, 4228.221111111112
516.9889526957089, 800.9833333333336
515.6967479345718, 2097.12
516.9889526957089, 1490.3144444444447
516.5582696431964, 3288.8861111111114
516.1275347159767, 587.387777777778
518.2806903997824, 3068.0088888888886
518.7111657482452, 2366.5416666666665
516.9889526957089, 3919.963888888889
520.0022798476382, 606.8055555555557
515.6967479345718, 3844.7200000000003
518.2806903997824, 4053.4611111111117
519.1415891193901, 4713.665555555555
516.9889526957089, 4951.533333333333
520.0022798476382, 868.9455555555555
514.8350188912955, 2063.138888888889
515.6967479345718, 4075.306111111111
515.2659093195042, 1514.5866666666666
518.7111657482452, 1351.9627777777773
516.9889526957089, 3223.3511111111115
515.2659093195042, 4446.671111111111
516.1275347159767, 2041.2938888888893
514.4040766704684, 1723.327777777778
516.9889526957089, 3856.8561111111117
517.4195838529922, 3259.7594444444444
514.8350188912955, 4473.370555555555
514.8350188912955, 4861.726111111111
518.7111657482452, 4150.549999999999
514.8350188912955, 1169.9211111111113
517.4195838529922, 1169.9211111111113
515.6967479345718, 3975.79
515.6967479345718, 864.0911111111109
516.9889526957089, 1470.896666666667
514.4040766704684, 5356.879444444445
518.2806903997824, 5361.73388888889
514.8350188912955, 572.8244444444445
517.4195838529922, 3318.0127777777775
514.8350188912955, 1830.1255555555558
516.1275347159767, 5036.486111111111
515.2659093195042, 1487.8872222222221
515.2659093195042, 2737.9066666666663
514.8350188912955, 3424.8105555555553
516.1275347159767, 4405.408333333334
516.9889526957089, 4077.733333333333
512.2485893953253, 1623.8116666666665
515.6967479345718, 2703.9255555555555
515.6967479345718, 3961.2266666666665
515.6967479345718, 4713.665555555555
518.2806903997824, 3694.232222222222
516.9889526957089, 3934.5272222222225
513.5420369330461, 3264.6138888888886
514.8350188912955, 1577.6944444444448
517.4195838529922, 3109.271666666667
516.9889526957089, 3638.406111111111
516.1275347159767, 3055.8727777777776
515.6967479345718, 2351.9783333333335
514.8350188912955, 2737.9066666666663
516.5582696431964, 2483.0483333333336
512.2485893953253, 2958.783888888889
517.4195838529922, 4327.737222222222
515.2659093195042, 3354.4211111111113
516.9889526957089, 3354.4211111111113
514.4040766704684, 1854.3977777777777
516.5582696431964, 4402.981111111112
515.6967479345718, 2733.0522222222216
515.6967479345718, 4568.032222222222
517.4195838529922, 3827.7294444444447
516.1275347159767, 4995.223333333333
516.9889526957089, 4793.763888888889
518.2806903997824, 2684.507777777778
515.6967479345718, 3218.496666666667
519.1415891193901, 3000.0466666666666
516.1275347159767, 983.0250000000001
516.9889526957089, 1611.675555555556
516.9889526957089, 672.3405555555555
516.9889526957089, 881.0816666666669
512.2485893953253, 2461.203333333334
509.66029979785856, 1000.0155555555557
517.4195838529922, 4497.642777777777
516.9889526957089, 1888.378888888889
516.9889526957089, 4235.502777777778
514.8350188912955, 4677.2572222222225
517.4195838529922, 2910.239444444445
514.4040766704684, 2366.5416666666665
516.9889526957089, 2366.5416666666665
516.9889526957089, 1152.9305555555557
517.4195838529922, 2019.4488888888886
516.9889526957089, 2371.3961111111116
514.8350188912955, 611.6599999999999
515.2659093195042, 2152.946111111111
515.6967479345718, 1728.1822222222218
516.9889526957089, 2434.503888888889
514.8350188912955, 2689.3622222222225
515.2659093195042, 762.1477777777777
514.8350188912955, 837.3916666666669
516.9889526957089, 4706.3838888888895
512.2485893953253, 1213.6111111111113
515.2659093195042, 1213.6111111111113
516.9889526957089, 3747.6311111111113
511.3860326552112, 1048.56
516.9889526957089, 3118.9805555555554
516.9889526957089, 1936.9233333333336
520.0022798476382, 2582.5644444444442
515.2659093195042, 2560.7194444444444
516.9889526957089, 1961.1955555555555
516.5582696431964, 4623.858333333334
515.2659093195042, 4667.548333333334
516.9889526957089, 4128.705
516.9889526957089, 1796.1444444444446
514.4040766704684, 2997.619444444444
513.5420369330461, 1436.9155555555558
516.9889526957089, 1017.0061111111113
517.4195838529922, 3157.8161111111117
517.8501630945242, 3852.0016666666666
516.9889526957089, 2665.0900000000006
516.1275347159767, 2242.753333333333
516.1275347159767, 3757.34
516.5582696431964, 1458.760555555556
516.1275347159767, 2247.607777777778
516.9889526957089, 3873.846666666667
514.8350188912955, 1500.023333333333
514.4040766704684, 4082.5877777777773
516.9889526957089, 3031.600555555556
516.9889526957089, 895.645
516.9889526957089, 995.1611111111115
516.9889526957089, 699.04
515.6967479345718, 1762.163333333333
516.1275347159767, 4080.160555555556
514.8350188912955, 2626.2544444444443
511.81733684975023, 1364.0988888888887
514.8350188912955, 3541.3172222222224
516.1275347159767, 4189.385555555556
514.8350188912955, 4167.540555555555
511.81733684975023, 4191.812777777778
517.4195838529922, 3570.4438888888894
516.5582696431964, 2924.8027777777784
515.6967479345718, 3970.9355555555558
517.8501630945242, 4281.620000000001
514.4040766704684, 3247.6233333333334
515.2659093195042, 2104.401666666667
515.2659093195042, 970.8888888888887
514.4040766704684, 1631.0933333333328
517.8501630945242, 3191.797222222222
517.4195838529922, 3832.583888888889
516.9889526957089, 1366.5261111111117
516.1275347159767, 1720.900555555556
515.6967479345718, 2310.7155555555555
516.9889526957089, 3182.0883333333336
515.6967479345718, 3344.7122222222224
514.8350188912955, 3342.2850000000003
516.5582696431964, 3342.2850000000003
517.4195838529922, 3342.2850000000003
516.5582696431964, 2405.377222222223
514.8350188912955, 2322.851666666667
515.6967479345718, 3310.731111111111
516.1275347159767, 2432.076666666667
513.9730826775443, 1402.9344444444446
512.2485893953253, 711.1761111111114
515.6967479345718, 3689.3777777777777
516.9889526957089, 1485.4600000000005
516.9889526957089, 3281.6044444444447
514.8350188912955, 803.4105555555557
515.2659093195042, 2084.9838888888885
515.2659093195042, 3861.710555555556
516.5582696431964, 3723.3588888888894
515.6967479345718, 1558.2766666666666
512.2485893953253, 669.9133333333334
516.1275347159767, 536.4161111111111
516.9889526957089, 3264.6138888888895
516.9889526957089, 2723.3433333333337
516.1275347159767, 3538.8900000000003
521.7230366733485, 968.4616666666666
515.6967479345718, 628.6505555555555
515.6967479345718, 4206.376111111111
519.5719604926952, 3320.4400000000005
515.2659093195042, 1024.2877777777776
515.6967479345718, 3594.716111111111
517.4195838529922, 3395.683888888889
520.0022798476382, 1975.7588888888886
514.4040766704684, 3398.111111111111
516.9889526957089, 4652.985000000001
516.9889526957089, 4201.521666666667
516.9889526957089, 3650.542222222223
516.1275347159767, 3356.8483333333334
515.6967479345718, 4247.638888888889
512.2485893953253, 4657.839444444445
516.5582696431964, 4640.84888888889
516.9889526957089, 4655.412222222223
517.8501630945242, 3784.039444444444
516.5582696431964, 881.0816666666669
519.5719604926952, 1235.4561111111116
516.1275347159767, 4184.531111111111
516.9889526957089, 4102.0055555555555
516.9889526957089, 4322.882777777779
515.6967479345718, 1449.0516666666663
512.2485893953253, 4072.8788888888894
516.1275347159767, 849.5277777777778
514.8350188912955, 3628.6972222222225
516.1275347159767, 4381.136111111111
515.6967479345718, 4402.981111111111
514.4040766704684, 4575.313888888888
516.9889526957089, 2237.8988888888894
521.7230366733485, 1182.0572222222222
516.1275347159767, 975.7433333333333
512.2485893953253, 881.0816666666669
516.5582696431964, 3686.9505555555556
519.1415891193901, 3208.787777777778
521.7230366733485, 555.8338888888889
523.0130570942465, 555.8338888888889
514.8350188912955, 2759.7516666666666
515.6967479345718, 4002.4894444444444
515.2659093195042, 932.0533333333333
516.9889526957089, 1111.6677777777782
516.1275347159767, 3781.612222222222
516.1275347159767, 4827.745
516.1275347159767, 3628.697222222222
516.9889526957089, 4041.3250000000003
516.1275347159767, 3034.0277777777783
516.9889526957089, 3145.68
516.9889526957089, 2849.558888888889
515.2659093195042, 2189.3544444444447
515.6967479345718, 3662.6783333333333
519.5719604926952, 2648.099444444445
514.8350188912955, 4043.752222222222
515.2659093195042, 1968.4772222222223
515.6967479345718, 825.2555555555555
516.9889526957089, 973.3161111111112
515.6967479345718, 1519.4411111111112
512.2485893953253, 679.6222222222223
516.1275347159767, 3563.162222222222
513.9730826775443, 1650.5111111111114
515.2659093195042, 3735.4950000000003
516.9889526957089, 3665.1055555555554
516.1275347159767, 1014.5788888888892
512.2485893953253, 679.6222222222223
517.4195838529922, 825.2555555555559
515.6967479345718, 2995.192222222222
516.1275347159767, 4174.822222222222
517.4195838529922, 1019.4333333333334
515.2659093195042, 1099.5316666666668
515.2659093195042, 3837.438333333333
516.1275347159767, 4907.843333333333
516.1275347159767, 4820.463333333333
518.2806903997824, 1017.0061111111113
516.1275347159767, 2111.6833333333334
512.2485893953253, 1589.8305555555553
516.1275347159767, 1754.8816666666671
516.9889526957089, 3051.018333333334
517.8501630945242, 5332.607222222223
511.3860326552112, 524.2799999999997
515.6967479345718, 4835.026666666667
509.66029979785856, 531.561666666667
516.5582696431964, 4718.52
514.8350188912955, 1009.7244444444445
514.4040766704684, 5288.917222222222
515.6967479345718, 2939.3661111111114
514.8350188912955, 970.8888888888887
512.2485893953253, 876.2272222222223
515.6967479345718, 4352.009444444444
516.9889526957089, 2131.1011111111115
518.2806903997824, 2048.575555555556
514.4040766704684, 4092.2966666666666
518.7111657482452, 2662.662777777778
516.9889526957089, 3932.1
516.1275347159767, 4502.497222222222
516.9889526957089, 856.8094444444446
516.1275347159767, 4293.756111111112
516.1275347159767, 3713.6500000000005
516.9889526957089, 2092.265555555556
517.4195838529922, 3786.4666666666667
514.4040766704684, 4796.191111111111
516.5582696431964, 677.1950000000002
518.2806903997824, 2432.076666666667
516.9889526957089, 4485.506666666666
516.9889526957089, 3237.914444444445
516.9889526957089, 2652.9538888888887
516.9889526957089, 2509.747777777778
516.1275347159767, 733.0211111111112
514.4040766704684, 4060.742777777778
516.1275347159767, 3633.551666666667
519.1415891193901, 3762.194444444445
516.1275347159767, 2322.8516666666665
515.6967479345718, 3601.9977777777776
514.4040766704684, 1250.0194444444446
514.4040766704684, 3475.7822222222217
516.9889526957089, 2334.987777777778
515.6967479345718, 3148.107222222222
516.9889526957089, 718.4577777777781
516.9889526957089, 2844.704444444445
515.2659093195042, 4553.468888888889
517.4195838529922, 4068.0244444444447
515.6967479345718, 1342.2538888888885
515.6967479345718, 2951.5022222222224
516.5582696431964, 2182.072777777778
516.9889526957089, 2898.103333333334
515.6967479345718, 3929.672777777778
512.2485893953253, 623.7961111111113
516.9889526957089, 4582.595555555556
516.9889526957089, 4876.289444444445
513.9730826775443, 3335.0033333333336
515.6967479345718, 3708.7955555555554
516.1275347159767, 2366.541666666667
516.9889526957089, 718.4577777777781
518.2806903997824, 3373.8388888888894
516.9889526957089, 1575.2672222222222
514.8350188912955, 3735.4950000000003
514.8350188912955, 793.7016666666668
516.9889526957089, 1199.0477777777778
517.4195838529922, 2941.7933333333335
513.9730826775443, 915.0627777777777
516.9889526957089, 1502.4505555555556
515.6967479345718, 1762.163333333333
516.1275347159767, 4172.395
516.9889526957089, 1915.0783333333334
515.6967479345718, 3597.1433333333334
514.8350188912955, 1354.3899999999999
515.2659093195042, 3366.557222222222
517.8501630945242, 4487.933888888889
517.4195838529922, 3995.207777777778
521.7230366733485, 516.9983333333334
516.9889526957089, 2475.766666666667
516.1275347159767, 3915.1094444444443
515.6967479345718, 1907.7966666666662
516.9889526957089, 2298.579444444445
514.8350188912955, 2470.9122222222218
514.8350188912955, 2373.8233333333333
516.1275347159767, 1706.3372222222224
515.2659093195042, 3145.68
514.8350188912955, 2524.3111111111107
516.9889526957089, 1963.622777777778
515.6967479345718, 3538.8900000000003
516.9889526957089, 2640.817777777778
516.9889526957089, 2750.042777777778
516.9889526957089, 1689.3466666666668
516.9889526957089, 3097.135555555556
511.81733684975023, 507.2894444444446
520.4325471636973, 2885.9672222222225
521.7230366733485, 524.2799999999997
517.4195838529922, 2866.5494444444444
516.9889526957089, 2970.9200000000005
516.9889526957089, 1541.286111111111
515.6967479345718, 3223.351111111111
516.9889526957089, 4036.470555555556
514.4040766704684, 3618.9883333333332
517.4195838529922, 1339.8266666666673
516.9889526957089, 601.9511111111115
515.6967479345718, 1441.7699999999995
516.9889526957089, 3012.1827777777776
515.6967479345718, 2296.152222222222
516.9889526957089, 3689.377777777778
516.9889526957089, 3597.143333333334
516.9889526957089, 502.4350000000004
516.9889526957089, 1708.7644444444445
516.9889526957089, 4628.712777777779
519.1415891193901, 1201.475
515.6967479345718, 1893.2333333333336
517.4195838529922, 538.8433333333337
512.2485893953253, 827.682777777778
516.1275347159767, 2490.33
516.9889526957089, 2439.358333333333
515.6967479345718, 5150.565555555556
516.1275347159767, 716.0305555555556
514.8350188912955, 4992.796111111111
516.1275347159767, 4075.306111111111
514.8350188912955, 582.5333333333333
514.8350188912955, 3767.048888888889
515.6967479345718, 3087.4266666666663
514.8350188912955, 2165.082222222222
518.7111657482452, 3487.9183333333335
514.4040766704684, 1910.2238888888883
513.9730826775443, 2412.6588888888887
516.1275347159767, 3097.1355555555556
515.2659093195042, 4504.924444444445
515.6967479345718, 5172.410555555555
516.5582696431964, 3480.6366666666668
517.4195838529922, 3070.4361111111116
514.8350188912955, 3536.4627777777782
512.2485893953253, 1274.291666666667
516.1275347159767, 3609.2794444444444
516.9889526957089, 737.8755555555558
514.4040766704684, 3335.0033333333336
518.2806903997824, 1495.1688888888893
516.5582696431964, 3538.89
520.0022798476382, 2402.95
516.9889526957089, 910.2083333333335
515.6967479345718, 2017.0216666666665
514.8350188912955, 5199.110000000001
516.1275347159767, 2441.785555555556
