
# Time of snapshot: 2021-08-20T14:23:39Eastern Standard Time
# Number of frames accumulated: 0
# Scan time per exposure [us]: 50000
 Wavelength [nm], Intensity [RFU]
517.4195838529922, 4315.601111111111
467.9983095809864, 4111.714444444446
517.4195838529922, 12354.56111111111
470.1796406794516, 7835.073333333332
514.8350188912955, 39287.01888888889
515.6967479345718, 20340.122222222224
516.9889526957089, 3410.247222222222
467.9983095809864, 7813.228333333333
517.4195838529922, 8788.971666666666
471.4878433566188, 18650.775555555552
513.1109394574953, 62556.79833333333
515.2659093195042, 1279.1461111111107
467.9983095809864, 6480.683333333334
514.8350188912955, 922.3444444444444
471.4878433566188, 4648.1305555555555
513.9730826775443, 23255.216111111113
468.4346750352282, 24582.90666666667
519.1415891193901, 9077.81111111111
523.8728098296876, 62600.488333333335
468.4346750352282, 11808.436111111112
513.1109394574953, 62556.79833333333
457.5107130110018, 57515.45777777778
487.1511992450663, 56539.71444444444
516.9889526957089, 41881.71944444445
470.1796406794516, 13587.589999999998
517.4195838529922, 62547.08944444444
462.3210547089484, 54313.95166666667
517.4195838529922, 57685.36333333333
468.4346750352282, 4089.8694444444427
517.4195838529922, 6873.893333333333
472.35972980689826, 10973.471666666668
515.6967479345718, 61124.737222222226
470.1796406794516, 27332.949444444443
515.6967479345718, 55163.47944444445
468.4346750352282, 4223.366666666667
516.1275347159767, 20900.810555555552
471.4878433566188, 5065.6127777777765
517.4195838529922, 1742.7455555555557
464.0687920251067, 53211.99277777778
515.6967479345718, 28041.698333333334
468.8709908927178, 51061.47388888889
514.8350188912955, 4638.421666666667
515.6967479345718, 16466.275555555556
516.1275347159767, 5085.030555555555
470.6157579447109, 26942.166666666664
517.4195838529922, 3480.6366666666668
516.1275347159767, 23983.382777777777
523.8728098296876, 62600.488333333335
513.1109394574953, 62556.79833333333
470.6157579447109, 15378.880000000001
523.8728098296876, 62600.488333333335
469.30725713293293, 23199.39
516.9889526957089, 4349.582222222221
515.2659093195042, 6997.6816666666655
515.2659093195042, 48554.15333333333
514.4040766704684, 14386.146111111113
470.1796406794516, 30566.009444444448
516.1275347159767, 16568.218888888892
468.8709908927178, 15257.518888888888
516.1275347159767, 43447.277777777774
513.1109394574953, 1135.9399999999996
523.8728098296876, 62600.488333333335
472.35972980689826, 7796.2377777777765
515.6967479345718, 56809.13611111111
514.8350188912955, 15262.373333333333
470.1796406794516, 41602.58888888889
520.0022798476382, 6330.195555555556
462.7580630534572, 53998.412777777776
515.6967479345718, 61073.765555555554
518.2806903997824, 764.5749999999998
511.81733684975023, 737.8755555555554
470.1796406794516, 18080.378333333334
515.2659093195042, 44165.735555555555
515.6967479345718, 52119.74277777778
470.1796406794516, 42177.84055555556
515.6967479345718, 42172.98611111111
513.1109394574953, 10820.556666666667
467.9983095809864, 11274.447222222221
517.4195838529922, 11677.36611111111
470.6157579447109, 21063.434444444443
515.2659093195042, 46131.78555555555
515.6967479345718, 29199.483333333334
470.1796406794516, 32726.237222222226
516.9889526957089, 19604.67388888889
511.81733684975023, 793.7016666666668
517.8501630945242, 793.7016666666668
470.1796406794516, 48544.444444444445
516.1275347159767, 55124.64388888889
515.6967479345718, 22386.27055555556
468.4346750352282, 3332.5761111111115
515.6967479345718, 2519.4566666666665
511.81733684975023, 2650.5266666666666
468.8709908927178, 51097.88222222222
515.6967479345718, 62253.39555555556
470.1796406794516, 13247.778888888888
515.6967479345718, 61343.18722222222
514.8350188912955, 536.4161111111111
515.6967479345718, 25286.801111111112
523.8728098296876, 62600.488333333335
516.1275347159767, 1560.7038888888892
514.8350188912955, 949.0438888888889
468.8709908927178, 9742.869999999999
514.4040766704684, 2915.0938888888886
467.9983095809864, 2351.9783333333326
517.4195838529922, 5327.752777777778
471.4878433566188, 9376.359444444442
523.8728098296876, 62600.488333333335
470.1796406794516, 23065.89277777778
514.8350188912955, 62544.66222222222
516.9889526957089, 4058.3155555555554
470.6157579447109, 43456.986666666664
523.8728098296876, 62600.488333333335
467.9983095809864, 2017.0216666666674
514.8350188912955, 12106.984444444446
469.30725713293293, 31078.153333333335
519.1415891193901, 13257.487777777777
468.4346750352282, 18352.227222222224
519.1415891193901, 10070.544999999998
514.8350188912955, 14109.442777777778
514.4040766704684, 4985.514444444444
467.9983095809864, 7912.7444444444445
518.7111657482452, 6060.773888888888
515.2659093195042, 536.4161111111111
469.30725713293293, 12890.977222222222
517.4195838529922, 4580.168333333333
516.5582696431964, 13364.285555555556
523.8728098296876, 62600.488333333335
471.4878433566188, 22378.988888888885
523.8728098296876, 62600.488333333335
515.6967479345718, 11247.747777777777
514.8350188912955, 28832.972777777777
516.1275347159767, 17961.444444444445
468.4346750352282, 1915.078333333333
515.2659093195042, 1313.127222222222
468.4346750352282, 51051.765
517.4195838529922, 30549.01888888889
523.8728098296876, 558.261111111111
465.8157390767672, 52381.88277777778
516.1275347159767, 59328.592777777776
516.1275347159767, 1157.7849999999999
470.1796406794516, 23990.664444444446
523.8728098296876, 62600.488333333335
470.1796406794516, 31646.123333333337
523.8728098296876, 62600.488333333335
517.4195838529922, 983.0250000000001
523.8728098296876, 62600.488333333335
517.4195838529922, 20374.103333333336
523.8728098296876, 62600.488333333335
467.9983095809864, 4917.552222222224
523.8728098296876, 62600.488333333335
513.1109394574953, 1135.9399999999996
468.4346750352282, 10204.04222222222
518.7111657482452, 3669.96
510.0918103830321, 533.988888888889
468.4346750352282, 14349.737777777778
519.1415891193901, 5310.762222222223
513.1109394574953, 2097.12
467.9983095809864, 3046.1638888888883
517.4195838529922, 19915.358333333334
514.8350188912955, 35612.20444444444
520.0022798476382, 23488.229444444445
467.9983095809864, 17165.315555555557
517.4195838529922, 62547.08944444444
470.1796406794516, 45469.15388888889
515.6967479345718, 35685.02111111111
516.1275347159767, 1356.817222222222
516.1275347159767, 5873.877777777778
469.30725713293293, 23755.22388888889
517.4195838529922, 37452.038888888885
516.1275347159767, 1558.2766666666666
470.6157579447109, 31422.81888888889
517.4195838529922, 54042.10277777778
516.1275347159767, 35745.70166666667
517.4195838529922, 41833.174999999996
517.4195838529922, 1747.6
515.6967479345718, 19990.602222222224
516.1275347159767, 40845.29555555555
517.4195838529922, 12563.302222222223
515.2659093195042, 6111.745555555555
470.1796406794516, 38512.735
516.5582696431964, 41228.79666666667
468.8709908927178, 6242.815555555557
519.1415891193901, 8427.315555555557
467.9983095809864, 10157.925
515.6967479345718, 41160.834444444445
470.6157579447109, 23087.73777777778
517.4195838529922, 31908.263333333332
514.8350188912955, 507.2894444444446
469.30725713293293, 22408.11555555556
515.2659093195042, 43558.93
467.9983095809864, 3616.56111111111
515.6967479345718, 4893.280000000001
470.1796406794516, 30660.671111111114
516.5582696431964, 28485.879999999997
517.4195838529922, 1135.94
468.4346750352282, 9687.043888888888
515.6967479345718, 33262.653333333335
517.4195838529922, 1992.7494444444442
515.2659093195042, 26303.807222222225
517.4195838529922, 6136.017777777777
470.1796406794516, 18473.588333333333
516.9889526957089, 11570.568333333333
519.1415891193901, 7631.186666666667
513.5420369330461, 7063.216666666667
468.4346750352282, 2084.98388888889
516.1275347159767, 12356.988333333333
470.1796406794516, 41631.71555555556
514.4040766704684, 30731.06055555556
515.6967479345718, 23760.078333333335
515.6967479345718, 2182.072777777778
513.1109394574953, 934.4805555555554
515.6967479345718, 10070.545
513.5420369330461, 14871.590555555555
513.9730826775443, 1453.906111111111
515.6967479345718, 14291.484444444444
516.1275347159767, 10805.993333333334
516.1275347159767, 24048.91777777778
515.6967479345718, 25939.72388888889
515.6967479345718, 9121.50111111111
516.9889526957089, 8038.959999999999
517.4195838529922, 2941.7933333333335
515.6967479345718, 49559.02333333334
516.5582696431964, 19272.144444444442
514.8350188912955, 21483.34388888889
514.8350188912955, 7128.751666666666
514.8350188912955, 3429.665
470.1796406794516, 19005.15
514.8350188912955, 13835.166666666664
514.4040766704684, 23296.47888888889
514.4040766704684, 12495.34
514.4040766704684, 5633.582777777779
517.4195838529922, 5747.662222222221
516.5582696431964, 17492.990555555556
515.6967479345718, 20099.827222222222
515.2659093195042, 1754.8816666666667
516.5582696431964, 13577.881111111112
470.1796406794516, 32131.567777777782
516.9889526957089, 18602.231111111112
513.9730826775443, 12886.122777777779
516.5582696431964, 14058.471111111112
515.6967479345718, 34672.86944444445
467.9983095809864, 1538.8588888888899
515.6967479345718, 19636.227777777778
516.5582696431964, 19131.365555555556
517.4195838529922, 555.8338888888889
470.1796406794516, 20310.995555555557
515.6967479345718, 32638.85722222222
514.8350188912955, 15408.006666666664
515.6967479345718, 16937.15666666667
515.2659093195042, 10194.333333333332
514.4040766704684, 25446.99777777778
515.6967479345718, 27160.61666666667
467.9983095809864, 3847.147222222222
517.4195838529922, 22665.401111111114
513.1109394574953, 958.7527777777777
517.4195838529922, 2186.927222222222
514.4040766704684, 9769.569444444445
516.1275347159767, 9769.569444444445
465.3790764729762, 1606.8211111111104
514.8350188912955, 2878.6855555555558
468.8709908927178, 11577.849999999999
516.1275347159767, 26587.79222222222
516.5582696431964, 10439.48277777778
514.8350188912955, 2706.352777777778
515.6967479345718, 22849.870000000003
514.4040766704684, 28813.555
511.81733684975023, 584.9605555555554
515.2659093195042, 18781.845555555556
470.1796406794516, 20044.00111111111
515.6967479345718, 25561.077222222222
516.5582696431964, 40590.43722222222
516.1275347159767, 5492.80388888889
466.6889158429684, 764.5749999999989
514.8350188912955, 27087.8
515.6967479345718, 20080.409444444445
468.8709908927178, 6519.518888888888
514.8350188912955, 27175.18
516.9889526957089, 25791.663333333334
514.8350188912955, 4487.933888888889
515.6967479345718, 17318.230555555558
514.4040766704684, 8119.058333333333
516.5582696431964, 53583.357777777775
517.4195838529922, 27694.605555555558
515.2659093195042, 42139.005
517.4195838529922, 54668.326111111106
517.4195838529922, 53644.03833333333
518.2806903997824, 48294.44055555556
517.4195838529922, 51025.06555555556
518.2806903997824, 53432.87
517.4195838529922, 13063.31
517.4195838529922, 2893.248888888889
517.4195838529922, 512.1438888888888
515.2659093195042, 15905.587222222222
516.1275347159767, 17357.06611111111
515.6967479345718, 38316.130000000005
516.5582696431964, 48954.645
518.2806903997824, 15582.766666666666
516.9889526957089, 46711.89166666667
516.5582696431964, 48639.10611111111
514.4040766704684, 31182.523888888893
515.6967479345718, 47617.24555555556
519.1415891193901, 29993.184999999998
468.8709908927178, 34228.68777777778
514.8350188912955, 48248.323333333334
517.4195838529922, 5699.1177777777775
513.5420369330461, 12742.916666666666
516.1275347159767, 10145.788888888888
515.6967479345718, 6483.110555555555
469.30725713293293, 32830.607777777775
517.4195838529922, 15682.282777777777
515.6967479345718, 4051.0338888888887
516.1275347159767, 9670.053333333333
517.4195838529922, 56513.015
516.1275347159767, 53903.75111111111
517.4195838529922, 19568.265555555558
517.4195838529922, 46859.95222222222
515.6967479345718, 47464.330555555556
515.6967479345718, 53425.58833333333
517.4195838529922, 6393.303333333333
515.6967479345718, 51913.42888888889
519.5719604926952, 8060.805
515.6967479345718, 54039.67555555556
513.1109394574953, 4390.845
517.8501630945242, 51838.185
516.5582696431964, 54889.20333333333
469.30725713293293, 30655.816666666666
516.1275347159767, 41447.246666666666
514.4040766704684, 22599.86611111111
515.2659093195042, 4043.752222222222
516.1275347159767, 1201.4750000000004
517.4195838529922, 820.4011111111108
516.9889526957089, 53750.836111111115
514.8350188912955, 21131.396666666667
514.8350188912955, 23170.263333333332
514.4040766704684, 24456.69111111111
516.1275347159767, 4614.149444444444
515.6967479345718, 25070.778333333335
515.2659093195042, 9145.773333333333
515.6967479345718, 51474.10166666667
515.6967479345718, 50527.485
517.4195838529922, 43037.07722222222
516.1275347159767, 15609.46611111111
467.9983095809864, 3553.4533333333347
516.9889526957089, 52182.85055555556
467.9983095809864, 6640.880000000001
516.9889526957089, 51510.51
515.6967479345718, 34655.87888888889
514.8350188912955, 5063.185555555556
516.1275347159767, 11410.371666666666
517.4195838529922, 9269.561666666666
470.1796406794516, 26371.769444444442
514.4040766704684, 25677.58388888889
516.9889526957089, 11806.008888888888
514.8350188912955, 30456.78444444444
516.5582696431964, 22201.801666666666
515.2659093195042, 16420.158333333336
515.2659093195042, 3531.608333333333
515.2659093195042, 13291.468888888889
517.4195838529922, 3220.923888888889
515.6967479345718, 36976.30333333334
516.5582696431964, 4284.0472222222215
514.8350188912955, 25951.86
468.4346750352282, 6895.738333333333
516.5582696431964, 35269.96611111111
463.63193173205855, 1337.3994444444452
517.4195838529922, 5106.875555555556
470.1796406794516, 33296.63444444445
517.4195838529922, 36719.01777777778
517.4195838529922, 17619.20611111111
517.4195838529922, 956.3255555555556
515.6967479345718, 40626.845555555556
514.4040766704684, 27235.860555555555
516.5582696431964, 2381.105
514.8350188912955, 519.4255555555555
470.1796406794516, 13090.009444444442
516.1275347159767, 22968.80388888889
514.8350188912955, 19075.539444444443
513.1109394574953, 10000.155555555557
516.9889526957089, 20410.51166666667
516.1275347159767, 16175.008888888888
514.8350188912955, 2014.594444444445
514.4040766704684, 31306.312222222223
514.8350188912955, 30143.672777777778
518.7111657482452, 2004.8855555555556
514.8350188912955, 4473.370555555555
515.6967479345718, 35083.07
517.4195838529922, 29507.740555555556
515.6967479345718, 37998.16388888889
516.5582696431964, 33937.42111111111
515.6967479345718, 9009.848888888888
514.8350188912955, 36949.60388888889
513.9730826775443, 3694.2322222222224
517.4195838529922, 13939.537222222223
470.1796406794516, 42833.19055555556
515.6967479345718, 22056.168333333335
514.8350188912955, 33779.651666666665
469.30725713293293, 31369.42
516.1275347159767, 26082.93
516.5582696431964, 12793.888333333334
469.30725713293293, 32905.85166666667
515.6967479345718, 29716.481666666667
514.4040766704684, 7631.186666666667
516.1275347159767, 12670.1
467.9983095809864, 3111.698888888888
513.9730826775443, 21478.489444444444
470.6157579447109, 39284.59166666667
515.2659093195042, 25165.440000000002
470.1796406794516, 19563.411111111112
514.8350188912955, 14388.573333333334
514.8350188912955, 558.261111111111
517.4195838529922, 1361.6716666666666
514.4040766704684, 6589.908333333334
468.4346750352282, 21291.593333333338
516.5582696431964, 8924.896111111111
515.6967479345718, 7708.857777777777
517.4195838529922, 4393.272222222222
516.1275347159767, 8233.137777777778
471.4878433566188, 10332.685000000001
515.2659093195042, 14924.989444444445
513.1109394574953, 774.2838888888887
518.2806903997824, 10371.520555555555
514.4040766704684, 11762.318888888887
467.9983095809864, 5201.537222222221
516.1275347159767, 33631.59111111111
514.8350188912955, 7291.375555555555
514.8350188912955, 531.5616666666665
515.6967479345718, 40012.75833333333
519.1415891193901, 1686.9194444444447
517.4195838529922, 6835.057777777778
468.8709908927178, 12468.640555555558
517.4195838529922, 49173.095
467.9983095809864, 2145.6644444444446
515.6967479345718, 36408.333333333336
468.8709908927178, 18524.559999999998
515.6967479345718, 13361.858333333332
515.6967479345718, 14070.607222222223
516.9889526957089, 14070.607222222223
517.4195838529922, 519.4255555555555
515.6967479345718, 21905.68055555556
514.8350188912955, 3220.9238888888885
514.8350188912955, 19364.37888888889
514.4040766704684, 18614.367222222223
517.4195838529922, 12784.179444444444
514.8350188912955, 5468.531666666667
514.4040766704684, 12873.986666666668
514.8350188912955, 7458.85388888889
517.4195838529922, 4075.3061111111106
468.8709908927178, 28332.965000000004
518.2806903997824, 20733.33222222222
514.8350188912955, 10250.159444444445
470.1796406794516, 12179.80111111111
515.2659093195042, 5296.198888888888
467.9983095809864, 16005.103333333333
516.1275347159767, 18592.522222222222
516.1275347159767, 19170.201111111113
515.6967479345718, 10293.849444444444
516.5582696431964, 17718.722222222223
515.6967479345718, 8815.67111111111
518.7111657482452, 8182.166111111111
513.9730826775443, 1240.3105555555553
515.6967479345718, 14451.681111111111
515.6967479345718, 29393.661111111112
517.4195838529922, 936.9077777777775
470.1796406794516, 7830.218888888887
516.5582696431964, 13956.52777777778
515.6967479345718, 17056.09055555556
467.5618945505144, 6657.870555555555
517.4195838529922, 12388.542222222222
515.6967479345718, 18920.197222222225
513.1109394574953, 1339.8266666666668
515.6967479345718, 6529.227777777776
514.4040766704684, 1480.6055555555558
516.5582696431964, 11199.203333333335
516.1275347159767, 23599.881666666668
518.7111657482452, 2953.929444444444
515.6967479345718, 44585.645000000004
517.4195838529922, 951.471111111111
515.2659093195042, 3218.4966666666664
515.2659093195042, 33172.84611111111
516.1275347159767, 7293.802777777777
516.1275347159767, 1317.9816666666666
516.1275347159767, 16638.60833333333
515.6967479345718, 18000.280000000002
517.4195838529922, 1368.9533333333334
515.6967479345718, 25141.16777777778
514.8350188912955, 6934.573888888889
513.1109394574953, 4866.580555555555
517.4195838529922, 32794.19944444444
513.5420369330461, 6754.959444444445
515.2659093195042, 6754.959444444445
516.1275347159767, 19459.040555555555
516.5582696431964, 29442.205555555553
515.2659093195042, 6990.4
515.6967479345718, 32444.679444444446
516.9889526957089, 19454.186111111114
514.4040766704684, 1004.8699999999999
467.9983095809864, 1946.6322222222225
515.6967479345718, 24811.065555555557
514.4040766704684, 11735.619444444445
515.6967479345718, 35218.99444444445
515.6967479345718, 21405.672777777778
516.5582696431964, 19184.764444444445
515.6967479345718, 12590.001666666665
515.6967479345718, 30265.033888888887
516.5582696431964, 29587.838888888888
517.4195838529922, 5415.132777777777
516.1275347159767, 30869.41222222222
513.1109394574953, 15599.757222222222
515.6967479345718, 1070.4050000000002
516.1275347159767, 1759.7361111111113
515.6967479345718, 11604.549444444443
515.6967479345718, 11342.409444444444
513.1109394574953, 1033.9966666666664
513.1109394574953, 13189.525555555556
514.4040766704684, 3046.1638888888892
514.4040766704684, 17866.78277777778
516.1275347159767, 58272.75111111111
468.4346750352282, 3881.128333333332
516.1275347159767, 24228.532222222224
470.1796406794516, 13327.877222222223
517.4195838529922, 30129.109444444442
470.1796406794516, 27182.46166666667
516.5582696431964, 31408.255555555552
517.4195838529922, 7301.084444444445
513.1109394574953, 1895.6605555555552
467.9983095809864, 2444.2127777777787
515.2659093195042, 26815.951111111113
514.8350188912955, 22456.66
517.4195838529922, 747.5844444444442
516.1275347159767, 5524.357777777777
518.7111657482452, 1686.9194444444447
469.30725713293293, 14475.953333333333
515.6967479345718, 27245.569444444445
513.9730826775443, 3699.0866666666666
515.6967479345718, 20524.591111111113
514.8350188912955, 10633.660555555554
514.8350188912955, 2317.9972222222223
516.1275347159767, 6000.093333333332
469.30725713293293, 34930.155
514.8350188912955, 13191.952777777777
515.6967479345718, 42833.19055555556
514.8350188912955, 40345.287777777776
514.8350188912955, 1679.637777777778
515.6967479345718, 26371.769444444446
469.30725713293293, 29791.725555555553
516.5582696431964, 28580.541666666664
517.4195838529922, 5813.197222222221
515.2659093195042, 1483.032777777778
516.5582696431964, 12029.313333333334
470.1796406794516, 15558.494444444443
515.6967479345718, 32279.628333333334
468.8709908927178, 2856.8405555555546
517.4195838529922, 21148.387222222223
515.6967479345718, 28672.776111111114
513.1109394574953, 2453.921666666666
513.5420369330461, 3995.2077777777777
515.6967479345718, 978.1705555555554
515.2659093195042, 1885.9516666666664
467.9983095809864, 15388.588888888888
515.6967479345718, 28318.40166666667
515.2659093195042, 27881.501666666667
517.4195838529922, 3956.372222222222
515.6967479345718, 31600.006111111114
515.2659093195042, 12432.232222222221
513.9730826775443, 5691.836111111112
515.6967479345718, 32461.67
515.2659093195042, 9228.298888888889
513.1109394574953, 791.2744444444443
513.1109394574953, 1776.7266666666665
515.2659093195042, 2133.528333333333
517.4195838529922, 2133.528333333333
514.8350188912955, 2997.6194444444445
467.9983095809864, 2216.0538888888896
516.1275347159767, 4585.022777777777
516.1275347159767, 2771.887777777778
517.4195838529922, 13439.529444444443
514.8350188912955, 15917.723333333332
514.4040766704684, 21692.085
517.4195838529922, 4815.608888888888
516.9889526957089, 3254.905
514.4040766704684, 2951.5022222222224
514.4040766704684, 23022.20277777778
515.6967479345718, 19638.655000000002
466.6889158429684, 3140.825555555557
515.6967479345718, 26107.202222222222
468.4346750352282, 4456.379999999999
515.6967479345718, 31061.162777777776
470.1796406794516, 32262.63777777778
516.1275347159767, 15068.195555555556
514.8350188912955, 18024.55222222222
516.9889526957089, 42753.09222222222
514.8350188912955, 3041.309444444444
470.1796406794516, 36420.46944444445
516.1275347159767, 21910.535000000003
515.6967479345718, 23408.131111111114
514.4040766704684, 3318.012777777778
517.4195838529922, 5330.18
519.5719604926952, 1216.0383333333334
515.6967479345718, 7223.413333333332
516.5582696431964, 17150.75222222222
468.4346750352282, 5822.90611111111
514.8350188912955, 12488.058333333334
468.4346750352282, 11386.099444444442
515.6967479345718, 33248.090000000004
517.4195838529922, 22544.04
515.6967479345718, 20519.736666666668
516.1275347159767, 25490.687777777777
517.4195838529922, 36279.69055555556
513.9730826775443, 37636.50777777778
470.1796406794516, 19575.547222222223
515.6967479345718, 5453.968333333332
469.7434737353516, 6563.20888888889
516.9889526957089, 11750.182777777778
516.9889526957089, 25886.325
514.8350188912955, 24260.08611111111
515.6967479345718, 21825.582222222223
513.1109394574953, 1218.4655555555555
516.5582696431964, 29379.097777777777
467.9983095809864, 2296.152222222223
517.4195838529922, 4803.472777777777
514.4040766704684, 13174.96222222222
514.8350188912955, 6689.424444444444
517.4195838529922, 3058.2999999999997
513.1109394574953, 18750.291666666664
470.1796406794516, 39294.30055555556
515.6967479345718, 23828.040555555555
468.8709908927178, 51061.47388888889
516.1275347159767, 30779.604999999996
513.9730826775443, 8405.470555555556
516.1275347159767, 17381.338333333333
516.1275347159767, 3245.1961111111113
514.8350188912955, 4106.86
515.6967479345718, 3866.565
515.6967479345718, 7432.154444444444
515.2659093195042, 7063.216666666667
512.6797902714144, 560.6883333333335
470.6157579447109, 21524.606666666667
516.1275347159767, 19109.52055555556
515.2659093195042, 694.1855555555558
470.1796406794516, 9873.94
515.6967479345718, 3609.279444444444
514.8350188912955, 30767.468888888885
513.9730826775443, 30808.73166666667
515.6967479345718, 31619.423888888887
516.9889526957089, 30529.601111111115
468.8709908927178, 6388.448888888888
515.6967479345718, 26808.669444444447
467.9983095809864, 4492.788333333334
517.4195838529922, 31942.244444444445
516.5582696431964, 5582.611111111111
468.8709908927178, 9966.174444444445
515.2659093195042, 10022.000555555554
514.4040766704684, 14944.407222222224
467.9983095809864, 3434.519444444446
514.8350188912955, 10670.068888888887
515.6967479345718, 7757.402222222221
511.81733684975023, 1483.0327777777775
519.1415891193901, 2781.5966666666664
516.1275347159767, 6186.9894444444435
513.5420369330461, 2313.142777777778
515.2659093195042, 14424.981666666665
517.4195838529922, 7781.674444444443
514.4040766704684, 1604.3938888888888
516.5582696431964, 10808.420555555556
515.6967479345718, 26514.975555555557
470.1796406794516, 9495.293333333333
515.6967479345718, 35286.956666666665
515.6967479345718, 10626.378888888888
513.9730826775443, 10728.322222222223
516.9889526957089, 5548.629999999999
515.2659093195042, 1298.5638888888893
517.4195838529922, 13281.76
517.4195838529922, 1868.9611111111112
514.8350188912955, 22141.12111111111
516.9889526957089, 13813.321666666665
468.8709908927178, 14155.560000000001
515.6967479345718, 5837.469444444443
517.4195838529922, 4866.580555555556
516.1275347159767, 18060.960555555554
514.4040766704684, 6092.327777777778
514.8350188912955, 8262.264444444445
514.4040766704684, 2500.0388888888892
470.1796406794516, 26900.90388888889
518.2806903997824, 7004.963333333334
468.8709908927178, 22908.123333333337
516.1275347159767, 23808.622777777775
516.1275347159767, 18473.588333333333
516.1275347159767, 13485.646666666666
514.8350188912955, 19611.955555555556
515.6967479345718, 20085.26388888889
515.6967479345718, 3907.827777777778
515.6967479345718, 13388.557777777778
515.6967479345718, 19381.369444444445
516.1275347159767, 20107.10888888889
516.5582696431964, 10238.023333333334
515.6967479345718, 20483.328333333335
515.6967479345718, 18442.034444444445
467.9983095809864, 2813.150555555556
513.5420369330461, 21051.298333333332
467.9983095809864, 11582.704444444444
515.6967479345718, 14024.49
466.6889158429684, 2106.828888888889
517.4195838529922, 1575.2672222222222
470.1796406794516, 14427.40888888889
516.1275347159767, 7301.084444444445
515.2659093195042, 2871.4038888888886
470.1796406794516, 49260.475
515.6967479345718, 21517.325
470.1796406794516, 6546.218333333332
516.5582696431964, 12691.945
469.30725713293293, 36075.80388888889
516.9889526957089, 12444.368333333332
515.2659093195042, 2303.433888888889
468.4346750352282, 21493.052777777782
518.7111657482452, 5412.705555555555
470.1796406794516, 44063.792222222226
516.5582696431964, 17696.87722222222
464.9423644160876, 52818.78277777778
517.4195838529922, 15371.598333333333
516.5582696431964, 17206.57833333333
467.9983095809864, 8662.75611111111
516.5582696431964, 22286.754444444443
515.6967479345718, 20662.94277777778
471.4878433566188, 20684.78777777778
515.2659093195042, 22167.820555555558
513.1109394574953, 9051.111666666668
516.1275347159767, 1737.891111111111
467.9983095809864, 1730.6094444444443
518.2806903997824, 4803.472777777778
469.7434737353516, 4720.947222222221
516.5582696431964, 20184.78
515.6967479345718, 16291.515555555556
515.6967479345718, 35124.33277777778
515.6967479345718, 29748.035555555558
516.1275347159767, 22388.69777777778
513.1109394574953, 3895.6916666666666
514.4040766704684, 8538.967777777776
515.2659093195042, 17580.370555555557
513.9730826775443, 10422.492222222223
515.2659093195042, 20653.23388888889
516.1275347159767, 32478.66055555555
515.6967479345718, 33044.20333333333
515.6967479345718, 11803.581666666667
516.1275347159767, 26495.55777777778
467.9983095809864, 12937.094444444443
516.1275347159767, 14075.461666666668
468.4346750352282, 7980.706666666667
515.6967479345718, 20638.670555555556
515.6967479345718, 14483.234999999999
516.1275347159767, 6386.021666666667
515.6967479345718, 19677.490555555556
516.1275347159767, 19556.129444444443
514.8350188912955, 21980.924444444445
516.1275347159767, 4356.863888888889
514.8350188912955, 11966.205555555556
514.4040766704684, 21699.36666666667
514.8350188912955, 3000.046666666667
517.4195838529922, 9133.637222222222
515.6967479345718, 32985.950000000004
516.1275347159767, 33672.85388888889
515.2659093195042, 18342.518333333333
515.2659093195042, 854.3822222222225
517.4195838529922, 1339.8266666666664
516.1275347159767, 30580.57277777778
515.2659093195042, 32998.08611111111
515.2659093195042, 24539.216666666667
516.5582696431964, 9514.711111111112
468.4346750352282, 33869.45888888889
517.4195838529922, 35041.80722222222
470.1796406794516, 16546.37388888889
516.1275347159767, 20951.782222222224
467.9983095809864, 9473.448333333334
516.9889526957089, 5565.620555555555
470.1796406794516, 36469.01388888889
515.6967479345718, 25735.837222222224
517.4195838529922, 5284.062777777777
470.1796406794516, 37131.64555555556
516.9889526957089, 30762.614444444444
515.6967479345718, 17060.945
470.6157579447109, 16107.046666666665
517.4195838529922, 16121.609999999999
468.8709908927178, 14949.261666666665
516.5582696431964, 17995.425555555554
470.1796406794516, 41750.64944444445
515.6967479345718, 23512.501666666667
515.2659093195042, 4512.206111111111
516.9889526957089, 5264.644999999999
516.1275347159767, 26495.55777777778
513.1109394574953, 6720.9783333333335
516.5582696431964, 27291.686666666665
514.8350188912955, 29257.736666666664
516.5582696431964, 30546.591666666667
516.9889526957089, 5956.403333333334
518.7111657482452, 1987.8950000000004
520.8627624203501, 764.5749999999998
515.6967479345718, 6119.027222222221
515.6967479345718, 21291.593333333334
515.6967479345718, 29376.670555555556
515.6967479345718, 30893.684444444443
516.5582696431964, 31282.04
514.8350188912955, 25291.655555555553
514.4040766704684, 29318.417222222222
517.4195838529922, 25323.209444444445
514.8350188912955, 6820.494444444444
514.8350188912955, 2919.9483333333337
471.4878433566188, 22061.02277777778
516.1275347159767, 26893.62222222222
470.1796406794516, 27454.31055555556
516.1275347159767, 15463.83277777778
517.4195838529922, 2609.263888888889
513.1109394574953, 1436.9155555555553
515.6967479345718, 20019.72888888889
467.9983095809864, 8903.051111111112
515.6967479345718, 20687.215
514.8350188912955, 3267.0411111111107
516.1275347159767, 31131.55222222222
516.1275347159767, 17471.14555555556
515.2659093195042, 9849.667777777777
517.4195838529922, 29847.55166666667
513.1109394574953, 4526.769444444444
517.4195838529922, 11735.619444444445
514.8350188912955, 21114.40611111111
515.2659093195042, 21789.17388888889
470.1796406794516, 13735.650555555554
517.4195838529922, 11225.902777777777
513.1109394574953, 8674.89222222222
514.8350188912955, 21150.814444444444
517.4195838529922, 27024.692222222224
515.2659093195042, 20199.343333333334
516.1275347159767, 6313.205
516.9889526957089, 11150.65888888889
514.8350188912955, 32117.004444444443
516.9889526957089, 3031.6005555555553
514.8350188912955, 1592.2577777777778
516.1275347159767, 24840.19222222222
515.2659093195042, 7551.088333333333
516.9889526957089, 3470.9277777777775
514.8350188912955, 521.8527777777776
514.8350188912955, 17495.417777777777
517.4195838529922, 22823.170555555556
513.1109394574953, 9915.202777777777
516.9889526957089, 8492.850555555555
514.4040766704684, 27544.117777777778
514.4040766704684, 23381.431666666667
514.8350188912955, 910.2083333333335
515.6967479345718, 25849.916666666668
515.6967479345718, 27947.036666666667
514.4040766704684, 25728.555555555555
515.6967479345718, 15750.245
516.1275347159767, 27881.501666666663
517.4195838529922, 19145.92888888889
514.4040766704684, 13842.448333333334
517.4195838529922, 5279.208333333332
513.1109394574953, 3330.148888888889
516.9889526957089, 15036.641666666665
517.4195838529922, 7660.3133333333335
515.2659093195042, 8221.001666666667
513.1109394574953, 2716.0616666666665
469.7434737353516, 6094.755000000001
514.8350188912955, 12221.06388888889
514.4040766704684, 16427.440000000002
516.1275347159767, 24102.316666666666
516.1275347159767, 13218.652222222223
515.6967479345718, 34022.37388888889
514.8350188912955, 18662.911666666667
516.1275347159767, 29301.426666666666
516.5582696431964, 29784.44388888889
516.1275347159767, 27575.67166666667
517.4195838529922, 4097.15111111111
518.2806903997824, 3470.927777777778
514.8350188912955, 5288.917222222221
514.8350188912955, 4594.731666666667
514.8350188912955, 16609.481666666667
515.2659093195042, 7555.942777777778
513.9730826775443, 17437.164444444446
516.1275347159767, 10337.539444444445
469.30725713293293, 24162.99722222222
514.8350188912955, 22252.77333333333
464.5056029266238, 53117.33111111111
516.9889526957089, 23034.33888888889
468.8709908927178, 26879.05888888889
514.8350188912955, 23721.242777777778
470.1796406794516, 8881.206111111109
515.2659093195042, 16548.801111111112
467.9983095809864, 14866.736111111113
515.2659093195042, 4264.629444444445
467.9983095809864, 13332.731666666667
514.8350188912955, 3235.487222222222
519.5719604926952, 1492.7416666666663
514.8350188912955, 1063.1233333333334
516.1275347159767, 21764.901666666665
515.2659093195042, 9089.947222222221
517.4195838529922, 1436.9155555555558
517.4195838529922, 6182.135
515.6967479345718, 23544.05555555556
515.6967479345718, 18825.535555555558
516.9889526957089, 788.8472222222222
515.6967479345718, 25735.837222222224
515.6967479345718, 23420.267222222225
515.6967479345718, 23403.27666666667
515.6967479345718, 14575.469444444445
514.4040766704684, 23544.055555555555
515.6967479345718, 20213.90666666667
516.5582696431964, 3531.608333333333
513.1109394574953, 3145.6800000000003
516.5582696431964, 20997.899444444443
516.5582696431964, 24507.662777777776
513.9730826775443, 24230.959444444445
513.1109394574953, 2211.1994444444445
515.2659093195042, 3220.923888888889
516.5582696431964, 1813.1349999999998
518.7111657482452, 1434.4883333333337
515.6967479345718, 5531.639444444443
516.1275347159767, 26359.63333333333
515.2659093195042, 22655.692222222224
517.4195838529922, 5728.2444444444445
516.1275347159767, 33539.35666666667
514.8350188912955, 14160.414444444443
513.1109394574953, 1014.5788888888887
517.4195838529922, 1014.5788888888887
517.4195838529922, 2150.5188888888883
514.4040766704684, 18815.826666666668
514.8350188912955, 987.8794444444443
516.9889526957089, 1623.811666666667
514.4040766704684, 9123.928333333333
515.2659093195042, 1128.6583333333333
514.4040766704684, 2689.362222222222
513.1109394574953, 7716.139444444444
519.1415891193901, 3509.7633333333333
513.9730826775443, 18832.817222222224
512.6797902714144, 1111.6677777777777
514.8350188912955, 12150.674444444445
515.2659093195042, 10514.726666666666
514.8350188912955, 18473.588333333333
470.1796406794516, 31194.660000000003
516.1275347159767, 21728.493333333332
470.1796406794516, 34609.761666666665
516.1275347159767, 23313.469444444447
517.4195838529922, 1053.4144444444441
468.4346750352282, 2254.889444444443
515.6967479345718, 18648.348333333335
515.2659093195042, 6961.273333333333
517.4195838529922, 9738.015555555556
514.8350188912955, 1737.891111111111
516.9889526957089, 6781.658888888889
514.8350188912955, 1883.5244444444443
514.8350188912955, 8330.226666666666
468.4346750352282, 41772.49444444445
516.1275347159767, 14429.83611111111
469.30725713293293, 33192.26388888889
516.1275347159767, 21044.01666666667
516.1275347159767, 19046.412777777776
514.8350188912955, 18726.019444444442
517.4195838529922, 3944.236111111111
514.8350188912955, 851.9549999999999
513.1109394574953, 968.4616666666666
515.6967479345718, 7228.267777777777
517.4195838529922, 17976.00777777778
516.5582696431964, 18077.95111111111
516.1275347159767, 6531.655000000001
515.6967479345718, 20075.555
470.1796406794516, 12706.508333333333
515.6967479345718, 17624.060555555556
465.8157390767672, 1191.7661111111101
517.4195838529922, 4750.073888888888
515.6967479345718, 4541.332777777778
514.4040766704684, 13454.09277777778
514.8350188912955, 28699.475555555553
515.2659093195042, 30888.829999999998
515.6967479345718, 22082.867777777778
515.6967479345718, 10441.91
513.9730826775443, 14825.473333333335
515.6967479345718, 21294.02055555556
516.1275347159767, 3815.5933333333332
514.8350188912955, 23264.925
516.5582696431964, 14434.690555555555
513.1109394574953, 987.8794444444443
516.5582696431964, 14956.543333333333
514.8350188912955, 7337.492777777778
513.9730826775443, 20803.721666666668
470.1796406794516, 29451.914444444446
517.4195838529922, 16366.759444444442
469.30725713293293, 40918.112222222226
515.6967479345718, 26342.64277777778
468.8709908927178, 47316.27
516.5582696431964, 27432.465555555555
467.9983095809864, 51471.67444444445
516.9889526957089, 19476.03111111111
514.4040766704684, 19051.267222222225
516.1275347159767, 2053.4300000000003
511.3860326552112, 682.0494444444444
515.6967479345718, 682.0494444444444
514.8350188912955, 8026.823888888889
517.4195838529922, 6696.706111111111
470.1796406794516, 9063.247777777777
516.5582696431964, 17859.50111111111
470.1796406794516, 47335.68777777778
517.4195838529922, 23349.87777777778
468.8709908927178, 8094.786111111112
516.5582696431964, 8575.376111111113
513.1109394574953, 839.8188888888885
517.4195838529922, 4912.697777777777
516.9889526957089, 3213.6422222222222
515.2659093195042, 13250.20611111111
513.1109394574953, 7582.642222222222
515.2659093195042, 2638.3905555555552
514.8350188912955, 17519.69
514.8350188912955, 1412.6433333333334
513.1109394574953, 5949.121666666667
469.30725713293293, 44808.94944444444
516.5582696431964, 23201.81722222222
470.1796406794516, 25747.973333333335
515.2659093195042, 21444.508333333335
470.1796406794516, 25616.903333333335
514.8350188912955, 16517.24722222222
516.5582696431964, 7723.421111111111
470.1796406794516, 22034.323333333334
517.4195838529922, 17075.508333333335
471.4878433566188, 14522.070555555554
514.4040766704684, 11439.498333333333
468.8709908927178, 48801.73
516.5582696431964, 19070.684999999998
469.30725713293293, 40071.011666666665
517.4195838529922, 23485.802222222224
471.4878433566188, 39311.29111111112
517.4195838529922, 15624.029444444443
514.4040766704684, 895.645
515.6967479345718, 19730.889444444445
514.8350188912955, 22830.452222222222
515.6967479345718, 2063.138888888889
513.1109394574953, 1213.6111111111113
468.4346750352282, 6781.658888888889
517.4195838529922, 11167.649444444443
470.1796406794516, 22915.405
514.8350188912955, 7636.041111111111
515.2659093195042, 3106.8444444444444
513.1109394574953, 1449.0516666666663
513.1109394574953, 504.86222222222204
514.8350188912955, 16242.97111111111
516.5582696431964, 19141.074444444443
514.4040766704684, 10895.800555555557
514.8350188912955, 19065.830555555556
469.7434737353516, 6517.091666666667
519.1415891193901, 3638.4061111111114
470.1796406794516, 48653.669444444444
516.5582696431964, 23014.92111111111
516.5582696431964, 19917.785555555554
514.4040766704684, 19675.063333333335
515.6967479345718, 4888.425555555556
515.2659093195042, 9568.109999999999
514.8350188912955, 19660.5
514.8350188912955, 5553.484444444445
514.4040766704684, 10281.713333333333
514.8350188912955, 19446.904444444444
515.6967479345718, 16502.68388888889
517.4195838529922, 5444.259444444444
517.4195838529922, 17645.905555555557
515.2659093195042, 17577.943333333336
523.8728098296876, 580.1061111111112
514.8350188912955, 17313.37611111111
516.5582696431964, 20002.73833333333
516.9889526957089, 19844.96888888889
516.1275347159767, 14247.794444444446
514.8350188912955, 905.3538888888888
513.5420369330461, 12291.453333333333
470.1796406794516, 35791.81888888889
517.4195838529922, 18820.681111111113
514.4040766704684, 5733.098888888889
516.9889526957089, 3075.290555555556
470.1796406794516, 16740.551666666666
515.6967479345718, 20607.11666666667
468.8709908927178, 20827.993888888886
517.4195838529922, 18330.382222222222
514.8350188912955, 1718.4733333333334
516.5582696431964, 18012.41611111111
514.8350188912955, 3835.011111111111
514.8350188912955, 19223.6
514.4040766704684, 3160.243333333333
514.4040766704684, 830.1100000000001
516.1275347159767, 17905.618333333332
515.6967479345718, 3742.776666666666
517.4195838529922, 3500.0544444444445
516.1275347159767, 14213.813333333334
469.7434737353516, 8822.952777777777
514.4040766704684, 17854.646666666667
470.1796406794516, 24597.47
516.5582696431964, 18250.283888888887
467.9983095809864, 10242.87777777778
515.6967479345718, 14145.85111111111
514.8350188912955, 11866.689444444444
470.1796406794516, 3495.199999999999
515.2659093195042, 3997.6349999999998
468.8709908927178, 11485.615555555556
515.2659093195042, 19774.579444444447
515.6967479345718, 16718.70666666667
515.6967479345718, 24170.27888888889
515.6967479345718, 18318.24611111111
515.2659093195042, 13400.693888888889
522.5831024424566, 543.6977777777774
467.9983095809864, 10296.276666666668
517.4195838529922, 19257.58111111111
470.1796406794516, 31039.317777777782
517.4195838529922, 9835.104444444443
514.8350188912955, 1009.7244444444445
515.6967479345718, 17041.527222222223
513.1109394574953, 1859.2522222222224
514.4040766704684, 12679.808888888889
514.8350188912955, 8216.147222222222
515.6967479345718, 19456.613333333335
516.5582696431964, 19590.110555555555
517.4195838529922, 10264.722777777777
514.8350188912955, 4635.9944444444445
514.4040766704684, 3157.8161111111112
516.1275347159767, 16558.510000000002
516.5582696431964, 19403.214444444442
514.8350188912955, 19507.585
515.2659093195042, 15065.768333333332
513.1109394574953, 631.0777777777776
515.2659093195042, 20058.564444444444
515.6967479345718, 21133.82388888889
517.4195838529922, 1012.1516666666666
513.9730826775443, 5140.856666666667
515.6967479345718, 14522.070555555556
515.6967479345718, 19070.685
511.81733684975023, 1250.0194444444442
513.1109394574953, 18789.12722222222
516.5582696431964, 13281.76
517.4195838529922, 13648.270555555557
514.4040766704684, 6740.39611111111
516.5582696431964, 3864.1377777777775
515.6967479345718, 16490.547777777778
515.6967479345718, 15131.303333333331
517.4195838529922, 15888.596666666666
515.6967479345718, 1480.6055555555554
516.5582696431964, 18459.024999999998
514.4040766704684, 16925.020555555555
514.4040766704684, 11322.991666666665
515.6967479345718, 15725.972777777779
514.8350188912955, 16992.982777777775
517.4195838529922, 1247.592222222222
515.2659093195042, 20743.041111111113
514.4040766704684, 6257.378888888889
516.1275347159767, 5970.966666666667
514.4040766704684, 5017.068333333334
468.8709908927178, 12670.099999999999
515.6967479345718, 9606.945555555554
514.4040766704684, 11825.426666666666
514.4040766704684, 19289.135000000002
516.1275347159767, 20012.447222222225
513.1109394574953, 1150.503333333333
516.9889526957089, 14706.539444444445
513.1109394574953, 1002.4427777777778
515.2659093195042, 6898.165555555555
516.9889526957089, 1002.4427777777778
517.4195838529922, 6730.687222222221
515.2659093195042, 17259.977222222224
516.1275347159767, 5480.667777777777
516.1275347159767, 13803.612777777778
514.8350188912955, 16565.791666666664
513.5420369330461, 18340.091111111113
513.1109394574953, 553.4066666666663
468.8709908927178, 47027.430555555555
516.5582696431964, 22128.984999999997
465.3790764729762, 52279.93944444445
517.4195838529922, 20378.957777777778
515.2659093195042, 5852.032777777777
514.8350188912955, 4009.771111111111
517.4195838529922, 3534.0355555555557
516.5582696431964, 19240.590555555555
515.6967479345718, 22022.187222222223
470.1796406794516, 10517.153888888888
516.5582696431964, 10626.37888888889
514.4040766704684, 5325.325555555556
515.2659093195042, 20592.553333333333
514.4040766704684, 8160.321111111111
515.2659093195042, 902.9266666666667
468.8709908927178, 23153.272777777776
516.9889526957089, 24944.562777777777
515.6967479345718, 8988.003888888888
470.1796406794516, 32709.246666666666
514.8350188912955, 22034.323333333334
514.8350188912955, 4563.177777777778
515.6967479345718, 17262.404444444444
514.8350188912955, 8500.132222222222
515.6967479345718, 9041.402777777777
516.5582696431964, 21568.296666666665
515.6967479345718, 9342.378333333332
514.8350188912955, 8805.96222222222
516.1275347159767, 6094.754999999999
514.8350188912955, 20779.449444444443
515.6967479345718, 9801.123333333333
516.9889526957089, 7801.092222222222
515.2659093195042, 652.9227777777778
516.9889526957089, 2706.3527777777776
467.9983095809864, 9257.425555555557
516.1275347159767, 20502.74611111111
471.4878433566188, 26544.10222222222
516.5582696431964, 26104.774999999998
519.1415891193901, 1162.639444444444
514.8350188912955, 6619.035000000001
514.4040766704684, 8900.623888888887
471.4878433566188, 18990.586666666666
514.8350188912955, 10342.393888888888
470.1796406794516, 38631.66888888889
515.6967479345718, 20871.68388888889
470.6157579447109, 21750.338333333333
514.4040766704684, 19199.32777777778
511.81733684975023, 839.818888888889
518.2806903997824, 8633.629444444443
517.4195838529922, 1500.023333333333
516.1275347159767, 10157.925
468.4346750352282, 2740.3338888888884
514.8350188912955, 8031.678333333334
470.1796406794516, 46983.74055555556
515.6967479345718, 27027.119444444445
470.1796406794516, 16327.923888888889
516.1275347159767, 26209.14555555556
515.2659093195042, 912.6355555555556
516.5582696431964, 7155.4511111111115
470.1796406794516, 29046.568333333336
518.7111657482452, 10233.16888888889
468.8709908927178, 32767.5
515.2659093195042, 25711.565000000002
467.9983095809864, 9711.316111111111
515.6967479345718, 23162.981666666667
470.6157579447109, 39124.395
515.6967479345718, 17124.05277777778
515.6967479345718, 9407.913333333332
515.2659093195042, 18961.460000000003
516.5582696431964, 20929.937222222223
516.9889526957089, 1186.9116666666664
468.4346750352282, 21189.65
514.8350188912955, 26803.815
468.4346750352282, 18636.212222222224
515.6967479345718, 11796.3
517.4195838529922, 3126.262222222222
515.2659093195042, 572.8244444444445
518.2806903997824, 8538.967777777776
516.1275347159767, 21099.842777777776
517.4195838529922, 5932.13111111111
516.1275347159767, 5890.868333333334
468.8709908927178, 8298.672777777778
515.2659093195042, 7087.488888888889
514.4040766704684, 1415.070555555556
513.9730826775443, 18488.15166666667
516.1275347159767, 13660.406666666668
513.1109394574953, 1796.1444444444442
514.8350188912955, 18114.359444444442
516.1275347159767, 15245.382777777779
515.6967479345718, 1254.8738888888888
515.6967479345718, 1885.9516666666664
513.1109394574953, 2917.521111111111
468.8709908927178, 51097.88222222222
514.4040766704684, 20706.632777777777
470.1796406794516, 14907.99888888889
516.5582696431964, 7327.783888888889
517.4195838529922, 3643.260555555555
516.9889526957089, 18395.917222222222
515.2659093195042, 6934.573888888888
515.2659093195042, 10565.698333333334
516.5582696431964, 22794.04388888889
515.6967479345718, 5490.376666666665
519.1415891193901, 1148.0761111111115
470.1796406794516, 32267.492222222223
516.5582696431964, 23896.002777777776
514.8350188912955, 1536.4316666666664
516.1275347159767, 1536.4316666666664
470.1796406794516, 15648.301666666664
516.5582696431964, 6987.972777777779
470.1796406794516, 27294.11388888889
516.1275347159767, 23711.533888888887
467.9983095809864, 10228.314444444444
515.6967479345718, 21813.446111111112
514.4040766704684, 6966.127777777779
514.4040766704684, 22386.270555555555
514.4040766704684, 6502.528333333333
470.1796406794516, 21980.92444444445
516.5582696431964, 13240.497222222222
470.1796406794516, 12674.954444444445
515.6967479345718, 12119.120555555555
514.4040766704684, 23162.981666666667
514.8350188912955, 11856.980555555554
514.8350188912955, 1662.647222222222
515.6967479345718, 23340.16888888889
514.4040766704684, 4184.531111111111
516.5582696431964, 4184.531111111111
514.4040766704684, 23126.573333333334
514.4040766704684, 6684.570000000001
516.1275347159767, 17529.398888888885
514.8350188912955, 8769.553888888888
515.6967479345718, 23519.783333333333
511.81733684975023, 711.1761111111109
516.1275347159767, 20073.12777777778
514.8350188912955, 16155.591111111109
468.4346750352282, 44248.26111111111
518.2806903997824, 31180.096666666668
515.2659093195042, 16359.477777777776
514.4040766704684, 10332.685000000001
468.8709908927178, 8055.950555555555
517.4195838529922, 24252.804444444446
516.9889526957089, 1883.5244444444447
515.6967479345718, 21728.493333333336
515.2659093195042, 22046.459444444445
516.5582696431964, 2381.105
516.5582696431964, 6655.4433333333345
516.1275347159767, 5674.845555555556
513.1109394574953, 1104.386111111111
515.2659093195042, 22832.879444444447
470.1796406794516, 26497.985
516.1275347159767, 25391.17166666667
468.8709908927178, 20308.568333333336
514.8350188912955, 30944.656111111108
517.4195838529922, 13085.154999999999
514.8350188912955, 3172.3794444444447
515.6967479345718, 19832.832777777778
515.2659093195042, 1495.168888888889
468.8709908927178, 6864.184444444443
517.4195838529922, 17745.42166666667
468.4346750352282, 17029.39111111111
516.5582696431964, 15735.681666666665
515.2659093195042, 7903.035555555554
517.4195838529922, 662.6316666666667
467.9983095809864, 6822.921666666665
515.6967479345718, 24815.920000000002
514.8350188912955, 7320.502222222222
515.2659093195042, 16645.890000000003
516.1275347159767, 23643.571666666663
513.1109394574953, 16160.445555555554
514.4040766704684, 10619.097222222223
514.4040766704684, 21760.047222222223
515.6967479345718, 13832.739444444445
516.1275347159767, 13883.71111111111
514.4040766704684, 1567.985555555556
517.4195838529922, 12975.93
516.1275347159767, 9264.707222222221
468.8709908927178, 7024.38111111111
515.6967479345718, 23760.078333333335
470.1796406794516, 35032.098333333335
515.6967479345718, 22044.032222222224
470.6157579447109, 29381.525
516.1275347159767, 27247.996666666666
470.1796406794516, 7072.925555555556
516.9889526957089, 6002.520555555555
514.8350188912955, 12335.143333333333
516.5582696431964, 6487.965
516.5582696431964, 44818.65833333333
513.9730826775443, 19036.70388888889
514.8350188912955, 18764.855
515.6967479345718, 14924.989444444445
513.1109394574953, 5417.56
466.6889158429684, 6121.4544444444455
520.0022798476382, 14165.268888888888
517.4195838529922, 3123.8349999999996
515.6967479345718, 7480.698888888888
470.1796406794516, 26323.225
516.1275347159767, 16563.364444444444
467.9983095809864, 11893.38888888889
515.6967479345718, 20400.80277777778
515.6967479345718, 23150.845555555556
515.6967479345718, 23024.63
514.8350188912955, 11007.452777777777
513.1109394574953, 2310.7155555555555
515.2659093195042, 15594.902777777776
516.1275347159767, 1354.3900000000003
517.8501630945242, 1196.6205555555553
514.8350188912955, 15636.165555555555
516.5582696431964, 10398.220000000001
471.4878433566188, 21153.241666666665
514.4040766704684, 18412.90777777778
514.4040766704684, 1572.8400000000001
514.8350188912955, 16616.763333333332
516.5582696431964, 3060.7272222222223
514.4040766704684, 9038.975555555557
465.8157390767672, 51957.11888888889
517.4195838529922, 30510.183333333338
470.1796406794516, 43454.55944444444
516.5582696431964, 25932.44222222222
514.8350188912955, 1662.647222222222
468.4346750352282, 5072.894444444444
515.6967479345718, 7577.787777777778
514.8350188912955, 3342.285
514.4040766704684, 6978.26388888889
516.9889526957089, 16366.759444444442
514.4040766704684, 16784.24166666667
516.9889526957089, 2796.1600000000003
468.4346750352282, 3786.4666666666653
518.2806903997824, 4216.085
469.30725713293293, 31658.259444444448
519.1415891193901, 13614.289444444446
470.1796406794516, 36420.46944444445
516.1275347159767, 25854.771111111113
514.8350188912955, 11041.433888888889
515.6967479345718, 14716.248333333331
513.1109394574953, 686.9038888888886
514.8350188912955, 6507.382777777778
468.8709908927178, 9454.030555555557
515.6967479345718, 18658.05722222222
517.4195838529922, 14068.179999999998
513.9730826775443, 23944.547222222223
515.6967479345718, 18590.095
515.2659093195042, 4359.291111111112
514.8350188912955, 22264.90944444444
513.1109394574953, 623.7961111111108
517.4195838529922, 623.7961111111108
514.8350188912955, 15184.702222222222
516.5582696431964, 19359.524444444443
514.4040766704684, 19597.392222222225
517.4195838529922, 30308.723888888893
515.2659093195042, 31090.289444444443
517.4195838529922, 6847.193888888889
516.5582696431964, 7757.402222222223
513.5420369330461, 16012.384999999998
513.9730826775443, 11716.201666666668
515.2659093195042, 1245.1650000000004
517.4195838529922, 5359.3066666666655
515.6967479345718, 4021.9072222222217
515.2659093195042, 2373.8233333333333
515.2659093195042, 16694.434444444447
515.2659093195042, 7944.298333333332
467.9983095809864, 9145.773333333334
517.4195838529922, 5165.1288888888885
514.8350188912955, 2118.965
516.1275347159767, 18577.95888888889
514.8350188912955, 514.5711111111109
516.5582696431964, 18349.8
470.1796406794516, 43726.40833333333
516.5582696431964, 22226.073888888888
470.1796406794516, 47362.38722222222
517.4195838529922, 22160.53888888889
469.30725713293293, 50141.55666666667
516.9889526957089, 21912.962222222224
514.8350188912955, 4383.5633333333335
517.4195838529922, 1092.25
512.6797902714144, 10985.60777777778
516.5582696431964, 22551.321666666667
513.1109394574953, 2983.056111111111
518.2806903997824, 1070.4049999999997
513.9730826775443, 10784.148333333334
514.8350188912955, 20900.810555555556
515.6967479345718, 14289.05722222222
516.5582696431964, 10830.265555555556
515.6967479345718, 3555.880555555555
470.6157579447109, 41939.97277777778
516.5582696431964, 14104.588333333335
519.1415891193901, 543.6977777777779
515.6967479345718, 21726.06611111111
515.2659093195042, 20296.432222222225
515.6967479345718, 18810.972222222223
517.4195838529922, 628.6505555555555
515.6967479345718, 16713.852222222224
514.8350188912955, 1351.9627777777778
512.6797902714144, 580.1061111111112
510.9546768322305, 813.1194444444445
516.1275347159767, 813.1194444444445
519.1415891193901, 813.1194444444445
515.6967479345718, 19092.530000000002
470.1796406794516, 44100.20055555556
517.4195838529922, 19614.38277777778
471.4878433566188, 14912.853333333333
517.4195838529922, 7572.9333333333325
515.2659093195042, 22578.021111111113
515.6967479345718, 21463.926111111112
517.4195838529922, 1427.2066666666665
516.1275347159767, 6220.970555555556
515.6967479345718, 7752.547777777778
515.6967479345718, 4206.376111111111
516.5582696431964, 22519.767777777775
516.5582696431964, 7558.370000000001
514.8350188912955, 2538.8744444444446
514.8350188912955, 2320.424444444445
515.6967479345718, 9043.83
516.1275347159767, 15983.258333333333
515.6967479345718, 18243.002222222225
471.4878433566188, 44813.803888888884
516.1275347159767, 19597.392222222225
517.4195838529922, 4143.268333333333
514.4040766704684, 810.6922222222224
513.9730826775443, 17789.111666666668
519.1415891193901, 1233.028888888889
514.4040766704684, 19667.781666666666
515.6967479345718, 22488.21388888889
513.9730826775443, 10735.603888888889
513.1109394574953, 541.2705555555553
514.8350188912955, 10228.314444444444
514.8350188912955, 6805.931111111112
515.6967479345718, 17808.529444444444
514.8350188912955, 21022.171666666665
515.6967479345718, 20417.793333333335
514.8350188912955, 14937.125555555554
516.1275347159767, 5805.915555555555
517.4195838529922, 1004.8699999999999
514.8350188912955, 9034.121111111112
514.8350188912955, 4589.877222222222
514.8350188912955, 15937.141111111112
516.1275347159767, 22633.84722222222
514.8350188912955, 1213.6111111111113
516.9889526957089, 9517.138333333332
515.6967479345718, 12696.799444444443
516.1275347159767, 4478.225
512.6797902714144, 546.125
467.9983095809864, 19575.54722222222
519.1415891193901, 8456.442222222224
516.1275347159767, 17279.394999999997
515.6967479345718, 31767.484444444446
514.8350188912955, 1033.996666666667
516.1275347159767, 7502.543888888889
514.8350188912955, 31590.297222222223
515.2659093195042, 11917.66111111111
470.1796406794516, 29820.852222222224
516.5582696431964, 25478.551666666666
468.8709908927178, 40886.558333333334
515.6967479345718, 30388.822222222225
468.8709908927178, 19546.420555555553
515.6967479345718, 31580.588333333333
470.6157579447109, 16781.814444444444
515.6967479345718, 20461.483333333334
468.4346750352282, 42641.44
517.4195838529922, 15461.405555555555
516.1275347159767, 4070.451666666667
515.6967479345718, 17718.722222222223
516.1275347159767, 21604.705
471.4878433566188, 26684.88111111111
516.9889526957089, 18626.503333333334
467.9983095809864, 3679.6688888888893
517.4195838529922, 3419.956111111111
516.1275347159767, 1643.2294444444442
470.1796406794516, 17878.91888888889
514.8350188912955, 23806.195555555554
469.30725713293293, 46988.595
516.5582696431964, 28425.199444444443
470.1796406794516, 22908.123333333337
515.6967479345718, 25180.003333333334
467.9983095809864, 10196.760555555556
517.4195838529922, 10298.70388888889
515.6967479345718, 14039.053333333331
515.6967479345718, 31354.856666666667
514.4040766704684, 3208.7877777777776
514.8350188912955, 8587.512222222223
513.9730826775443, 20803.721666666668
514.4040766704684, 21665.385555555556
516.1275347159767, 21155.66888888889
514.8350188912955, 2968.4927777777775
513.1109394574953, 1029.1422222222222
517.4195838529922, 14298.76611111111
469.30725713293293, 40219.072222222225
517.4195838529922, 20929.937222222223
513.9730826775443, 6665.152222222223
514.8350188912955, 2398.0955555555556
514.4040766704684, 18585.240555555556
514.4040766704684, 18580.38611111111
514.8350188912955, 2446.6400000000003
516.9889526957089, 17626.48777777778
516.1275347159767, 11138.522777777778
516.1275347159767, 16772.105555555558
515.6967479345718, 31820.88333333333
516.1275347159767, 21340.137777777774
517.4195838529922, 28658.21277777778
514.8350188912955, 9009.84888888889
517.4195838529922, 5699.1177777777775
514.8350188912955, 929.6261111111112
515.6967479345718, 21306.15666666667
470.1796406794516, 16871.621666666666
515.6967479345718, 23840.176666666666
515.2659093195042, 3784.039444444444
517.4195838529922, 32124.28611111111
515.2659093195042, 22167.820555555558
517.4195838529922, 18196.885000000002
517.4195838529922, 25240.68388888889
514.8350188912955, 12573.011111111111
516.9889526957089, 6774.3772222222215
514.4040766704684, 27391.20277777778
517.4195838529922, 9861.803888888888
516.5582696431964, 26852.359444444442
515.6967479345718, 10599.679444444444
468.4346750352282, 7182.150555555554
518.7111657482452, 4793.763888888889
517.4195838529922, 4451.525555555556
515.6967479345718, 21908.10777777778
470.1796406794516, 46129.35833333334
516.5582696431964, 28556.269444444442
514.8350188912955, 5201.537222222222
516.1275347159767, 14361.87388888889
468.4346750352282, 15128.87611111111
516.1275347159767, 21352.273888888885
515.2659093195042, 1490.3144444444447
468.8709908927178, 33578.19222222222
515.2659093195042, 22616.856666666667
513.9730826775443, 1611.675555555556
515.6967479345718, 30155.80888888889
515.6967479345718, 31408.25555555556
468.8709908927178, 15063.341111111113
516.5582696431964, 35158.313888888886
471.4878433566188, 17502.699444444443
516.9889526957089, 20798.867222222223
514.8350188912955, 1296.1366666666663
515.6967479345718, 18667.766111111112
514.4040766704684, 4097.151111111111
516.1275347159767, 7400.600555555555
517.4195838529922, 4902.988888888889
513.1109394574953, 2694.2166666666662
515.2659093195042, 20672.65166666667
515.6967479345718, 16073.065555555555
515.2659093195042, 771.8566666666666
515.6967479345718, 28262.575555555555
516.1275347159767, 12847.287222222221
516.5582696431964, 11174.931111111111
514.8350188912955, 7667.595
516.1275347159767, 14917.70777777778
515.2659093195042, 791.2744444444443
513.9730826775443, 8337.508333333333
515.2659093195042, 970.8888888888891
516.5582696431964, 15361.889444444447
514.8350188912955, 10599.679444444446
515.6967479345718, 28825.69111111111
518.2806903997824, 764.5749999999998
515.6967479345718, 10461.327777777777
519.5719604926952, 2558.292222222222
515.6967479345718, 48095.40833333333
516.9889526957089, 1072.8322222222218
517.4195838529922, 23621.72666666667
517.4195838529922, 30820.86777777778
513.1109394574953, 638.3594444444443
519.1415891193901, 1633.5205555555558
515.6967479345718, 32835.462222222224
515.6967479345718, 54022.685
517.4195838529922, 55003.28277777778
515.6967479345718, 20558.572222222225
515.2659093195042, 52867.32722222222
516.9889526957089, 53932.87777777778
517.4195838529922, 49447.37111111111
517.4195838529922, 13784.194999999998
515.2659093195042, 2211.199444444445
516.1275347159767, 51260.506111111106
515.2659093195042, 38274.86722222222
516.5582696431964, 54821.24111111111
516.1275347159767, 35721.429444444446
516.1275347159767, 38600.115
515.6967479345718, 35002.971666666665
514.8350188912955, 38357.39277777778
515.6967479345718, 31932.535555555558
515.6967479345718, 46117.222222222226
517.4195838529922, 54750.85166666666
518.2806903997824, 35235.985
514.8350188912955, 12488.058333333334
519.1415891193901, 672.3405555555555
514.4040766704684, 1041.2783333333332
515.6967479345718, 52947.42555555556
514.4040766704684, 12162.810555555556
517.4195838529922, 3084.999444444444
515.6967479345718, 23808.62277777778
515.6967479345718, 4002.489444444444
515.6967479345718, 26854.786666666667
515.6967479345718, 45287.112222222226
514.4040766704684, 1628.6661111111107
517.4195838529922, 17546.389444444445
515.2659093195042, 41867.15611111111
516.5582696431964, 27731.013888888887
515.6967479345718, 12092.42111111111
517.4195838529922, 5720.962777777777
515.6967479345718, 29532.012777777778
517.4195838529922, 3623.8427777777774
518.7111657482452, 7968.570555555555
515.6967479345718, 39973.92277777778
514.8350188912955, 2186.9272222222226
514.8350188912955, 35517.54277777778
517.4195838529922, 41711.813888888886
516.5582696431964, 42500.66111111111
516.5582696431964, 31012.618333333332
515.2659093195042, 18480.870000000003
514.4040766704684, 4240.357222222222
514.4040766704684, 3024.318888888889
515.6967479345718, 9288.979444444443
516.1275347159767, 3267.0411111111107
515.2659093195042, 12827.869444444445
515.6967479345718, 44296.805555555555
514.8350188912955, 11039.006666666668
515.6967479345718, 41838.029444444444
517.4195838529922, 12500.194444444443
516.9889526957089, 45743.43
516.5582696431964, 19573.12
470.1796406794516, 20044.00111111111
516.9889526957089, 24934.85388888889
516.1275347159767, 23449.393888888888
514.8350188912955, 4390.845
516.5582696431964, 42794.354999999996
516.5582696431964, 2361.6872222222223
517.4195838529922, 2359.2599999999998
516.5582696431964, 32711.673888888887
517.4195838529922, 24828.056111111113
517.4195838529922, 45063.80777777777
517.4195838529922, 48279.87722222222
517.4195838529922, 7944.298333333332
517.4195838529922, 35034.525555555556
514.8350188912955, 3720.9316666666664
516.1275347159767, 46357.51722222222
516.5582696431964, 17658.041666666664
517.4195838529922, 32857.30722222222
517.4195838529922, 895.645
468.8709908927178, 12133.683888888889
515.6967479345718, 24323.19388888889
517.4195838529922, 747.5844444444442
513.1109394574953, 750.0116666666663
514.8350188912955, 2082.5566666666664
514.8350188912955, 11740.47388888889
523.8728098296876, 703.8944444444442
513.1109394574953, 810.692222222222
516.1275347159767, 2490.33
515.6967479345718, 25728.55555555556
515.6967479345718, 32150.985555555555
516.5582696431964, 2298.579444444444
513.1109394574953, 2339.8422222222225
513.1109394574953, 5026.777222222222
517.4195838529922, 41850.165555555555
515.6967479345718, 18429.898333333334
517.4195838529922, 951.471111111111
515.6967479345718, 43796.79777777778
516.5582696431964, 43233.68222222222
516.1275347159767, 5468.531666666666
517.8501630945242, 24046.490555555556
467.9983095809864, 22789.189444444444
514.8350188912955, 19798.851666666666
515.2659093195042, 18912.915555555555
514.8350188912955, 43512.81277777778
517.4195838529922, 9662.771666666666
517.4195838529922, 4798.618333333334
515.6967479345718, 26405.750555555558
514.8350188912955, 22029.46888888889
514.4040766704684, 15196.838333333333
515.6967479345718, 3614.133888888889
517.4195838529922, 3487.9183333333335
515.6967479345718, 19590.110555555555
513.1109394574953, 781.5655555555554
517.4195838529922, 781.5655555555554
512.6797902714144, 512.1438888888888
516.1275347159767, 7339.92
515.6967479345718, 19650.791111111113
470.1796406794516, 20670.224444444444
516.5582696431964, 27160.616666666665
515.2659093195042, 737.8755555555558
515.6967479345718, 43143.875
513.1109394574953, 1111.6677777777777
515.6967479345718, 20107.10888888889
516.1275347159767, 16793.95055555556
515.2659093195042, 1701.4827777777778
517.4195838529922, 706.3216666666667
515.6967479345718, 10262.295555555555
514.8350188912955, 4184.531111111111
513.1109394574953, 881.0816666666665
516.5582696431964, 33017.50388888889
516.5582696431964, 38823.419444444444
515.6967479345718, 43090.476111111115
517.4195838529922, 2463.630555555555
515.6967479345718, 31694.66777777778
515.2659093195042, 548.5522222222221
518.2806903997824, 669.9133333333334
513.1109394574953, 631.0777777777776
515.6967479345718, 9461.312222222221
515.2659093195042, 15861.89722222222
511.81733684975023, 1201.4750000000004
515.2659093195042, 502.43499999999995
523.8728098296876, 502.43499999999995
464.0687920251067, 764.5749999999989
516.9889526957089, 5026.777222222223
517.4195838529922, 1101.9588888888889
515.6967479345718, 22065.877222222225
517.4195838529922, 866.5183333333334
467.9983095809864, 21281.884444444444
517.4195838529922, 20633.81611111111
470.1796406794516, 30112.118888888886
516.9889526957089, 29614.538333333334
516.1275347159767, 20866.829444444447
515.2659093195042, 3395.683888888889
516.9889526957089, 10201.615
514.4040766704684, 1669.9288888888887
515.2659093195042, 25216.411666666667
519.1415891193901, 1618.9572222222223
517.4195838529922, 1012.1516666666666
514.4040766704684, 21820.727777777778
470.1796406794516, 4585.022777777778
515.6967479345718, 12111.838888888888
516.1275347159767, 10543.853333333333
517.4195838529922, 742.73
514.4040766704684, 19560.983888888888
514.4040766704684, 10369.093333333334
514.4040766704684, 1172.3483333333334
516.1275347159767, 25466.415555555555
514.8350188912955, 8420.033888888887
516.9889526957089, 21065.861666666668
514.8350188912955, 2805.868888888889
517.8501630945242, 10488.027222222223
516.1275347159767, 970.8888888888887
514.8350188912955, 3109.2716666666665
516.1275347159767, 13029.32888888889
514.8350188912955, 3458.791666666667
515.6967479345718, 25216.411666666667
516.9889526957089, 3111.6988888888886
515.2659093195042, 13662.833888888888
515.6967479345718, 26697.017222222225
516.1275347159767, 29116.95777777778
516.9889526957089, 11058.424444444443
516.5582696431964, 25609.621666666666
470.1796406794516, 26852.359444444446
516.9889526957089, 32847.598333333335
470.1796406794516, 23194.535555555558
517.8501630945242, 13971.091111111113
517.4195838529922, 8514.695555555554
515.2659093195042, 10820.556666666665
516.5582696431964, 12136.111111111111
516.5582696431964, 20878.965555555555
515.6967479345718, 15871.60611111111
516.1275347159767, 1169.9211111111108
516.5582696431964, 29573.275555555556
514.8350188912955, 509.7166666666667
516.9889526957089, 10517.153888888888
515.2659093195042, 11864.262222222222
466.6889158429684, 51760.51388888889
515.6967479345718, 26155.74666666667
470.1796406794516, 29170.356666666667
517.4195838529922, 17624.060555555556
516.1275347159767, 8121.485555555555
515.6967479345718, 13611.86222222222
517.4195838529922, 2189.3544444444447
467.9983095809864, 4837.453888888889
516.5582696431964, 19160.49222222222
470.1796406794516, 48129.389444444445
518.2806903997824, 18747.864444444444
517.4195838529922, 3599.5705555555555
511.81733684975023, 1509.732222222222
515.6967479345718, 28381.509444444444
519.1415891193901, 599.5238888888889
517.4195838529922, 5968.539444444445
466.6889158429684, 1349.5355555555561
517.4195838529922, 7293.802777777777
516.5582696431964, 1779.1538888888886
516.1275347159767, 5878.732222222223
516.5582696431964, 24471.254444444443
515.6967479345718, 17216.287222222225
515.6967479345718, 27456.73777777778
516.1275347159767, 17830.374444444446
514.4040766704684, 27415.475000000002
467.9983095809864, 10235.59611111111
517.4195838529922, 8133.621666666666
470.1796406794516, 22102.285555555558
516.5582696431964, 10009.864444444445
517.4195838529922, 17420.17388888889
515.6967479345718, 8927.323333333332
518.2806903997824, 9672.480555555554
467.5618945505144, 10844.828888888887
515.6967479345718, 6470.974444444444
517.4195838529922, 6470.974444444444
514.8350188912955, 854.382222222222
515.6967479345718, 29415.506111111114
514.8350188912955, 29092.685555555556
514.8350188912955, 1308.2727777777782
513.1109394574953, 16437.14888888889
469.30725713293293, 33017.50388888889
514.8350188912955, 27109.645
470.1796406794516, 21342.565000000002
513.1109394574953, 18014.84333333333
516.1275347159767, 5400.569444444445
515.6967479345718, 13849.729999999998
519.1415891193901, 1648.0838888888893
515.2659093195042, 679.6222222222223
514.8350188912955, 4257.347777777778
516.1275347159767, 2929.657222222222
514.4040766704684, 5679.7
515.2659093195042, 563.1155555555556
516.9889526957089, 15575.484999999999
515.6967479345718, 27633.925000000003
514.8350188912955, 27694.605555555554
467.5618945505144, 4473.370555555555
517.4195838529922, 2915.093888888889
470.1796406794516, 19029.422222222223
514.8350188912955, 12888.55
515.2659093195042, 17786.684444444447
517.4195838529922, 15204.12
468.8709908927178, 12728.353333333333
516.1275347159767, 20437.211111111108
514.4040766704684, 10378.80222222222
514.8350188912955, 25624.184999999998
514.8350188912955, 24320.766666666666
513.9730826775443, 21177.51388888889
515.6967479345718, 21177.51388888889
514.8350188912955, 24104.743888888886
467.9983095809864, 2990.3377777777787
515.6967479345718, 26131.474444444444
468.4346750352282, 31255.34055555556
515.2659093195042, 28760.15611111111
514.4040766704684, 16313.360555555555
515.2659093195042, 5643.291666666666
515.6967479345718, 20471.192222222224
514.8350188912955, 1512.1594444444445
515.6967479345718, 5509.794444444444
516.1275347159767, 2121.392222222222
515.6967479345718, 12434.659444444444
517.4195838529922, 8932.177777777777
513.1109394574953, 6541.363888888888
513.5420369330461, 1817.9894444444444
517.4195838529922, 672.3405555555555
514.8350188912955, 1274.291666666667
516.5582696431964, 10097.244444444445
515.2659093195042, 7818.082777777778
467.9983095809864, 7267.103333333333
515.2659093195042, 3900.5461111111113
517.4195838529922, 1871.3883333333329
468.8709908927178, 23811.050000000003
516.9889526957089, 19330.39777777778
470.1796406794516, 11580.277222222221
515.6967479345718, 13582.735555555553
470.1796406794516, 37092.81
516.9889526957089, 22192.09277777778
469.30725713293293, 42801.636666666665
516.5582696431964, 22624.138333333332
470.1796406794516, 42595.32277777778
517.4195838529922, 20451.774444444447
518.2806903997824, 3876.273888888889
514.8350188912955, 5386.006111111111
516.1275347159767, 7410.309444444445
514.8350188912955, 740.3027777777779
514.8350188912955, 1259.7283333333335
516.1275347159767, 3284.0316666666668
470.1796406794516, 20199.343333333338
515.2659093195042, 20898.383333333335
515.6967479345718, 813.1194444444445
514.8350188912955, 4264.629444444445
515.6967479345718, 9990.446666666667
513.1109394574953, 1565.5583333333334
515.6967479345718, 19269.717222222225
515.2659093195042, 572.8244444444445
515.6967479345718, 9041.402777777777
517.4195838529922, 32085.450555555555
517.4195838529922, 33044.20333333333
514.8350188912955, 7538.952222222223
517.4195838529922, 10444.337222222222
517.4195838529922, 2211.199444444444
515.2659093195042, 32308.755
467.9983095809864, 31694.667777777777
518.2806903997824, 22371.70722222222
516.5582696431964, 19871.66833333333
517.4195838529922, 7148.169444444444
515.6967479345718, 5208.818888888889
515.2659093195042, 29269.87277777778
514.8350188912955, 21308.583888888887
515.6967479345718, 27832.957222222223
513.9730826775443, 26565.94722222222
516.5582696431964, 29065.98611111111
514.8350188912955, 28898.507777777777
515.6967479345718, 24230.959444444445
515.6967479345718, 17636.196666666667
513.1109394574953, 1075.2594444444444
516.1275347159767, 11427.362222222222
515.6967479345718, 16653.17166666667
514.8350188912955, 13665.261111111111
514.8350188912955, 19177.482777777775
517.4195838529922, 7650.604444444443
514.4040766704684, 18898.352222222224
515.6967479345718, 11296.292222222222
514.8350188912955, 17633.769444444442
513.5420369330461, 18728.446666666667
514.8350188912955, 16978.419444444444
517.4195838529922, 18988.159444444445
519.1415891193901, 3186.9427777777773
470.1796406794516, 26650.9
516.5582696431964, 14728.384444444446
470.1796406794516, 34522.38166666667
516.5582696431964, 23279.48833333333
468.4346750352282, 51182.835
516.9889526957089, 18051.251666666667
514.8350188912955, 820.4011111111113
469.7434737353516, 22983.36722222222
518.2806903997824, 17454.155
516.1275347159767, 19553.702222222222
515.2659093195042, 17764.839444444446
471.4878433566188, 14946.834444444445
516.9889526957089, 19284.280555555557
470.1796406794516, 8444.306111111111
516.1275347159767, 18827.96277777778
470.1796406794516, 41743.36777777778
515.6967479345718, 24255.231666666667
471.4878433566188, 34609.76166666667
514.8350188912955, 23507.647222222222
517.4195838529922, 781.5655555555554
515.6967479345718, 1002.4427777777778
515.2659093195042, 1300.991111111111
515.2659093195042, 17036.672777777778
470.1796406794516, 48173.07944444445
514.8350188912955, 23599.881666666664
470.1796406794516, 41828.320555555554
515.6967479345718, 21167.805
513.1109394574953, 9048.684444444443
515.6967479345718, 24221.250555555558
514.4040766704684, 1296.1366666666663
517.4195838529922, 24519.79888888889
514.4040766704684, 9145.773333333334
515.6967479345718, 12274.462777777777
517.4195838529922, 12274.462777777777
516.1275347159767, 2708.7799999999997
515.6967479345718, 12529.32111111111
516.1275347159767, 3101.99
516.1275347159767, 25609.621666666666
516.5582696431964, 2250.0350000000003
514.8350188912955, 502.43499999999995
516.1275347159767, 17303.66722222222
517.4195838529922, 11017.161666666667
512.6797902714144, 2274.3072222222227
515.6967479345718, 28301.411111111112
514.4040766704684, 18459.025
514.8350188912955, 19352.242777777778
515.6967479345718, 10917.645555555555
516.1275347159767, 5893.295555555556
514.8350188912955, 17983.289444444443
513.1109394574953, 5354.452222222221
515.6967479345718, 16162.872777777777
517.4195838529922, 18895.925000000003
471.4878433566188, 19184.76444444444
517.8501630945242, 20997.899444444447
470.1796406794516, 9034.12111111111
514.8350188912955, 19439.62277777778
470.1796406794516, 35959.29722222222
516.1275347159767, 21895.971666666665
470.1796406794516, 36769.98944444444
516.1275347159767, 21201.786111111112
514.4040766704684, 7538.952222222223
516.1275347159767, 2466.057777777778
516.1275347159767, 4932.115555555555
515.6967479345718, 20728.477777777778
516.1275347159767, 23362.01388888889
517.4195838529922, 1885.9516666666664
517.4195838529922, 15791.507777777779
514.8350188912955, 17281.82222222222
516.5582696431964, 14891.008333333333
514.8350188912955, 16026.948333333334
514.8350188912955, 22988.221666666665
514.8350188912955, 23388.713333333333
517.4195838529922, 22976.085555555557
469.30725713293293, 39966.641111111116
515.6967479345718, 26480.994444444445
467.9983095809864, 3145.6800000000003
516.5582696431964, 24107.17111111111
514.8350188912955, 5546.202777777778
515.6967479345718, 24769.80277777778
514.4040766704684, 7640.895555555556
515.2659093195042, 4347.155000000001
515.6967479345718, 35983.569444444445
514.4040766704684, 623.7961111111113
514.8350188912955, 33893.73111111111
515.6967479345718, 36553.96666666667
516.1275347159767, 21296.44777777778
513.1109394574953, 2529.1655555555553
516.1275347159767, 11441.925555555556
514.4040766704684, 1735.4638888888885
516.1275347159767, 27840.23888888889
515.6967479345718, 14026.91722222222
516.1275347159767, 35706.86611111111
516.9889526957089, 34607.334444444445
516.1275347159767, 11708.92
517.4195838529922, 14655.567777777776
515.6967479345718, 37384.07666666667
515.2659093195042, 7458.853888888889
467.9983095809864, 5126.293333333335
516.1275347159767, 29704.345555555556
515.6967479345718, 4793.763888888889
516.9889526957089, 12662.818333333333
515.6967479345718, 15789.080555555554
517.4195838529922, 968.4616666666666
514.4040766704684, 15252.664444444446
516.1275347159767, 4111.714444444445
516.1275347159767, 7827.791666666666
516.5582696431964, 21211.495
516.1275347159767, 19781.86111111111
516.5582696431964, 10274.431666666667
515.6967479345718, 17713.867777777778
516.1275347159767, 17735.71277777778
515.6967479345718, 2359.2599999999998
515.6967479345718, 21303.729444444445
517.4195838529922, 2196.6361111111114
515.6967479345718, 10262.295555555555
514.8350188912955, 3844.7200000000003
515.2659093195042, 19432.341111111113
513.5420369330461, 19645.93666666667
516.1275347159767, 13808.467222222223
514.4040766704684, 21369.264444444445
513.1109394574953, 854.382222222222
516.5582696431964, 12798.742777777778
514.4040766704684, 22320.735555555555
513.5420369330461, 2718.488888888889
517.4195838529922, 2252.462222222222
470.6157579447109, 19243.01777777778
515.6967479345718, 20946.92777777778
515.6967479345718, 35600.068333333336
514.8350188912955, 4737.937777777778
517.4195838529922, 17446.873333333333
515.6967479345718, 54022.685
514.8350188912955, 788.8472222222222
515.6967479345718, 23002.785
514.4040766704684, 4267.056666666666
516.1275347159767, 23696.970555555556
514.8350188912955, 4504.924444444445
470.1796406794516, 15708.982222222223
518.7111657482452, 8335.08111111111
514.4040766704684, 5174.837777777778
514.8350188912955, 18908.06111111111
515.6967479345718, 703.8944444444442
513.5420369330461, 11803.581666666667
515.6967479345718, 20594.980555555558
515.6967479345718, 25017.379444444447
517.4195838529922, 25845.062222222223
516.1275347159767, 17726.00388888889
514.8350188912955, 10483.172777777778
516.5582696431964, 19041.55833333333
514.8350188912955, 20772.167777777777
515.6967479345718, 20056.137222222223
515.6967479345718, 12636.118888888888
516.1275347159767, 10551.135
516.5582696431964, 6230.679444444446
514.4040766704684, 8405.470555555556
513.9730826775443, 18728.446666666667
516.1275347159767, 16774.53277777778
513.9730826775443, 18543.977777777778
514.4040766704684, 15745.390555555558
517.4195838529922, 6097.182222222222
517.4195838529922, 1754.8816666666667
469.30725713293293, 35078.21555555556
516.5582696431964, 23082.88333333333
467.9983095809864, 49401.253888888896
516.1275347159767, 19806.13333333333
514.8350188912955, 2293.7250000000004
516.1275347159767, 9604.518333333333
516.1275347159767, 18041.54277777778
514.8350188912955, 17451.727777777778
516.1275347159767, 18211.448333333334
516.1275347159767, 12441.941111111111
517.4195838529922, 1567.9855555555555
515.6967479345718, 11349.691111111111
514.8350188912955, 898.0722222222221
514.8350188912955, 17490.56333333333
517.4195838529922, 10466.182222222222
515.2659093195042, 13223.506666666666
517.4195838529922, 19560.98388888889
465.3790764729762, 1805.8533333333326
516.9889526957089, 9092.374444444444
513.9730826775443, 16167.727222222224
514.4040766704684, 19216.318333333333
515.6967479345718, 18286.692222222224
514.8350188912955, 5034.058888888889
517.4195838529922, 8043.814444444444
516.9889526957089, 13983.227222222222
511.81733684975023, 5407.851111111112
516.5582696431964, 15495.386666666667
514.8350188912955, 589.815
515.6967479345718, 20439.638333333336
516.9889526957089, 5830.187777777777
516.1275347159767, 3796.1755555555555
516.9889526957089, 21527.03388888889
510.0918103830321, 706.3216666666667
516.1275347159767, 2555.865
515.2659093195042, 19053.694444444445
515.6967479345718, 11177.358333333334
513.1109394574953, 14769.647222222222
515.6967479345718, 25024.661111111112
516.5582696431964, 14691.976111111113
515.6967479345718, 17888.62777777778
516.1275347159767, 24340.184444444443
514.4040766704684, 9308.397222222222
515.2659093195042, 11645.812222222221
514.8350188912955, 919.9172222222223
516.1275347159767, 919.9172222222223
516.5582696431964, 21226.05833333333
513.1109394574953, 4922.406666666667
514.4040766704684, 3099.562777777778
515.2659093195042, 25925.160555555558
514.4040766704684, 21920.24388888889
515.6967479345718, 34583.06222222222
516.9889526957089, 15216.256111111112
514.4040766704684, 27794.121666666666
514.8350188912955, 9500.147777777776
511.3860326552112, 689.3311111111111
515.2659093195042, 689.3311111111111
514.8350188912955, 2148.0916666666662
515.6967479345718, 25257.674444444445
516.1275347159767, 961.1799999999998
516.1275347159767, 2813.150555555556
516.1275347159767, 19653.21833333333
515.6967479345718, 19335.252222222225
514.8350188912955, 16221.126111111109
515.2659093195042, 1305.8455555555552
515.6967479345718, 14864.308888888887
513.9730826775443, 12954.085000000001
514.8350188912955, 23968.819444444445
514.4040766704684, 4987.941666666667
513.1109394574953, 1820.416666666666
515.6967479345718, 16692.007222222222
517.4195838529922, 20289.150555555556
517.4195838529922, 1208.7566666666667
518.2806903997824, 1310.6999999999998
516.1275347159767, 11735.619444444445
516.1275347159767, 3927.2455555555553
515.2659093195042, 27490.71888888889
516.1275347159767, 10094.817222222222
519.1415891193901, 606.8055555555557
517.4195838529922, 1754.8816666666667
514.8350188912955, 815.5466666666666
514.8350188912955, 32871.87055555556
515.6967479345718, 13704.096666666666
516.5582696431964, 33010.22222222222
516.5582696431964, 12422.523333333334
514.8350188912955, 980.597777777778
515.2659093195042, 21332.856111111112
514.8350188912955, 26580.510555555553
514.4040766704684, 20148.371666666666
514.8350188912955, 25131.458888888887
513.5420369330461, 8740.427222222223
517.4195838529922, 5881.159444444444
514.8350188912955, 26153.319444444445
514.8350188912955, 2951.5022222222224
516.5582696431964, 22048.886666666665
514.8350188912955, 19340.106666666667
516.1275347159767, 25092.623333333337
517.4195838529922, 28029.562222222223
513.9730826775443, 22903.268888888888
515.6967479345718, 11349.691111111111
515.6967479345718, 30847.56722222222
516.5582696431964, 19704.19
516.5582696431964, 22478.504999999997
515.6967479345718, 10310.84
468.8709908927178, 38510.30777777778
516.1275347159767, 23298.906111111108
470.1796406794516, 45427.891111111116
516.9889526957089, 23740.660555555558
514.8350188912955, 5750.089444444445
518.7111657482452, 618.9416666666666
470.1796406794516, 41078.30888888889
517.4195838529922, 24619.315000000002
514.4040766704684, 1752.4544444444446
516.9889526957089, 19840.114444444447
514.8350188912955, 28789.28277777778
516.5582696431964, 33209.25444444444
514.8350188912955, 11390.95388888889
516.1275347159767, 1036.423888888889
514.8350188912955, 1167.4938888888892
515.6967479345718, 19150.783333333333
511.81733684975023, 1839.8344444444447
515.6967479345718, 4626.285555555556
514.8350188912955, 11026.870555555557
514.8350188912955, 5240.372777777778
516.1275347159767, 7784.101666666667
515.6967479345718, 19381.369444444445
517.4195838529922, 24005.227777777778
515.2659093195042, 23342.596111111114
515.6967479345718, 23468.81166666667
515.6967479345718, 13842.448333333332
515.2659093195042, 18187.176111111112
514.8350188912955, 18090.08722222222
514.8350188912955, 23599.881666666664
513.9730826775443, 13116.70888888889
515.2659093195042, 1186.9116666666664
514.8350188912955, 6097.182222222223
511.81733684975023, 944.1894444444442
513.1109394574953, 514.5711111111109
515.2659093195042, 3291.313333333333
514.8350188912955, 12359.415555555555
515.6967479345718, 19335.252222222225
516.1275347159767, 18412.90777777778
517.4195838529922, 3839.8655555555556
517.8501630945242, 11048.715555555555
514.8350188912955, 25027.088333333333
515.6967479345718, 6619.035
515.2659093195042, 2747.6155555555556
517.4195838529922, 1254.8738888888888
511.3860326552112, 1121.3766666666666
515.6967479345718, 15539.076666666666
516.5582696431964, 3638.406111111111
514.4040766704684, 512.1438888888888
516.9889526957089, 22786.762222222223
514.8350188912955, 12570.58388888889
467.9983095809864, 22065.87722222222
516.5582696431964, 12403.105555555556
470.1796406794516, 48078.41777777778
516.5582696431964, 25949.432777777776
513.1109394574953, 1395.6527777777774
515.2659093195042, 1788.8627777777779
516.5582696431964, 17354.638888888887
516.1275347159767, 34638.88833333333
515.6967479345718, 27328.095
514.8350188912955, 5640.864444444444
517.4195838529922, 11541.441666666666
516.1275347159767, 3135.971111111111
513.9730826775443, 18080.378333333334
515.6967479345718, 19459.040555555555
517.4195838529922, 2762.178888888889
514.4040766704684, 2555.865
513.9730826775443, 1271.8644444444449
468.8709908927178, 4225.793888888889
515.6967479345718, 24772.23
