
# Time of snapshot: 2021-03-24T19:08:35Eastern Standard Time
# Number of frames accumulated: 0
# 0.6 ul spacer oil 0.001 resorufin 20ng 0.004 oil
# Scan time per exposure [us]: 100000
 Wavelength [nm], Intensity [RFU]:
580.5694844900961, 3645.6877777777777
580.9921539235664, 3689.3777777777777
582.2598323006089, 3281.6044444444447
581.4147683834901, 3412.6744444444444
581.8373278493451, 3655.3966666666665
582.2598323006089, 3774.3305555555557
580.5694844900961, 3434.5194444444446
582.6822817167598, 3410.2472222222223
581.4147683834901, 3813.166111111111
580.5694844900961, 3827.7294444444447
581.8373278493451, 3827.7294444444447
582.2598323006089, 3881.1283333333336
581.8373278493451, 3822.875
581.8373278493451, 3830.1566666666668
582.6822817167598, 3767.048888888889
580.9921539235664, 3788.893888888889
580.9921539235664, 3786.4666666666667
581.4147683834901, 3781.612222222222
580.5694844900961, 3740.3494444444445
580.5694844900961, 3740.3494444444445
582.2598323006089, 3793.7483333333334
580.9921539235664, 3750.0583333333334
580.9921539235664, 3725.786111111111
582.2598323006089, 3754.9127777777776
581.4147683834901, 3762.1944444444443
582.2598323006089, 3762.1944444444443
582.6822817167598, 3737.9222222222224
581.8373278493451, 3784.0394444444446
581.8373278493451, 3835.011111111111
581.4147683834901, 3767.048888888889
581.8373278493451, 3810.738888888889
582.2598323006089, 3711.222777777778
580.9921539235664, 3764.6216666666664
580.5694844900961, 3725.786111111111
581.4147683834901, 3844.72
581.8373278493451, 3801.03
581.4147683834901, 3417.528888888889
581.4147683834901, 3754.9127777777776
579.7239807846037, 3509.7633333333333
581.4147683834901, 3801.03
581.4147683834901, 3815.5933333333332
581.8373278493451, 3798.6027777777776
581.4147683834901, 3667.532777777778
582.2598323006089, 3706.3683333333333
582.2598323006089, 3771.903333333333
581.4147683834901, 3458.7916666666665
580.9921539235664, 3786.4666666666667
581.8373278493451, 3745.2038888888887
582.6822817167598, 3706.3683333333333
581.4147683834901, 3805.8844444444444
580.5694844900961, 3713.65
581.8373278493451, 3713.65
583.1046760772754, 3842.2927777777777
582.2598323006089, 3788.893888888889
580.9921539235664, 3679.668888888889
582.2598323006089, 3728.213333333333
581.8373278493451, 3555.8805555555555
581.4147683834901, 3526.753888888889
581.8373278493451, 3500.0544444444445
581.8373278493451, 3473.355
581.8373278493451, 3495.2
581.4147683834901, 3315.5855555555554
582.2598323006089, 3478.2094444444447
581.8373278493451, 3456.3644444444444
580.146760103601, 3424.8105555555558
580.5694844900961, 3368.9844444444443
580.5694844900961, 3388.402222222222
581.4147683834901, 3441.801111111111
582.2598323006089, 3393.2566666666667
581.4147683834901, 4393.272222222222
582.2598323006089, 3936.9544444444446
581.8373278493451, 4218.512222222223
580.9921539235664, 3497.6272222222224
581.8373278493451, 3245.196111111111
581.4147683834901, 4825.317777777777
581.4147683834901, 4881.143888888889
580.9921539235664, 4716.092777777778
581.8373278493451, 4436.962222222222
581.8373278493451, 3225.778333333333
581.8373278493451, 4686.966111111111
581.8373278493451, 3757.34
581.8373278493451, 4364.145555555556
581.8373278493451, 4388.417777777778
581.8373278493451, 4434.535
583.1046760772754, 3711.222777777778
582.6822817167598, 4288.901666666667
581.4147683834901, 4322.882777777778
581.4147683834901, 4291.328888888889
581.4147683834901, 3412.6744444444444
581.8373278493451, 4303.465
580.9921539235664, 4267.056666666666
582.6822817167598, 4196.667222222222
580.5694844900961, 3900.5461111111113
580.5694844900961, 4208.803333333333
581.4147683834901, 4201.5216666666665
581.4147683834901, 3701.5138888888887
580.5694844900961, 3480.6366666666668
580.9921539235664, 4160.258888888889
581.4147683834901, 4177.249444444445
580.9921539235664, 4179.676666666666
580.9921539235664, 4123.850555555556
582.6822817167598, 4053.461111111111
580.9921539235664, 4116.568888888889
582.2598323006089, 4097.151111111111
580.5694844900961, 3614.133888888889
581.8373278493451, 4094.7238888888887
580.9921539235664, 4051.0338888888887
580.5694844900961, 3284.0316666666668
581.4147683834901, 4089.8694444444445
582.6822817167598, 3985.498888888889
580.5694844900961, 3956.3722222222223
580.146760103601, 4007.343888888889
582.6822817167598, 3983.0716666666667
582.2598323006089, 3963.653888888889
582.2598323006089, 3912.682222222222
581.8373278493451, 3774.3305555555557
581.4147683834901, 3919.963888888889
580.5694844900961, 3259.7594444444444
580.9921539235664, 3888.41
580.9921539235664, 3614.133888888889
582.6822817167598, 3852.0016666666666
581.8373278493451, 3900.5461111111113
580.5694844900961, 3830.1566666666668
581.4147683834901, 3820.447777777778
580.9921539235664, 3856.856111111111
580.9921539235664, 3803.4572222222223
581.8373278493451, 3837.4383333333335
581.4147683834901, 3832.583888888889
581.8373278493451, 3815.5933333333332
582.6822817167598, 3835.011111111111
581.4147683834901, 3791.321111111111
580.9921539235664, 3864.137777777778
581.4147683834901, 3839.8655555555556
581.8373278493451, 3825.302222222222
581.4147683834901, 3832.583888888889
581.4147683834901, 3808.3116666666665
581.4147683834901, 3774.3305555555557
581.4147683834901, 3827.7294444444447
582.2598323006089, 3781.612222222222
581.4147683834901, 3839.8655555555556
582.6822817167598, 3827.7294444444447
581.4147683834901, 3905.4005555555555
582.2598323006089, 3796.1755555555555
580.5694844900961, 3798.6027777777776
581.8373278493451, 3769.476111111111
580.5694844900961, 3711.222777777778
581.4147683834901, 3660.251111111111
581.8373278493451, 3737.9222222222224
582.6822817167598, 3801.03
580.9921539235664, 3723.358888888889
581.4147683834901, 3398.1111111111113
580.9921539235664, 3325.2944444444443
581.8373278493451, 3839.8655555555556
581.8373278493451, 3854.428888888889
582.2598323006089, 3776.757777777778
580.9921539235664, 3220.923888888889
580.146760103601, 3730.6405555555557
582.6822817167598, 3315.5855555555554
582.2598323006089, 3436.9466666666667
581.8373278493451, 3764.6216666666664
581.8373278493451, 3754.9127777777776
582.2598323006089, 3808.3116666666665
581.8373278493451, 3798.6027777777776
580.9921539235664, 3201.5061111111113
580.5694844900961, 3575.298333333333
581.8373278493451, 3798.6027777777776
581.4147683834901, 3764.6216666666664
581.8373278493451, 3650.5422222222223
582.6822817167598, 3827.7294444444447
580.9921539235664, 3759.7672222222222
580.9921539235664, 3752.4855555555555
580.5694844900961, 3487.9183333333335
581.4147683834901, 3742.7766666666666
581.8373278493451, 3854.428888888889
582.2598323006089, 3784.0394444444446
581.4147683834901, 3769.476111111111
581.4147683834901, 3728.213333333333
581.8373278493451, 3723.358888888889
583.1046760772754, 3560.735
582.2598323006089, 3750.0583333333334
580.9921539235664, 3764.6216666666664
581.4147683834901, 3696.6594444444445
581.8373278493451, 3684.5233333333335
580.9921539235664, 3703.9411111111112
580.5694844900961, 3645.6877777777777
580.5694844900961, 3694.2322222222224
580.9921539235664, 3757.34
581.4147683834901, 3859.2833333333333
580.9921539235664, 3781.612222222222
581.4147683834901, 3526.753888888889
581.4147683834901, 3793.7483333333334
581.4147683834901, 3718.5044444444443
581.4147683834901, 3635.978888888889
580.9921539235664, 3650.5422222222223
582.2598323006089, 3684.5233333333335
579.7239807846037, 3364.13
581.4147683834901, 3276.75
581.4147683834901, 3779.185
580.9921539235664, 3735.495
580.9921539235664, 3820.447777777778
582.2598323006089, 3784.0394444444446
581.8373278493451, 3784.0394444444446
580.5694844900961, 3803.4572222222223
581.4147683834901, 3803.4572222222223
581.4147683834901, 3796.1755555555555
582.2598323006089, 3674.8144444444442
582.6822817167598, 3796.1755555555555
580.9921539235664, 3735.495
581.8373278493451, 3735.495
581.4147683834901, 3716.077222222222
581.4147683834901, 3827.7294444444447
581.8373278493451, 3769.476111111111
581.8373278493451, 3881.1283333333336
580.146760103601, 3720.931666666667
581.8373278493451, 3633.5516666666667
582.2598323006089, 3786.4666666666667
583.1046760772754, 3240.3416666666667
581.4147683834901, 3767.048888888889
580.9921539235664, 3645.6877777777777
579.7239807846037, 3718.5044444444443
580.9921539235664, 3793.7483333333334
580.9921539235664, 3689.3777777777777
580.5694844900961, 3737.9222222222224
582.6822817167598, 3677.241666666667
581.4147683834901, 3216.0694444444443
581.8373278493451, 3759.7672222222222
582.2598323006089, 3669.96
581.8373278493451, 3706.3683333333333
582.2598323006089, 3737.9222222222224
581.8373278493451, 3733.067777777778
581.8373278493451, 3796.1755555555555
580.9921539235664, 3652.9694444444444
580.9921539235664, 3694.2322222222224
581.8373278493451, 3774.3305555555557
580.9921539235664, 3257.3322222222223
581.8373278493451, 3847.1472222222224
580.9921539235664, 3473.355
581.4147683834901, 3378.693333333333
582.2598323006089, 3378.693333333333
581.8373278493451, 3740.3494444444445
580.9921539235664, 3405.3927777777776
581.8373278493451, 3764.6216666666664
581.8373278493451, 3796.1755555555555
581.8373278493451, 3633.5516666666667
581.8373278493451, 3769.476111111111
581.8373278493451, 3805.8844444444444
580.5694844900961, 3750.0583333333334
580.146760103601, 3449.0827777777777
581.8373278493451, 3791.321111111111
582.2598323006089, 3616.561111111111
581.8373278493451, 3771.903333333333
582.6822817167598, 3771.903333333333
581.4147683834901, 3757.34
582.6822817167598, 3599.5705555555555
580.9921539235664, 3808.3116666666665
583.1046760772754, 3808.3116666666665
580.146760103601, 3694.2322222222224
582.6822817167598, 3220.923888888889
581.8373278493451, 3592.288888888889
581.8373278493451, 3713.65
581.8373278493451, 3701.5138888888887
581.4147683834901, 3436.9466666666667
581.4147683834901, 3252.4777777777776
581.4147683834901, 3390.8294444444446
580.9921539235664, 3286.458888888889
