# FLAME spectrum data format
# Time of snapshot: 2021-02-08T18:25:40Eastern Standard Time
# Number of frames accumulated: 0
# Scan time per exposure [us]: 100000189.1861363086452, 2036.4394444444445
189.64926416366848, 1961.1955555555555
190.11235512512943, 1992.7494444444444
190.57540917250594, 2024.3033333333333
191.03842628527582, 2017.0216666666668
191.50140644291702, 1936.9233333333334
191.9643496249074, 2017.0216666666668
192.4272558107249, 2007.3127777777777
192.89012497984731, 2024.3033333333333
193.35295711175254, 2140.81
193.81575218591854, 2184.5
194.27851018182312, 2165.0822222222223
194.7412310789442, 2174.791111111111
195.20391485675964, 2184.5
195.66656149474733, 2174.791111111111
196.12917097238517, 2148.0916666666667
196.59174326915107, 2293.725
197.05427836452282, 2342.2694444444446
197.51677623797838, 2240.326111111111
197.97923686899566, 2211.1994444444445
198.44166023705247, 2279.161666666667
198.9040463216267, 2337.415
199.36639510219626, 2356.8327777777777
199.82870655823908, 2334.987777777778
200.29098066923297, 2368.968888888889
200.7532174146558, 2446.64
201.21541677398554, 2402.95
201.6775787267, 2334.987777777778
202.13970325227712, 2398.0955555555556
202.60179033019475, 2458.7761111111113
203.06383993993072, 2429.6494444444443
203.52585206096302, 2485.4755555555557
203.9878266727695, 2461.2033333333334
204.44976375482798, 2589.846111111111
204.91166328661643, 2405.3772222222224
205.3735252476127, 2429.6494444444443
205.83534961729464, 2429.6494444444443
206.2971363751402, 2475.766666666667
206.75888550062717, 2524.311111111111
207.22059697323357, 2456.3488888888887
207.68227077243716, 2444.212777777778
208.14390687771592, 2444.212777777778
208.6055052685476, 2424.795
209.0670659244102, 2478.193888888889
209.5285888247816, 2400.5227777777777
209.99007394913966, 2485.4755555555557
210.4515212769622, 2393.241111111111
210.9129307877272, 2451.4944444444445
211.3743024609125, 2390.813888888889
211.835636275996, 2444.212777777778
212.29693221245557, 2351.9783333333335
212.7581902497691, 2432.076666666667
213.21941036741444, 2441.7855555555557
213.68059254486954, 2419.9405555555554
214.14173676161224, 2490.33
214.60284299712043, 2453.9216666666666
215.06391123087198, 2432.076666666667
215.52494144234484, 2451.4944444444445
215.9859336110168, 2415.086111111111
216.4468877163658, 2383.532222222222
216.9078037378697, 2388.3866666666668
217.36868165500644, 2378.677777777778
217.82952144725382, 2402.95
218.29032309408976, 2373.8233333333333
218.75108657499214, 2412.6588888888887
219.2118118694389, 2424.795
219.67249895690784, 2463.6305555555555
220.13314781687689, 2373.8233333333333
220.5937584288239, 2412.6588888888887
221.0543307722268, 2402.95
221.51486482656347, 2407.8044444444445
221.97536057131174, 2427.222222222222
222.43581798594948, 2422.367777777778
222.8962370499547, 2393.241111111111
223.35661774280518, 2398.0955555555556
223.81696004397878, 2449.0672222222224
224.2772639329535, 2381.105
224.73752938920714, 2378.677777777778
225.1977563922176, 2383.532222222222
225.65794492146279, 2410.2316666666666
226.1180949564205, 2410.2316666666666
226.57820647656874, 2400.5227777777777
227.03827946138532, 2415.086111111111
227.4983138903481, 2480.621111111111
227.95830974293503, 2419.9405555555554
228.418266998624, 2434.503888888889
228.87818563689282, 2453.9216666666666
229.33806563721944, 2436.931111111111
229.79790697908172, 2427.222222222222
230.25770964195752, 2371.396111111111
230.71747360532476, 2475.766666666667
231.1771988486613, 2456.3488888888887
231.63688535144504, 2405.3772222222224
232.09653309315385, 2376.2505555555554
232.5561420532656, 2439.358333333333
233.01571221125823, 2424.795
233.4752435466096, 2468.485
233.93473603879755, 2461.2033333333334
234.3941896673, 2441.7855555555557
234.85360441159483, 2429.6494444444443
235.31298025115996, 2509.7477777777776
235.77231716547317, 2400.5227777777777
236.23161513401246, 2398.0955555555556
236.69087413625567, 2402.95
237.15009415168063, 2453.9216666666666
237.60927515976533, 2490.33
238.0684171399876, 2517.0294444444444
238.52752007182528, 2381.105
238.9865839347563, 2378.677777777778
239.44560870825856, 2427.222222222222
239.90459437180988, 2364.1144444444444
240.36354090488823, 2327.706111111111
240.82244828697142, 2371.396111111111
241.28131649753738, 2478.193888888889
241.740145516064, 2395.6683333333335
242.1989353220291, 2500.038888888889
242.65768589491063, 2436.931111111111
243.1163972141864, 2449.0672222222224
243.5750692593344, 2434.503888888889
244.03370200983244, 2441.7855555555557
244.49229544515842, 2368.968888888889
244.95084954479023, 2429.6494444444443
245.40936428820572, 2468.485
245.8678396548828, 2441.7855555555557
246.3262756242994, 2378.677777777778
246.7846721759333, 2361.6872222222223
247.2430292892625, 2356.8327777777777
247.7013469437648, 2405.3772222222224
248.15962511891811, 2412.6588888888887
248.61786379420033, 2385.9594444444447
249.0760629490893, 2434.503888888889
249.53422256306294, 2417.5133333333333
249.9923426155991, 2393.241111111111
250.4504230861757, 2412.6588888888887
250.90846395427067, 2446.64
251.3664651993618, 2344.6966666666667
251.82442680092703, 2400.5227777777777
252.2823487384442, 2441.7855555555557
252.7402309913912, 2436.931111111111
253.19807353924597, 2483.048333333333
253.65587636148632, 2446.64
254.1136394375902, 2473.3394444444443
254.57136274703547, 2456.3488888888887
255.02904626929998, 2453.9216666666666
255.48668998386165, 2432.076666666667
255.94429387019835, 2434.503888888889
256.401857907788, 2446.64
256.8593820761084, 2410.2316666666666
257.3168663546375, 2485.4755555555557
257.77431072285316, 2412.6588888888887
258.2317151602333, 2451.4944444444445
258.6890796462558, 2458.7761111111113
259.14640416039845, 2419.9405555555554
259.6036886821393, 2453.9216666666666
260.0609331909561, 2456.3488888888887
260.51813766632677, 2436.931111111111
260.9753020877292, 2439.358333333333
261.4324264346412, 2507.3205555555555
261.8895106865408, 2470.912222222222
262.3465548229058, 2395.6683333333335
262.8035588232141, 2444.212777777778
263.26052266694353, 2434.503888888889
263.717446333572, 2395.6683333333335
264.1743298025776, 2519.4566666666665
264.6311730534378, 2451.4944444444445
265.0879760656308, 2441.7855555555557
265.5447388186344, 2514.6022222222223
266.00146129192643, 2441.7855555555557
266.4581434649849, 2461.2033333333334
266.91478531728757, 2422.367777777778
267.3713868283124, 2383.532222222222
267.82794797753724, 2570.4283333333333
268.28446874443995, 2412.6588888888887
268.7409491084984, 2466.0577777777776
269.19738904919063, 2451.4944444444445
269.6537885459943, 2495.1844444444446
270.1101475783875, 2514.6022222222223
270.56646612584797, 2456.3488888888887
271.0227441678536, 2444.212777777778
271.4789816838824, 2466.0577777777776
271.93517865341204, 2424.795
272.3913350559207, 2405.3772222222224
272.84745087088595, 2405.3772222222224
273.3035260777859, 2475.766666666667
273.7595606560983, 2390.813888888889
274.2155545853011, 2427.222222222222
274.6715078448722, 2466.0577777777776
275.1274204142894, 2466.0577777777776
275.58329227303074, 2424.795
276.0391234005739, 2429.6494444444443
276.4949137763969, 2351.9783333333335
276.9506633799776, 2473.3394444444443
277.4063721907939, 2468.485
277.8620401883236, 2407.8044444444445
278.3176673520446, 2390.813888888889
278.773253661435, 2434.503888888889
279.22879909597236, 2388.3866666666668
279.68430363513477, 2415.086111111111
280.1397672584, 2439.358333333333
280.595189945246, 2463.6305555555555
281.05057167515076, 2422.367777777778
281.5059124275919, 2419.9405555555554
281.9612121820476, 2393.241111111111
282.4164709179954, 2381.105
282.87168861491347, 2441.7855555555557
283.3268652522797, 2402.95
283.78200080957174, 2551.0105555555556
284.2370952662677, 2519.4566666666665
284.6921486018453, 2439.358333333333
285.14716079578255, 2407.8044444444445
285.60213182755723, 2432.076666666667
286.0570616766474, 2534.02
286.5119503225307, 2456.3488888888887
286.9667977446852, 2400.5227777777777
287.4216039225886, 2371.396111111111
287.87636883571895, 2514.6022222222223
288.33109246355417, 2424.795
288.785774785572, 2483.048333333333
289.2404157812505, 2419.9405555555554
289.6950154300672, 2424.795
290.14957371150035, 2551.0105555555556
290.60409060502775, 2480.621111111111
291.05856609012716, 2407.8044444444445
291.51300014627657, 2487.902777777778
291.96739275295386, 2417.5133333333333
292.42174388963684, 2470.912222222222
292.8760535358034, 2470.912222222222
293.3303216709316, 2449.0672222222224
293.7845482744991, 2405.3772222222224
294.2387333259839, 2507.3205555555555
294.6928768048639, 2509.7477777777776
295.14697869061683, 2441.7855555555557
295.6010389627208, 2487.902777777778
296.05505760065347, 2504.8933333333334
296.50903458389297, 2439.358333333333
296.9629698919169, 2480.621111111111
297.4168635042034, 2427.222222222222
297.8707154002302, 2468.485
298.32452555947515, 2473.3394444444443
298.7782939614164, 2415.086111111111
299.2320205855315, 2407.8044444444445
299.6857054112985, 2439.358333333333
300.1393484181953, 2497.6116666666667
300.5929495856997, 2470.912222222222
301.0465088932897, 2451.4944444444445
301.50002632044306, 2444.212777777778
301.9535018466377, 2473.3394444444443
302.40693545135156, 2492.757222222222
302.8603271140625, 2461.2033333333334
303.31367681424837, 2427.222222222222
303.7669845313871, 2504.8933333333334
304.2202502449565, 2451.4944444444445
304.6734739344345, 2548.5833333333335
305.12665557929904, 2456.3488888888887
305.57979515902787, 2419.9405555555554
306.03289265309905, 2512.175
306.4859480409903, 2451.4944444444445
306.93896130217956, 2412.6588888888887
307.39193241614487, 2439.358333333333
307.8448613623638, 2497.6116666666667
308.2977481203145, 2436.931111111111
308.75059266947466, 2480.621111111111
309.20339498932225, 2368.968888888889
309.6561550593353, 2453.9216666666666
310.10887285899145, 2405.3772222222224
310.56154836776875, 2473.3394444444443
311.01418156514495, 2500.038888888889
311.46677243059804, 2444.212777777778
311.9193209436059, 2495.1844444444446
312.37182708364634, 2475.766666666667
312.8242908301973, 2485.4755555555557
313.27671216273677, 2393.241111111111
313.7290910607424, 2441.7855555555557
314.1814275036922, 2487.902777777778
314.63372147106406, 2444.212777777778
315.08597294233584, 2458.7761111111113
315.53818189698546, 2538.8744444444446
315.99034831449075, 2417.5133333333333
316.44247217432957, 2434.503888888889
316.8945534559799, 2451.4944444444445
317.3465921389196, 2463.6305555555555
317.7985882026266, 2451.4944444444445
318.2505416265786, 2463.6305555555555
318.7024523902536, 2500.038888888889
319.1543204731295, 2427.222222222222
319.6061458546842, 2461.2033333333334
320.0579285143956, 2466.0577777777776
320.50966843174143, 2461.2033333333334
320.9613655861997, 2495.1844444444446
321.4130199572483, 2400.5227777777777
321.86463152436505, 2422.367777777778
322.3162002670279, 2395.6683333333335
322.76772616471476, 2412.6588888888887
323.2192091969033, 2434.503888888889
323.6706493430717, 2483.048333333333
324.1220465826977, 2398.0955555555556
324.5734008952591, 2456.3488888888887
325.0247122602339, 2432.076666666667
325.4759806571, 2490.33
325.9272060653352, 2529.1655555555553
326.3783884644174, 2521.883888888889
326.8295278338246, 2390.813888888889
327.2806241530346, 2509.7477777777776
327.7316774015252, 2417.5133333333333
328.1826875587743, 2398.0955555555556
328.63365460425996, 2485.4755555555557
329.08457851745993, 2434.503888888889
329.5354592778521, 2466.0577777777776
329.9862968649143, 2473.3394444444443
330.4370912581245, 2347.123888888889
330.88784243696057, 2473.3394444444443
331.3385503809005, 2563.1466666666665
331.78921506942197, 2449.0672222222224
332.2398364820029, 2480.621111111111
332.69041459812127, 2500.038888888889
333.1409493972549, 2466.0577777777776
333.59144085888175, 2487.902777777778
334.0418889624796, 2444.212777777778
334.49229368752646, 2441.7855555555557
334.94265501350003, 2485.4755555555557
335.3929729198783, 2366.5416666666665
335.8432473861392, 2473.3394444444443
336.29347839176063, 2475.766666666667
336.7436659162204, 2393.241111111111
337.19380993899625, 2507.3205555555555
337.6439104395663, 2500.038888888889
338.0939673974084, 2466.0577777777776
338.5439807920004, 2415.086111111111
338.9939506028201, 2422.367777777778
339.4438768093455, 2526.7383333333332
339.89375939105446, 2412.6588888888887
340.34359832742473, 2429.6494444444443
340.7933935979344, 2451.4944444444445
341.24314518206126, 2412.6588888888887
341.69285305928315, 2463.6305555555555
342.14251720907805, 2436.931111111111
342.5921376109237, 2502.4661111111113
343.0417142442982, 2534.02
343.4912470886792, 2480.621111111111
343.9407361235448, 2466.0577777777776
344.39018132837265, 2492.757222222222
344.8395826826408, 2485.4755555555557
345.2889401658271, 2478.193888888889
345.73825375740944, 2456.3488888888887
346.1875234368658, 2429.6494444444443
346.63674918367377, 2456.3488888888887
347.0859309773115, 2415.086111111111
347.53506879725677, 2483.048333333333
347.9841626229875, 2502.4661111111113
348.4332124339816, 2483.048333333333
348.8822182097168, 2468.485
349.33117992967124, 2407.8044444444445
349.78009757332256, 2466.0577777777776
350.2289711201488, 2480.621111111111
350.67780054962776, 2461.2033333333334
351.1265858412374, 2439.358333333333
351.5753269744555, 2502.4661111111113
352.02402392876, 2434.503888888889
352.47267668362883, 2436.931111111111
352.92128521853977, 2364.1144444444444
353.36984951297086, 2434.503888888889
353.81836954639977, 2422.367777777778
354.26684529830453, 2500.038888888889
354.715276748163, 2502.4661111111113
355.1636638754531, 2475.766666666667
355.61200665965265, 2500.038888888889
356.0603050802395, 2466.0577777777776
356.50855911669163, 2495.1844444444446
356.9567687484869, 2441.7855555555557
357.4049339551032, 2434.503888888889
357.85305471601833, 2422.367777777778
358.30113101071026, 2439.358333333333
358.7491628186568, 2463.6305555555555
359.1971501193359, 2451.4944444444445
359.64509289222553, 2422.367777777778
360.0929911168034, 2441.7855555555557
360.5408447725474, 2512.175
360.98865383893553, 2543.728888888889
361.4364182954456, 2504.8933333333334
361.88413812155545, 2436.931111111111
362.3318132967432, 2417.5133333333333
362.7794438004865, 2446.64
363.2270296122632, 2478.193888888889
363.6745707115514, 2424.795
364.1220670778288, 2449.0672222222224
364.5695186905733, 2497.6116666666667
365.01692552926295, 2453.9216666666666
365.46428757337543, 2468.485
365.9116048023887, 2422.367777777778
366.3588771957806, 2487.902777777778
366.80610473302926, 2458.7761111111113
367.25328739361225, 2509.7477777777776
367.7004251570076, 2473.3394444444443
368.14751800269306, 2393.241111111111
368.59456591014674, 2478.193888888889
369.0415688588464, 2458.7761111111113
369.4885268282698, 2538.8744444444446
369.9354397978952, 2485.4755555555557
370.3823077472, 2427.222222222222
370.82913065566237, 2463.6305555555555
371.2759085027602, 2444.212777777778
371.7226412679713, 2500.038888888889
372.1693289307736, 2487.902777777778
372.615971470645, 2478.193888888889
373.0625688670632, 2436.931111111111
373.5091210995062, 2393.241111111111
373.95562814745205, 2504.8933333333334
374.4020899903785, 2487.902777777778
374.8485066077633, 2487.902777777778
375.29487797908456, 2468.485
375.74120408382, 2451.4944444444445
376.1874849014476, 2444.212777777778
376.6337204114452, 2381.105
377.07991059329066, 2429.6494444444443
377.52605542646194, 2453.9216666666666
377.9721548904368, 2538.8744444444446
378.41820896469335, 2461.2033333333334
378.8642176287092, 2492.757222222222
379.31018086196246, 2390.813888888889
379.75609864393084, 2446.64
380.2019709540923, 2446.64
380.64779777192473, 2466.0577777777776
381.093579076906, 2451.4944444444445
381.5393148485141, 2424.795
381.98500506622673, 2385.9594444444447
382.43064970952184, 2531.592777777778
382.87624875787736, 2453.9216666666666
383.32180219077117, 2470.912222222222
383.76730998768113, 2524.311111111111
384.2127721280851, 2456.3488888888887
384.658188591461, 2441.7855555555557
385.1035593572866, 2436.931111111111
385.54888440504004, 2480.621111111111
385.994163714199, 2463.6305555555555
386.4393972642414, 2507.3205555555555
386.8845850346451, 2480.621111111111
387.32972700488807, 2487.902777777778
387.77482315444814, 2412.6588888888887
388.2198734628032, 2451.4944444444445
388.66487790943114, 2478.193888888889
389.1098364738098, 2422.367777777778
389.55474913541707, 2492.757222222222
389.99961587373093, 2490.33
390.44443666822923, 2466.0577777777776
390.8892114983898, 2502.4661111111113
391.3339403436905, 2393.241111111111
391.7786231836093, 2432.076666666667
392.2232599976239, 2407.8044444444445
392.6678507652125, 2497.6116666666667
393.11239546585284, 2456.3488888888887
393.55689407902264, 2412.6588888888887
394.0013465841999, 2519.4566666666665
394.4457529608626, 2487.902777777778
394.89011318848856, 2361.6872222222223
395.3344272465556, 2415.086111111111
395.77869511454173, 2436.931111111111
396.22291677192464, 2368.968888888889
396.6670921981824, 2517.0294444444444
397.1112213727928, 2463.6305555555555
397.55530427523377, 2432.076666666667
397.99934088498316, 2497.6116666666667
398.4433311815189, 2478.193888888889
398.8872751443188, 2458.7761111111113
399.33117275286077, 2475.766666666667
399.7750239866227, 2412.6588888888887
400.2188288250826, 2434.503888888889
400.6625872477181, 2468.485
401.1062992340072, 2487.902777777778
401.5499647634279, 2473.3394444444443
401.99358381545795, 2470.912222222222
402.43715636957535, 2509.7477777777776
402.8806824052578, 2424.795
403.3241619019833, 2453.9216666666666
403.7675948392297, 2470.912222222222
404.2109811964749, 2436.931111111111
404.6543209531968, 2490.33
405.0976140888734, 2466.0577777777776
405.5408605829823, 2456.3488888888887
405.9840604150016, 2475.766666666667
406.4272135644091, 2541.3016666666667
406.87032001068275, 2490.33
407.3133797333004, 2424.795
407.7563927117399, 2468.485
408.1993589254791, 2376.2505555555554
408.64227835399595, 2519.4566666666665
409.08515097676843, 2456.3488888888887
409.52797677327436, 2432.076666666667
409.97075572299144, 2444.212777777778
410.4134878053977, 2436.931111111111
410.856172999971, 2568.001111111111
411.2988112861894, 2478.193888888889
411.74140264353053, 2451.4944444444445
412.18394705147244, 2451.4944444444445
412.6264444894928, 2487.902777777778
413.0688949370698, 2446.64
413.5112983736811, 2458.7761111111113
413.9536547788046, 2500.038888888889
414.39596413191833, 2495.1844444444446
414.83822641250003, 2463.6305555555555
415.2804416000276, 2449.0672222222224
415.722609673979, 2453.9216666666666
416.16473061383203, 2529.1655555555553
416.6068043990647, 2463.6305555555555
417.0488310091547, 2432.076666666667
417.49081042358, 2483.048333333333
417.93274262181853, 2475.766666666667
418.37462758334823, 2456.3488888888887
418.8164652876469, 2446.64
419.25825571419233, 2485.4755555555557
419.6999988424625, 2504.8933333333334
420.1416946519353, 2487.902777777778
420.58334312208865, 2517.0294444444444
421.02494423240046, 2473.3394444444443
421.46649796234846, 2444.212777777778
421.9080042914106, 2487.902777777778
422.34946319906476, 2478.193888888889
422.7908746647889, 2444.212777777778
423.2322386680608, 2412.6588888888887
423.6735551883584, 2451.4944444444445
424.1148242051596, 2468.485
424.55604569794224, 2512.175
424.99721964618425, 2480.621111111111
425.43834602936346, 2412.6588888888887
425.87942482695786, 2466.0577777777776
426.32045601844516, 2492.757222222222
426.7614395833034, 2388.3866666666668
427.20237550101035, 2504.8933333333334
427.643263751044, 2538.8744444444446
428.0841043128821, 2502.4661111111113
428.5248971660027, 2509.7477777777776
428.96564228988353, 2449.0672222222224
429.4063396640026, 2517.0294444444444
429.8469892678377, 2504.8933333333334
430.2875910808667, 2514.6022222222223
430.72814508256766, 2519.4566666666665
431.1686512524183, 2405.3772222222224
431.6091095698964, 2439.358333333333
432.04952001448015, 2444.212777777778
432.48988256564724, 2381.105
432.93019720287555, 2470.912222222222
433.37046390564296, 2432.076666666667
433.8106826534275, 2512.175
434.2508534257068, 2504.8933333333334
434.690976201959, 2487.902777777778
435.13105096166186, 2480.621111111111
435.57107768429324, 2470.912222222222
436.011056349331, 2456.3488888888887
436.4509869362532, 2453.9216666666666
436.8908694245375, 2458.7761111111113
437.330703793662, 2563.1466666666665
437.7704900231044, 2490.33
438.2102280923426, 2502.4661111111113
438.64991798085464, 2480.621111111111
439.0895596681183, 2492.757222222222
439.52915313361143, 2580.137222222222
439.968698356812, 2446.64
440.4081953171978, 2519.4566666666665
440.84764399424677, 2519.4566666666665
441.28704436743686, 2456.3488888888887
441.7263964162458, 2524.311111111111
442.1657001201515, 2541.3016666666667
442.604955458632, 2538.8744444444446
443.044162411165, 2504.8933333333334
443.48332095722856, 2570.4283333333333
443.92243107630037, 2521.883888888889
444.36149274785845, 2529.1655555555553
444.80050595138067, 2514.6022222222223
445.2394706663448, 2531.592777777778
445.67838687222894, 2495.1844444444446
446.11725454851074, 2553.4377777777777
446.5560736746682, 2480.621111111111
446.99484423017924, 2497.6116666666667
447.4335661945217, 2572.8555555555554
447.8722395471734, 2492.757222222222
448.3108642676124, 2444.212777777778
448.74944033531636, 2475.766666666667
449.18796772976333, 2546.156111111111
449.6264464304311, 2560.7194444444444
450.0648764167976, 2436.931111111111
450.5032576683408, 2466.0577777777776
450.94159016453835, 2555.865
451.37987388486823, 2483.048333333333
451.8181088088085, 2475.766666666667
452.25629491583686, 2502.4661111111113
452.6944321854313, 2497.6116666666667
453.1325205970696, 2575.282777777778
453.5705601302296, 2427.222222222222
454.00855076438944, 2512.175
454.44649247902674, 2500.038888888889
454.8843852536195, 2507.3205555555555
455.32222906764554, 2521.883888888889
455.76002390058284, 2468.485
456.19776973190926, 2485.4755555555557
456.63546654110263, 2495.1844444444446
457.07311430764076, 2526.7383333333332
457.5107130110018, 2534.02
457.9482626306634, 2473.3394444444443
458.38576314610356, 2555.865
458.82321453680004, 2560.7194444444444
459.2606167822308, 2546.156111111111
459.69796986187373, 2497.6116666666667
460.13527375520675, 2543.728888888889
460.5725284417076, 2502.4661111111113
461.0097339008544, 2490.33
461.44689011212483, 2546.156111111111
461.8839970549969, 2551.0105555555556
462.3210547089484, 2531.592777777778
462.7580630534572, 2543.728888888889
463.1950220680013, 2587.418888888889
463.63193173205855, 2521.883888888889
464.0687920251067, 2490.33
464.5056029266238, 2563.1466666666665
464.9423644160876, 2546.156111111111
465.3790764729762, 2538.8744444444446
465.8157390767672, 2534.02
466.2523522069386, 2558.2922222222223
466.6889158429684, 2575.282777777778
467.12542996433433, 2419.9405555555554
467.5618945505144, 2597.1277777777777
467.9983095809864, 2526.7383333333332
468.4346750352282, 2558.2922222222223
468.8709908927178, 2580.137222222222
469.30725713293293, 2604.4094444444445
469.7434737353516, 2529.1655555555553
470.1796406794516, 2512.175
470.6157579447109, 2548.5833333333335
471.05182551060733, 2582.5644444444442
471.4878433566188, 2517.0294444444444
471.9238114622231, 2611.6911111111112
472.35972980689826, 2631.108888888889
472.7955983701221, 2650.5266666666666
473.23141713137244, 2633.536111111111
473.66718607012734, 2648.0994444444445
474.1029051658645, 2609.2638888888887
474.53857439806194, 2609.2638888888887
474.97419374619733, 2623.827222222222
475.4097631897488, 2633.536111111111
475.84528270819413, 2626.2544444444443
476.28075228101125, 2723.3433333333332
476.71617188767794, 2679.653333333333
477.15154150767216, 2604.4094444444445
477.5868611204718, 2750.0427777777777
478.0221307055547, 2703.9255555555555
478.4573502423987, 2679.653333333333
478.89251971048185, 2691.7894444444446
479.3276390892819, 2769.4605555555554
479.76270835827677, 2788.8783333333336
480.19772749694437, 2801.0144444444445
480.6326964847625, 2803.4416666666666
481.0676153012091, 2871.403888888889
481.50248392576214, 2929.657222222222
481.9373023378993, 3012.1827777777776
482.3720705170987, 3000.0466666666666
482.80678844283807, 2951.5022222222224
483.2414560945953, 2985.483333333333
483.6760734518483, 3131.116666666667
484.110640494075, 3123.835
484.5451572007532, 3143.2527777777777
484.9796235513608, 3046.163888888889
485.41403952537576, 3223.351111111111
485.8484051022759, 3305.8766666666666
486.2827202615391, 3271.8955555555553
486.7169849826432, 3286.458888888889
487.1511992450663, 3402.9655555555555
487.585363028286, 3463.646111111111
488.01947631178035, 3475.782222222222
488.4535390750272, 3517.045
488.88755129750444, 3616.561111111111
489.32151295868994, 3650.5422222222223
489.75542403806156, 3771.903333333333
490.1892845150972, 3842.2927777777777
490.6230943692748, 3958.7994444444444
491.05685358007213, 4009.771111111111
491.4905621269672, 4065.597222222222
491.9242199894378, 4121.423333333333
492.3578271469619, 4228.221111111111
492.7913835790173, 4344.727777777778
493.2248892650819, 4424.8261111111115
493.65834418463356, 4509.778888888889
494.09174831715035, 4543.76
494.52510164210986, 4757.355555555556
494.9584041389902, 4966.096666666666
495.3916557872692, 5038.913333333333
495.8248565664246, 5150.565555555556
496.25800645593455, 5444.259444444445
496.69110543527665, 5536.493888888889
497.124153483929, 5529.212222222222
497.5571505813694, 5871.450555555555
497.99009670707574, 5975.821111111111
498.42299184052587, 6019.511111111111
498.8558359611977, 6254.951666666667
499.28862904856913, 6509.81
499.72137108211814, 6611.753333333333
500.15406204132233, 6985.545555555555
500.5867019056598, 7133.606111111111
501.01929065460854, 7313.220555555556
501.45182826764614, 7689.44
501.8843147242507, 7949.152777777777
502.3167500039, 8349.644444444444
502.749134086072, 8504.986666666666
503.1814669502445, 8808.389444444445
503.6137485758955, 9026.839444444444
504.04597894250264, 9344.805555555555
504.4781580295442, 9536.556111111111
504.9102858164977, 9847.240555555556
505.3423622828412, 10337.539444444445
505.7743874080526, 10621.524444444445
506.20636117160956, 10932.208888888888
506.63828355299034, 11371.53611111111
507.07015453167253, 11662.802777777777
507.50197408713404, 11966.205555555556
507.93374219885294, 12337.570555555556
508.36545884630686, 12939.521666666667
508.7971240089739, 13313.31388888889
509.2287376663318, 13439.529444444444
509.66029979785856, 14053.616666666667
510.0918103830321, 14466.244444444445
510.5232694013299, 14602.16888888889
510.9546768322305, 15056.059444444445
511.3860326552112, 15701.700555555555
511.81733684975023, 15941.995555555555
512.2485893953253, 16303.651666666667
512.6797902714144, 16667.735
513.1109394574953, 17170.17
513.5420369330461, 17386.19277777778
513.9730826775443, 17866.78277777778
514.4040766704684, 18017.270555555555
514.8350188912955, 18320.673333333332
515.2659093195042, 18767.282222222224
515.6967479345718, 19068.257777777777
516.1275347159767, 19153.210555555557
516.5582696431964, 19301.27111111111
516.9889526957089, 19619.237222222222
517.4195838529922, 20017.301666666666
517.8501630945242, 19726.035
518.2806903997824, 20024.583333333332
518.7111657482452, 20230.897222222222
519.1415891193901, 20611.97111111111
519.5719604926952, 20175.071111111112
520.0022798476382, 20592.553333333333
520.4325471636973, 20330.413333333334
520.8627624203501, 20573.135555555556
521.2929255970745, 20361.96722222222
521.7230366733485, 20628.961666666666
522.1530956286498, 20104.681666666667
522.5831024424566, 20425.075
523.0130570942465, 20512.455
523.4429595634975, 20007.592777777776
523.8728098296876, 19922.64
524.3026078722943, 19636.227777777778
524.732353670796, 19369.233333333334
525.1620472046701, 19286.707777777778
525.5916884533947, 19005.15
526.0212773964479, 18925.051666666666
526.4508140133071, 18558.54111111111
526.8802982834507, 18692.038333333334
527.3097301863561, 18412.90777777778
527.7391097015015, 18019.69777777778
528.168436808365, 17750.27611111111
528.5977114864237, 17461.43666666667
529.0269337151562, 17201.72388888889
529.4561034740402, 17170.17
529.8852207425534, 16730.842777777776
530.314285500174, 16585.209444444445
530.7432977263796, 16242.971111111112
531.1722574006484, 15713.836666666666
531.6011645024578, 15461.405555555555
532.030019011286, 15240.528333333334
532.458820906611, 15070.622777777779
532.8875701679102, 14730.811666666666
533.3162667746622, 14257.503333333334
533.7449107063443, 14165.26888888889
534.1735019424347, 14043.907777777778
534.602040462411, 13599.726111111111
535.0305262457513, 13361.858333333334
535.4589592719335, 13340.013333333334
535.8873395204353, 13167.680555555555
536.3156669707347, 12781.752222222221
536.7439416023096, 12509.903333333334
537.1721633946379, 12318.152777777777
537.6003323271975, 12225.918333333333
538.028448379466, 11827.853888888889
538.4565115309218, 11597.267777777777
538.8845217610424, 11587.558888888889
539.3124790493057, 11131.24111111111
539.7403833751898, 10997.743888888888
540.1682347181724, 10852.110555555555
540.5960330577315, 10616.67
541.0237783733447, 10538.99888888889
541.4514706444902, 10034.136666666667
541.8791098506459, 10034.136666666667
542.3066959712894, 9859.376666666667
542.7342289858989, 9728.306666666667
543.1617088739521, 9650.635555555555
543.5891356149269, 9393.35
544.0165091883014, 9252.57111111111
544.4438295735529, 9155.482222222223
544.8710967501598, 8978.295
545.2983106976, 8803.535
545.7254713953512, 8616.638888888889
546.1525788228913, 8677.319444444445
546.5796329596982, 8434.597222222223
547.0066337852497, 8354.49888888889
547.4335812790239, 8131.194444444444
547.8604754204986, 8068.086666666667
548.2873161891516, 8024.3966666666665
548.7141035644607, 7810.801111111111
549.140837525904, 7747.693333333334
549.5675180529594, 7456.426666666666
549.9941451251045, 7410.309444444444
550.4207187218174, 7291.375555555555
550.847238822576, 7223.413333333333
551.2737054068582, 6944.2827777777775
551.7001184541417, 6953.991666666667
552.1264779439044, 6745.250555555555
552.5527838556245, 6774.377222222222
552.9790361687795, 6575.345
553.4052348628476, 6575.345
553.8313799173064, 6449.129444444445
554.2574713116339, 6203.98
554.6835090253081, 6208.834444444445
555.1094930378068, 6220.970555555556
555.5354233286079, 5973.393888888889
555.961299877189, 5895.722777777778
556.3871226630284, 5837.469444444445
556.8128916656038, 5786.497777777778
557.2386068643932, 5742.807777777778
557.6642682388743, 5623.873888888889
558.0898757685251, 5585.038333333333
558.5154294328235, 5604.456111111111
558.9409292112473, 5502.512777777778
559.3663750832743, 5325.325555555555
559.7917670283828, 5293.7716666666665
560.2171050260499, 5186.973888888889
560.6423890557544, 5128.720555555556
561.0676190969735, 4980.66
561.4927951291855, 4956.387777777778
561.9179171318682, 4890.852777777778
562.3429850844992, 4885.998333333333
562.7679989665568, 4822.890555555556
563.1929587575185, 4754.928333333333
563.6178644368624, 4776.7733333333335
564.0427159840664, 4762.21
564.4675133786083, 4784.055
564.892256599966, 4611.722222222223
565.3169456276173, 4674.83
565.7415804410404, 4502.497222222222
566.1661610197128, 4495.2155555555555
566.5906873431126, 4548.614444444444
567.0151593907176, 4429.680555555556
567.4395771420056, 4534.051111111111
567.8639405764549, 4470.943333333334
568.2882496735427, 4424.8261111111115
568.7125044127475, 4422.398888888889
569.136704773547, 4458.807222222223
569.560850735419, 4366.572777777777
569.9849422778414, 4441.816666666667
570.408979380292, 4291.328888888889
570.8329620222488, 4267.056666666666
571.2568901831899, 4424.8261111111115
571.6807638425926, 4466.0888888888885
572.1045829799353, 4369.0
572.5283475746957, 4313.1738888888885
572.9520576063518, 4407.835555555555
573.3757130543813, 4349.582222222222
573.7993138982621, 4352.009444444445
574.2228601174724, 4400.553888888889
574.6463516914896, 4381.136111111111
575.069788599792, 4313.1738888888885
575.4931708218572, 4352.009444444445
575.916498337163, 4322.882777777778
576.3397711251878, 4473.370555555555
576.7629891654091, 4458.807222222223
577.1861524373047, 4652.985
577.6092609203528, 4463.661666666667
578.0323145940308, 4560.750555555555
578.4553134378172, 4509.778888888889
578.8782574311896, 4565.605
579.3011465536257, 4614.149444444444
579.7239807846037, 4524.3422222222225
580.146760103601, 4485.506666666667
580.5694844900961, 4650.557777777778
580.9921539235664, 4497.642777777778
581.4147683834901, 4657.839444444445
581.8373278493451, 4599.586111111111
582.2598323006089, 4662.693888888889
582.6822817167598, 4652.985
583.1046760772754, 4633.567222222222
583.5270153616337, 4534.051111111111
583.9492995493126, 4650.557777777778
584.3715286197901, 4711.238333333334
584.7937025525439, 4604.440555555556
585.2158213270517, 4643.276111111111
585.6378849227918, 4677.2572222222225
586.059893319242, 4652.985
586.4818464958798, 4458.807222222223
586.9037444321838, 4594.731666666667
587.3255871076311, 4589.877222222222
587.7473745017, 4538.905555555555
588.1691065938684, 4570.459444444445
588.590783363614, 4521.915
589.0124047904148, 4453.952777777778
589.4339708537487, 4398.126666666667
589.8554815330937, 4349.582222222222
590.2769368079274, 4398.126666666667
590.6983366577279, 4383.5633333333335
591.1196810619729, 4325.31
591.5409700001403, 4313.1738888888885
591.9622034517083, 4250.066111111111
592.3833813961545, 4337.446111111111
592.8045038129568, 4369.0
593.2255706815931, 4116.568888888889
593.6465819815413, 4167.540555555555
594.0675376922794, 4242.7844444444445
594.488437793285, 4184.531111111111
594.9092822640364, 4114.141666666666
595.3300710840113, 4021.907222222222
595.7508042326872, 4060.742777777778
596.1714816895425, 4055.8883333333333
596.5921034340548, 4133.559444444444
597.0126694457022, 3985.498888888889
597.4331797039623, 3968.508333333333
597.8536341883132, 4021.907222222222
598.2740328782329, 3922.391111111111
598.6943757531989, 3830.1566666666668
599.1146627926894, 3888.41
599.5348939761823, 3868.992222222222
599.9550692831551, 3890.8372222222224
600.3751886930862, 3764.6216666666664
600.795252185453, 3825.302222222222
601.2152597397338, 3873.846666666667
601.6352113354062, 3873.846666666667
602.0551069519482, 3767.048888888889
602.4749465688378, 3742.7766666666666
602.8947301655527, 3754.9127777777776
603.3144577215706, 3633.5516666666667
603.7341292163699, 3643.2605555555556
604.153744629428, 3842.2927777777777
604.5733039402232, 3737.9222222222224
604.9928071282329, 3699.0866666666666
605.4122541729356, 3759.7672222222222
605.8316450538086, 3580.152777777778
606.2509797503302, 3820.447777777778
606.670258241978, 3720.931666666667
607.0894805082299, 3609.2794444444444
607.5086465285641, 3725.786111111111
607.9277562824581, 3601.9977777777776
608.3468097493899, 3665.1055555555554
608.7658069088376, 3531.608333333333
609.1847477402787, 3563.162222222222
609.6036322231914, 3631.1244444444446
610.0224603370534, 3580.152777777778
610.4412320613428, 3509.7633333333333
610.8599473755373, 3538.89
611.2786062591147, 3478.2094444444447
611.6972086915533, 3521.8994444444443
612.1157546523305, 3441.801111111111
612.5342441209243, 3446.6555555555556
612.952677076813, 3344.7122222222224
613.3710534994736, 3400.5383333333334
613.789373368385, 3388.402222222222
614.2076366630243, 3349.5666666666666
614.62584336287, 3463.646111111111
615.0439934473997, 3286.458888888889
615.4620868960909, 3298.595
615.8801236884221, 3264.613888888889
616.298103803871, 3264.613888888889
616.7160272219153, 3301.0222222222224
617.1338939220329, 3262.1866666666665
617.5517038837019, 3126.262222222222
617.9694570864001, 3225.778333333333
618.3871535096054, 3148.1072222222224
618.8047931327956, 3143.2527777777777
619.2223759354484, 3118.9805555555554
619.6399018970421, 3143.2527777777777
620.0573709970545, 3046.163888888889
620.4747832149632, 3104.4172222222223
620.8921385302463, 3077.717777777778
621.3094369223816, 3021.891666666667
621.7266783708471, 3135.971111111111
622.1438628551207, 3106.8444444444444
622.5609903546799, 3131.116666666667
622.9780608490031, 3148.1072222222224
623.395074317568, 3026.746111111111
623.8120307398522, 3094.7083333333335
624.228930095334, 3046.163888888889
624.645772363491, 3053.4455555555555
625.0625575238014, 3007.3283333333334
625.4792855557428, 3004.9011111111113
625.8959564387931, 3024.318888888889
626.3125701524302, 3029.173333333333
626.7291266761321, 3068.008888888889
627.1456259893766, 3000.0466666666666
627.5620680716416, 2951.5022222222224
627.978452902405, 2907.8122222222223
628.3947804611447, 2963.6383333333333
628.8110507273384, 3017.037222222222
629.2272636804644, 3002.4738888888887
629.6434193000001, 2910.2394444444444
630.0595175654236, 2985.483333333333
630.4755584562129, 2919.9483333333333
630.8915419518455, 2878.6855555555558
631.3074680317999, 2885.967222222222
631.7233366755535, 2898.1033333333335
632.1391478625843, 2922.3755555555554
632.5549015723702, 2946.6477777777777
632.9705977843889, 2902.9577777777777
633.3862364781188, 2939.366111111111
633.8018176330373, 2941.7933333333335
634.2173412286224, 2953.9294444444445
634.6328072443522, 2873.831111111111
635.0482156597042, 2924.802777777778
635.4635664541566, 2927.23
635.8788596071872, 2958.7838888888887
636.2940950982738, 2958.7838888888887
636.7092729068943, 2856.8405555555555
637.1243930125266, 2958.7838888888887
637.5394553946488, 2883.54
637.9544600327383, 2975.7744444444443
638.3694069062735, 2898.1033333333335
638.784295994732, 2861.695
639.1991272775919, 2932.0844444444447
639.6139007343309, 2919.9483333333333
640.0286163444265, 2815.5777777777776
640.4432740873574, 2830.141111111111
640.857873942601, 2854.4133333333334
641.2724158896351, 2784.023888888889
641.686899907938, 2936.938888888889
642.101325976987, 2842.277222222222
642.5156940762606, 2801.0144444444445
642.9300041852364, 2910.2394444444444
643.344256283392, 2893.248888888889
643.758450350206, 2888.3944444444446
644.1725863651554, 2767.0333333333333
644.5866643077189, 2820.432222222222
645.0006841573738, 2801.0144444444445
645.4146458935983, 2832.568333333333
645.8285494958702, 2898.1033333333335
646.2423949436671, 2769.4605555555554
646.6561822164675, 2801.0144444444445
647.0699112937488, 2801.0144444444445
647.483582154989, 2805.8688888888887
647.897194779666, 2723.3433333333332
648.3107491472578, 2842.277222222222
648.724245237242, 2786.451111111111
649.1376830290968, 2898.1033333333335
649.5510625022998, 2764.606111111111
649.964383636329, 2791.3055555555557
650.3776464106625, 2742.761111111111
650.790850804778, 2759.7516666666666
651.2039967981532, 2703.9255555555555
651.6170843702662, 2796.16
652.0301135005949, 2834.9955555555557
652.443084168617, 2830.141111111111
652.8559963538107, 2711.2072222222223
653.2688500356536, 2801.0144444444445
653.6816451936236, 2716.0616666666665
654.0943818071987, 2730.625
654.5070598558568, 2665.09
654.9196793190757, 2730.625
655.3322401763332, 2684.507777777778
655.7447424071077, 2767.0333333333333
656.1571859908762, 2759.7516666666666
656.5695709071173, 2689.362222222222
656.9818971353087, 2711.2072222222223
657.394164654928, 2747.6155555555556
657.8063734454535, 2711.2072222222223
658.2185234863628, 2711.2072222222223
658.6306147571338, 2759.7516666666666
659.0426472372449, 2764.606111111111
659.454620906173, 2691.7894444444446
659.8665357433969, 2793.7327777777778
660.2783917283939, 2691.7894444444446
660.6901888406422, 2764.606111111111
661.1019270596197, 2611.6911111111112
661.5136063648039, 2662.6627777777776
661.9252267356732, 2689.362222222222
662.336788151705, 2657.8083333333334
662.7482905923775, 2757.3244444444445
663.1597340371688, 2701.4983333333334
663.5711184655561, 2711.2072222222223
663.9824438570179, 2648.0994444444445
664.3937101910318, 2635.963333333333
664.8049174470756, 2638.3905555555557
665.2160656046276, 2701.4983333333334
665.627154643165, 2638.3905555555557
666.0381845421665, 2640.817777777778
666.4491552811094, 2582.5644444444442
666.8600668394716, 2650.5266666666666
667.2709191967314, 2652.9538888888887
667.6817123323663, 2660.2355555555555
668.0924462258544, 2657.8083333333334
668.5031208566734, 2662.6627777777776
668.9137362043014, 2609.2638888888887
669.324292248216, 2677.226111111111
669.7347889678953, 2677.226111111111
670.1452263428172, 2635.963333333333
670.5556043524593, 2604.4094444444445
670.9659229763, 2674.798888888889
671.3761821938167, 2616.5455555555554
671.7863819844875, 2572.8555555555554
672.1965223277904, 2650.5266666666666
672.6066032032028, 2618.972777777778
673.0166245902033, 2587.418888888889
673.4265864682691, 2587.418888888889
673.8364888168785, 2541.3016666666667
674.2463316155092, 2638.3905555555557
674.6561148436392, 2572.8555555555554
675.0658384807463, 2684.507777777778
675.4755025063084, 2504.8933333333334
675.8851068998035, 2626.2544444444443
676.2946516407094, 2543.728888888889
676.7041367085039, 2614.1183333333333
677.1135620826649, 2558.2922222222223
677.5229277426704, 2682.0805555555557
677.9322336679982, 2626.2544444444443
678.3414798381262, 2565.573888888889
678.7506662325325, 2618.972777777778
679.1597928306944, 2563.1466666666665
679.5688596120904, 2599.555
679.977866556198, 2611.6911111111112
680.3868136424953, 2555.865
680.7957008504601, 2563.1466666666665
681.2045281595704, 2589.846111111111
681.6132955493039, 2592.2733333333335
682.0220029991384, 2551.0105555555556
682.430650488552, 2580.137222222222
682.8392379970227, 2594.7005555555556
683.2477655040282, 2611.6911111111112
683.6562329890462, 2609.2638888888887
684.064640431555, 2534.02
684.472987811032, 2577.71
684.8812751069555, 2628.681666666667
685.2895022988033, 2589.846111111111
685.6976693660531, 2572.8555555555554
686.1057762881829, 2546.156111111111
686.5138230446706, 2582.5644444444442
686.9218096149941, 2606.8366666666666
687.3297359786312, 2577.71
687.7376021150599, 2531.592777777778
688.145408003758, 2560.7194444444444
688.5531536242033, 2580.137222222222
688.9608389558739, 2577.71
689.3684639782474, 2621.4
689.7760286708021, 2529.1655555555553
690.1835330130154, 2490.33
690.5909769843656, 2543.728888888889
690.9983605643303, 2538.8744444444446
691.4056837323875, 2555.865
691.8129464680152, 2524.311111111111
692.220148750691, 2470.912222222222
692.6272905598929, 2546.156111111111
693.0343718750988, 2524.311111111111
693.4413926757868, 2502.4661111111113
693.8483529414345, 2507.3205555555555
694.25525265152, 2509.7477777777776
694.6620917855208, 2502.4661111111113
695.0688703229151, 2502.4661111111113
695.4755882431808, 2529.1655555555553
695.8822455257957, 2492.757222222222
696.2888421502378, 2461.2033333333334
696.6953780959847, 2490.33
697.1018533425145, 2534.02
697.5082678693051, 2495.1844444444446
697.9146216558341, 2524.311111111111
698.3209146815799, 2441.7855555555557
698.72714692602, 2524.311111111111
699.1333183686324, 2507.3205555555555
699.5394289888949, 2487.902777777778
699.9454787662854, 2449.0672222222224
700.3514676802821, 2538.8744444444446
700.7573957103624, 2517.0294444444444
701.1632628360044, 2555.865
701.569069036686, 2439.358333333333
701.9748142918851, 2449.0672222222224
702.3804985810796, 2524.311111111111
702.7861218837471, 2546.156111111111
703.1916841793659, 2502.4661111111113
703.5971854474136, 2449.0672222222224
704.0026256673683, 2453.9216666666666
704.4080048187078, 2497.6116666666667
704.8133228809098, 2468.485
705.2185798334524, 2495.1844444444446
705.6237756558133, 2517.0294444444444
706.0289103274706, 2451.4944444444445
706.4339838279021, 2531.592777777778
706.8389961365859, 2463.6305555555555
707.2439472329994, 2424.795
707.6488370966208, 2458.7761111111113
708.0536657069279, 2485.4755555555557
708.4584330433985, 2461.2033333333334
708.8631390855107, 2504.8933333333334
709.2677838127423, 2490.33
709.6723672045712, 2526.7383333333332
710.0768892404751, 2517.0294444444444
710.4813498999321, 2509.7477777777776
710.88574916242, 2507.3205555555555
711.2900870074167, 2543.728888888889
711.6943634144001, 2478.193888888889
712.0985783628479, 2521.883888888889
712.5027318322383, 2534.02
712.906823802049, 2492.757222222222
713.310854251758, 2531.592777777778
713.7148231608429, 2536.447222222222
714.1187305087819, 2500.038888888889
714.5225762750528, 2555.865
714.9263604391333, 2461.2033333333334
715.3300829805016, 2529.1655555555553
715.7337438786353, 2453.9216666666666
716.1373431130124, 2504.8933333333334
716.5408806631108, 2453.9216666666666
716.9443565084084, 2461.2033333333334
717.3477706283832, 2534.02
717.7511230025127, 2466.0577777777776
718.1544136102751, 2444.212777777778
718.5576424311482, 2461.2033333333334
718.9608094446097, 2514.6022222222223
719.363914630138, 2507.3205555555555
719.7669579672105, 2439.358333333333
720.1699394353052, 2514.6022222222223
720.5728590138999, 2500.038888888889
720.9757166824728, 2531.592777777778
721.3785124205016, 2419.9405555555554
721.7812462074642, 2473.3394444444443
722.1839180228383, 2526.7383333333332
722.586527846102, 2524.311111111111
722.989075656733, 2504.8933333333334
723.3915614342095, 2512.175
723.7939851580091, 2480.621111111111
724.1963468076099, 2458.7761111111113
724.5986463624895, 2541.3016666666667
725.0008838021259, 2434.503888888889
725.4030591059972, 2524.311111111111
725.8051722535811, 2466.0577777777776
726.2072232243553, 2478.193888888889
726.6092119977981, 2509.7477777777776
727.011138553387, 2466.0577777777776
727.4130028706, 2444.212777777778
727.8148049289152, 2449.0672222222224
728.2165447078104, 2492.757222222222
728.6182221867631, 2432.076666666667
729.0198373452516, 2497.6116666666667
729.4213901627536, 2500.038888888889
729.8228806187471, 2483.048333333333
730.2243086927101, 2534.02
730.6256743641202, 2446.64
731.0269776124553, 2434.503888888889
731.4282184171935, 2436.931111111111
731.8293967578126, 2461.2033333333334
732.2305126137903, 2415.086111111111
732.6315659646046, 2541.3016666666667
733.0325567897337, 2427.222222222222
733.4334850686549, 2361.6872222222223
733.8343507808465, 2504.8933333333334
734.2351539057863, 2475.766666666667
734.6358944229522, 2432.076666666667
735.0365723118219, 2551.0105555555556
735.4371875518735, 2453.9216666666666
735.8377401225848, 2449.0672222222224
736.2382300034338, 2492.757222222222
736.6386571738981, 2461.2033333333334
737.0390216134557, 2490.33
737.4393233015847, 2524.311111111111
737.8395622177627, 2439.358333333333
738.2397383414677, 2436.931111111111
738.6398516521779, 2466.0577777777776
739.0399021293706, 2456.3488888888887
739.439889752524, 2531.592777777778
739.8398145011159, 2468.485
740.2396763546243, 2526.7383333333332
740.639475292527, 2473.3394444444443
741.0392112943019, 2478.193888888889
741.4388843394269, 2441.7855555555557
741.8384944073797, 2434.503888888889
742.2380414776385, 2395.6683333333335
742.637525529681, 2451.4944444444445
743.0369465429851, 2497.6116666666667
743.4363044970287, 2441.7855555555557
743.8355993712896, 2490.33
744.2348311452458, 2509.7477777777776
744.6339997983753, 2383.532222222222
745.0331053101557, 2497.6116666666667
745.432147660065, 2417.5133333333333
745.8311268275811, 2441.7855555555557
746.230042792182, 2500.038888888889
746.6288955333454, 2461.2033333333334
747.0276850305493, 2492.757222222222
747.4264112632713, 2449.0672222222224
747.8250742109897, 2446.64
748.2236738531822, 2490.33
748.6222101693266, 2534.02
749.0206831389012, 2427.222222222222
749.4190927413832, 2439.358333333333
749.817438956251, 2458.7761111111113
750.2157217629822, 2432.076666666667
750.6139411410547, 2468.485
751.0120970699468, 2434.503888888889
751.4101895291359, 2478.193888888889
751.8082184981, 2434.503888888889
752.2061839563171, 2485.4755555555557
752.604085883265, 2487.902777777778
753.0019242584217, 2470.912222222222
753.399699061265, 2429.6494444444443
753.7974102712727, 2470.912222222222
754.1950578679227, 2473.3394444444443
754.5926418306931, 2429.6494444444443
754.9901621390615, 2402.95
755.387618772506, 2463.6305555555555
755.7850117105044, 2446.64
756.1823409325345, 2500.038888888889
756.5796064180743, 2473.3394444444443
756.9768081466016, 2466.0577777777776
757.3739460975944, 2485.4755555555557
757.7710202505305, 2468.485
758.1680305848877, 2451.4944444444445
758.564977080144, 2417.5133333333333
758.9618597157773, 2424.795
759.3586784712656, 2555.865
759.7554333260865, 2424.795
760.1521242597179, 2461.2033333333334
760.5487512516379, 2463.6305555555555
760.9453142813243, 2470.912222222222
761.341813328255, 2478.193888888889
761.738248371908, 2456.3488888888887
762.1346193917608, 2475.766666666667
762.5309263672914, 2432.076666666667
762.927169277978, 2446.64
763.3233481032983, 2507.3205555555555
763.7194628227302, 2429.6494444444443
764.1155134157514, 2419.9405555555554
764.5114998618401, 2456.3488888888887
764.9074221404738, 2478.193888888889
765.3032802311308, 2536.447222222222
765.6990741132888, 2439.358333333333
766.0948037664257, 2453.9216666666666
766.4904691700191, 2473.3394444444443
766.8860703035473, 2453.9216666666666
767.2816071464881, 2497.6116666666667
767.6770796783193, 2463.6305555555555
768.0724878785187, 2480.621111111111
768.4678317265643, 2461.2033333333334
768.8631112019339, 2485.4755555555557
769.2583262841056, 2434.503888888889
769.653476952557, 2407.8044444444445
770.0485631867662, 2402.95
770.4435849662109, 2432.076666666667
770.8385422703691, 2463.6305555555555
771.2334350787187, 2393.241111111111
771.6282633707374, 2449.0672222222224
772.0230271259036, 2427.222222222222
772.4177263236944, 2470.912222222222
772.8123609435884, 2475.766666666667
773.2069309650631, 2466.0577777777776
773.6014363675963, 2546.156111111111
773.9958771306663, 2487.902777777778
774.3902532337505, 2485.4755555555557
774.7845646563271, 2453.9216666666666
775.1788113778739, 2366.5416666666665
775.5729933778688, 2453.9216666666666
775.9671106357898, 2463.6305555555555
776.3611631311144, 2546.156111111111
776.755150843321, 2485.4755555555557
777.1490737518869, 2393.241111111111
777.5429318362906, 2490.33
777.9367250760095, 2446.64
778.3304534505218, 2473.3394444444443
778.7241169393052, 2551.0105555555556
779.1177155218376, 2427.222222222222
779.5112491775968, 2480.621111111111
779.904717886061, 2468.485
780.2981216267079, 2461.2033333333334
780.6914603790154, 2461.2033333333334
781.0847341224612, 2410.2316666666666
781.4779428365234, 2436.931111111111
781.8710865006798, 2439.358333333333
782.2641650944086, 2509.7477777777776
782.657178597187, 2436.931111111111
783.0501269884934, 2487.902777777778
783.4430102478057, 2444.212777777778
783.8358283546014, 2434.503888888889
784.2285812883588, 2441.7855555555557
784.6212690285556, 2439.358333333333
785.0138915546697, 2434.503888888889
785.4064488461789, 2480.621111111111
785.7989408825612, 2466.0577777777776
786.1913676432944, 2451.4944444444445
786.5837291078566, 2487.902777777778
786.9760252557254, 2504.8933333333334
787.3682560663788, 2427.222222222222
787.7604215192946, 2400.5227777777777
788.1525215939508, 2466.0577777777776
788.5445562698254, 2492.757222222222
788.9365255263959, 2444.212777777778
789.3284293431406, 2429.6494444444443
789.7202676995372, 2439.358333333333
790.1120405750635, 2444.212777777778
790.5037479491975, 2480.621111111111
790.8953898014171, 2441.7855555555557
791.2869661112001, 2390.813888888889
791.6784768580243, 2468.485
792.0699220213678, 2495.1844444444446
792.4613015807084, 2519.4566666666665
792.852615515524, 2422.367777777778
793.2438638052924, 2473.3394444444443
793.6350464294916, 2478.193888888889
794.0261633675993, 2439.358333333333
794.4172145990937, 2427.222222222222
794.8082001034524, 2398.0955555555556
795.1991198601534, 2461.2033333333334
795.5899738486744, 2439.358333333333
795.9807620484936, 2415.086111111111
796.3714844390886, 2468.485
796.7621409999376, 2429.6494444444443
797.1527317105182, 2480.621111111111
797.5432565503083, 2463.6305555555555
797.933715498786, 2475.766666666667
798.3241085354289, 2463.6305555555555
798.7144356397151, 2458.7761111111113
799.1046967911225, 2432.076666666667
799.4948919691287, 2451.4944444444445
799.8850211532119, 2483.048333333333
800.2750843228498, 2422.367777777778
800.6650814575204, 2434.503888888889
801.0550125367017, 2500.038888888889
801.4448775398711, 2402.95
801.8346764465069, 2509.7477777777776
802.224409236087, 2432.076666666667
802.614075888089, 2480.621111111111
803.0036763819912, 2402.95
803.393210697271, 2407.8044444444445
803.7826788134066, 2402.95
804.1720807098758, 2456.3488888888887
804.5614163661564, 2461.2033333333334
804.9506857617265, 2461.2033333333334
805.3398888760638, 2419.9405555555554
805.7290256886463, 2485.4755555555557
806.1180961789518, 2434.503888888889
806.507100326458, 2417.5133333333333
806.8960381106433, 2475.766666666667
807.2849095109851, 2405.3772222222224
807.6737145069615, 2424.795
808.0624530780502, 2466.0577777777776
808.4511252037294, 2463.6305555555555
808.8397308634767, 2361.6872222222223
809.2282700367703, 2524.311111111111
809.6167427030877, 2495.1844444444446
810.0051488419068, 2517.0294444444444
810.3934884327059, 2504.8933333333334
810.7817614549624, 2458.7761111111113
811.1699678881547, 2410.2316666666666
811.5581077117603, 2487.902777777778
811.946180905257, 2463.6305555555555
812.3341874481231, 2400.5227777777777
812.722127319836, 2434.503888888889
813.1100004998741, 2483.048333333333
813.4978069677148, 2507.3205555555555
813.8855467028363, 2436.931111111111
814.2732196847163, 2531.592777777778
814.6608258928328, 2514.6022222222223
815.0483653066638, 2417.5133333333333
815.4358379056869, 2439.358333333333
815.82324366938, 2439.358333333333
816.2105825772212, 2441.7855555555557
816.5978546086883, 2419.9405555555554
816.9850597432592, 2458.7761111111113
817.3721979604117, 2512.175
817.7592692396238, 2419.9405555555554
818.1462735603732, 2402.95
818.5332109021379, 2458.7761111111113
818.9200812443959, 2439.358333333333
819.306884566625, 2436.931111111111
819.6936208483029, 2439.358333333333
820.0802900689077, 2378.677777777778
820.4668922079172, 2492.757222222222
820.8534272448094, 2410.2316666666666
821.239895159062, 2405.3772222222224
821.626295930153, 2458.7761111111113
822.0126295375603, 2410.2316666666666
822.3988959607616, 2441.7855555555557
822.785095179235, 2526.7383333333332
823.1712271724583, 2495.1844444444446
823.5572919199096, 2458.7761111111113
823.9432894010663, 2444.212777777778
824.3292195954066, 2398.0955555555556
824.7150824824083, 2444.212777777778
825.1008780415495, 2410.2316666666666
825.486606252308, 2439.358333333333
825.8722670941613, 2436.931111111111
826.2578605465877, 2410.2316666666666
826.643386589065, 2451.4944444444445
827.028845201071, 2444.212777777778
827.4142363620837, 2497.6116666666667
827.7995600515808, 2424.795
828.1848162490403, 2468.485
828.5700049339401, 2407.8044444444445
828.9551260857583, 2509.7477777777776
829.3401796839723, 2449.0672222222224
829.7251657080603, 2412.6588888888887
830.1100841375, 2453.9216666666666
830.4949349517696, 2439.358333333333
830.8797181303465, 2456.3488888888887
831.264433652709, 2361.6872222222223
831.649081498335, 2427.222222222222
832.0336616467022, 2364.1144444444444
832.4181740772884, 2483.048333333333
832.8026187695717, 2439.358333333333
833.1869957030299, 2473.3394444444443
833.5713048571408, 2444.212777777778
833.9555462113824, 2456.3488888888887
834.3397197452325, 2422.367777777778
834.723825438169, 2458.7761111111113
835.1078632696698, 2490.33
835.4918332192129, 2402.95
835.875735266276, 2458.7761111111113
836.259569390337, 2427.222222222222
836.6433355708738, 2492.757222222222
837.0270337873644, 2466.0577777777776
837.4106640192867, 2436.931111111111
837.7942262461185, 2439.358333333333
838.1777204473375, 2444.212777777778
838.5611466024219, 2456.3488888888887
838.9445046908494, 2449.0672222222224
839.3277946920979, 2502.4661111111113
839.7110165856454, 2502.4661111111113
840.0941703509696, 2485.4755555555557
840.4772559675484, 2453.9216666666666
840.8602734148599, 2512.175
841.2432226723819, 2436.931111111111
841.6261037195922, 2456.3488888888887
842.0089165359686, 2419.9405555555554
842.3916611009893, 2398.0955555555556
842.7743373941316, 2475.766666666667
843.156945394874, 2473.3394444444443
843.5394850826943, 2483.048333333333
843.9219564370701, 2458.7761111111113
844.3043594374793, 2468.485
844.6866940634001, 2424.795
845.06896029431, 2514.6022222222223
845.4511581096873, 2436.931111111111
845.8332874890094, 2458.7761111111113
846.2153484117546, 2415.086111111111
846.5973408574006, 2432.076666666667
846.9792648054253, 2458.7761111111113
847.3611202353064, 2468.485
847.7429071265223, 2575.282777777778
848.1246254585504, 2441.7855555555557
848.5062752108686, 2436.931111111111
848.8878563629551, 2478.193888888889
849.2693688942875, 2458.7761111111113
849.6508127843439, 2478.193888888889
850.0321880126021, 2470.912222222222
850.4134945585397, 2453.9216666666666
850.7947324016351, 2468.485
851.1759015213659, 2458.7761111111113
851.55700189721, 2444.212777777778
851.9380335086452, 2402.95
852.3189963351494, 2504.8933333333334
852.6998903562007, 2473.3394444444443
853.0807155512767, 2439.358333333333
853.4614718998556, 2398.0955555555556
853.8421593814152, 2504.8933333333334
854.2227779754331, 2521.883888888889
854.6033276613874, 2500.038888888889
854.983808418756, 2453.9216666666666
855.3642202270167, 2449.0672222222224
855.7445630656476, 2483.048333333333
856.1248369141263, 2470.912222222222
856.5050417519308, 2500.038888888889
856.8851775585389, 2436.931111111111
857.2652443134286, 2458.7761111111113
857.6452419960779, 2422.367777777778
858.0251705859644, 2417.5133333333333
858.4050300625662, 2470.912222222222
858.784820405361, 2483.048333333333
859.1645415938268, 2526.7383333333332
859.5441936074416, 2480.621111111111
859.923776425683, 2449.0672222222224
860.3032900280291, 2412.6588888888887
860.6827343939576, 2485.4755555555557
861.0621095029466, 2517.0294444444444
861.441415334474, 2393.241111111111
861.8206518680174, 2458.7761111111113
862.1998190830549, 2432.076666666667
862.5789169590645, 2453.9216666666666
862.9579454755236, 2483.048333333333
863.3369046119107, 2451.4944444444445
863.7157943477033, 2453.9216666666666
864.0946146623794, 2475.766666666667
864.4733655354167, 2495.1844444444446
864.8520469462933, 2422.367777777778
865.2306588744871, 2509.7477777777776
865.609201299476, 2422.367777777778
865.9876742007377, 2478.193888888889
866.3660775577501, 2439.358333333333
866.7444113499912, 2470.912222222222
867.1226755569388, 2301.0066666666667
867.500870158071, 2368.968888888889
867.8789951328655, 2419.9405555555554
868.2570504608001, 2492.757222222222
868.6350361213526, 2490.33
869.0129520940013, 2434.503888888889
869.3907983582237, 2419.9405555555554
869.7685748934982, 2419.9405555555554
870.146281679302, 2446.64
870.5239186951134, 2480.621111111111
870.90148592041, 2427.222222222222
871.27898333467, 2424.795
871.6564109173712, 2497.6116666666667
872.0337686479913, 2478.193888888889
872.4110565060084, 2500.038888888889
872.7882744709003, 2502.4661111111113
873.1654225221448, 2436.931111111111
873.5425006392201, 2512.175
873.9195088016037, 2405.3772222222224
874.2964469887736, 2422.367777777778
874.6733151802077, 2500.038888888889
875.050113355384, 2517.0294444444444
875.4268414937803, 2436.931111111111
875.8034995748744, 2398.0955555555556
876.1800875781444, 2393.241111111111
876.5566054830679, 2364.1144444444444
876.9330532691229, 2473.3394444444443
877.3094309157873, 2463.6305555555555
877.6857384025392, 2502.4661111111113
878.061975708856, 2451.4944444444445
878.438142814216, 2529.1655555555553
878.8142396980969, 2470.912222222222
879.1902663399766, 2466.0577777777776
879.5662227193332, 2412.6588888888887
879.9421088156442, 2412.6588888888887
880.3179246083878, 2417.5133333333333
880.6936700770416, 2436.931111111111
881.0693452010837, 2444.212777777778
881.4449499599921, 2466.0577777777776
881.8204843332443, 2378.677777777778
882.1959483003185, 2478.193888888889
882.5713418406924, 2473.3394444444443
882.9466649338441, 2446.64
883.3219175592512, 2424.795
883.6970996963919, 2521.883888888889
884.0722113247438, 2453.9216666666666
884.4472524237849, 2441.7855555555557
884.822222972993, 2512.175
885.1971229518462, 2422.367777777778
885.5719523398224, 2378.677777777778
885.9467111163991, 2427.222222222222
886.3213992610544, 2485.4755555555557
886.6960167532662, 2398.0955555555556
887.0705635725126, 2427.222222222222
887.4450396982711, 2385.9594444444447
887.8194451100198, 2458.7761111111113
888.1937797872365, 2478.193888888889
888.568043709399, 2497.6116666666667
888.9422368559856, 2453.9216666666666
889.3163592064737, 2466.0577777777776
889.6904107403415, 2458.7761111111113
890.0643914370667, 2419.9405555555554
890.438301276127, 2434.503888888889
890.8121402370008, 2509.7477777777776
891.1859082991656, 2400.5227777777777
891.5596054420996, 2415.086111111111
891.9332316452803, 2429.6494444444443
892.3067868881857, 2412.6588888888887
892.6802711502938, 2446.64
893.0536844110824, 2410.2316666666666
893.4270266500296, 2427.222222222222
893.8002978466128, 2463.6305555555555
894.1734979803103, 2490.33
894.5466270305999, 2444.212777777778
894.9196849769595, 2458.7761111111113
895.2926717988669, 2429.6494444444443
895.6655874758, 2402.95
896.0384319872365, 2407.8044444444445
896.4112053126547, 2485.4755555555557
896.7839074315323, 2512.175
897.156538323347, 2492.757222222222
897.529097967577, 2436.931111111111
897.9015863436998, 2419.9405555555554
898.2740034311936, 2473.3394444444443
898.6463492095362, 2480.621111111111
899.0186236582055, 2490.33
899.3908267566794, 2429.6494444444443
899.7629584844356, 2458.7761111111113
900.1350188209522, 2470.912222222222
900.5070077457069, 2422.367777777778
900.8789252381778, 2490.33
901.2507712778427, 2458.7761111111113
901.6225458441793, 2580.137222222222
901.9942489166658, 2480.621111111111
902.3658804747797, 2480.621111111111
902.7374404979993, 2422.367777777778
903.1089289658024, 2453.9216666666666
903.4803458576665, 2587.418888888889
903.8516911530699, 2368.968888888889
904.2229648314902, 2427.222222222222
904.5941668724056, 2398.0955555555556
904.9652972552939, 2475.766666666667
905.3363559596327, 2461.2033333333334
905.7073429649, 2449.0672222222224
906.0782582505739, 2453.9216666666666
906.4491017961321, 2478.193888888889
906.8198735810525, 2385.9594444444447
907.1905735848133, 2441.7855555555557
907.5612017868917, 2473.3394444444443
907.9317581667661, 2383.532222222222
908.3022427039143, 2400.5227777777777
908.6726553778141, 2393.241111111111
909.0429961679436, 2451.4944444444445
909.4132650537804, 2432.076666666667
909.7834620148025, 2524.311111111111
910.1535870304876, 2429.6494444444443
910.523640080314, 2529.1655555555553
910.8936211437593, 2475.766666666667
911.2635302003015, 2534.02
911.6333672294182, 2449.0672222222224
912.0031322105876, 2444.212777777778
912.3728251232876, 2432.076666666667
912.742445946996, 2444.212777777778
913.1119946611905, 2458.7761111111113
913.4814712453491, 2444.212777777778
913.8508756789498, 2466.0577777777776
914.2202079414703, 2412.6588888888887
914.5894680123887, 2422.367777777778
914.9586558711829, 2444.212777777778
915.3277714973304, 2466.0577777777776
915.6968148703095, 2492.757222222222
916.0657859695979, 2436.931111111111
916.4346847746734, 2470.912222222222
916.8035112650142, 2485.4755555555557
917.1722654200979, 2526.7383333333332
917.5409472194023, 2441.7855555555557
917.9095566424055, 2385.9594444444447
918.2780936685854, 2412.6588888888887
918.6465582774198, 2497.6116666666667
919.0149504483866, 2439.358333333333
919.3832701609637, 2456.3488888888887
919.7515173946289, 2500.038888888889
920.1196921288599, 2402.95
920.4877943431352, 2444.212777777778
920.8558240169323, 2395.6683333333335
921.223781129729, 2531.592777777778
921.5916656610033, 2514.6022222222223
921.9594775902328, 2500.038888888889
922.327216896896, 2432.076666666667
922.6948835604703, 2475.766666666667
923.0624775604338, 2470.912222222222
923.4299988762641, 2473.3394444444443
923.7974474874394, 2388.3866666666668
924.1648233734376, 2373.8233333333333
924.5321265137363, 2415.086111111111
924.8993568878135, 2441.7855555555557
925.2665144751472, 2417.5133333333333
925.6335992552152, 2478.193888888889
926.0006112074952, 2402.95
926.3675503114656, 2461.2033333333334
926.7344165466038, 2500.038888888889
927.1012098923877, 2415.086111111111
927.4679303282956, 2512.175
927.8345778338048, 2500.038888888889
928.2011523883937, 2461.2033333333334
928.5676539715399, 2441.7855555555557
928.9340825627213, 2466.0577777777776
929.300438141416, 2456.3488888888887
929.6667206871015, 2490.33
930.032930179256, 2485.4755555555557
930.3990665973574, 2475.766666666667
930.7651299208834, 2497.6116666666667
931.131120129312, 2468.485
931.497037202121, 2485.4755555555557
931.8628811187882, 2507.3205555555555
932.2286518587919, 2390.813888888889
932.5943494016095, 2449.0672222222224
932.959973726719, 2444.212777777778
933.3255248135985, 2376.2505555555554
933.6910026417256, 2483.048333333333
934.0564071905786, 2468.485
934.421738439635, 2473.3394444444443
934.7869963683726, 2373.8233333333333
935.1521809562696, 2436.931111111111
935.5172921828038, 2495.1844444444446
935.882330027453, 2497.6116666666667
936.2472944696952, 2436.931111111111
936.6121854890082, 2456.3488888888887
936.9770030648699, 2405.3772222222224
937.3417471767581, 2444.212777777778
937.7064178041509, 2419.9405555555554
938.071014926526, 2458.7761111111113
938.4355385233613, 2468.485
938.7999885741348, 2441.7855555555557
939.1643650583242, 2504.8933333333334
939.5286679554074, 2487.902777777778
939.8928972448628, 2400.5227777777777
940.2570529061674, 2449.0672222222224
940.6211349187996, 2475.766666666667
940.9851432622372, 2424.795
941.3490779159583, 2444.212777777778
941.7129388594406, 2492.757222222222
942.0767260721618, 2463.6305555555555
942.4404395336, 2439.358333333333
942.8040792232331, 2475.766666666667
943.1676451205389, 2407.8044444444445
943.5311372049953, 2509.7477777777776
943.8945554560802, 2432.076666666667
944.2578998532713, 2410.2316666666666
944.621170376047, 2487.902777777778
944.9843670038847, 2434.503888888889
945.3474897162623, 2422.367777777778
945.710538492658, 2456.3488888888887
946.0735133125493, 2453.9216666666666
946.4364141554144, 2463.6305555555555
946.7992410007312, 2422.367777777778
947.1619938279771, 2456.3488888888887
947.5246726166306, 2517.0294444444444
947.8872773461691, 2490.33
948.2498079960709, 2427.222222222222
948.6122645458137, 2475.766666666667
948.9746469748751, 2444.212777777778
949.3369552627336, 2473.3394444444443
949.6991893888663, 2412.6588888888887
950.0613493327519, 2487.902777777778
950.4234350738678, 2463.6305555555555
950.7854465916919, 2451.4944444444445
951.1473838657021, 2422.367777777778
951.5092468753764, 2500.038888888889
951.871035600193, 2385.9594444444447
952.2327500196291, 2436.931111111111
952.5943901131628, 2432.076666666667
952.9559558602721, 2475.766666666667
953.3174472404351, 2451.4944444444445
953.6788642331294, 2524.311111111111
954.040206817833, 2400.5227777777777
954.4014749740235, 2504.8933333333334
954.7626686811789, 2444.212777777778
955.1237879187775, 2422.367777777778
955.4848326662968, 2512.175
955.8458029032148, 2381.105
956.2066986090091, 2458.7761111111113
956.5675197631579, 2466.0577777777776
956.9282663451391, 2456.3488888888887
957.2889383344307, 2500.038888888889
957.6495357105102, 2395.6683333333335
958.0100584528556, 2463.6305555555555
958.3705065409446, 2410.2316666666666
958.7308799542557, 2458.7761111111113
959.0911786722664, 2461.2033333333334
959.4514026744546, 2495.1844444444446
959.8115519402979, 2456.3488888888887
960.1716264492745, 2502.4661111111113
960.5316261808625, 2458.7761111111113
960.8915511145395, 2402.95
961.2514012297835, 2434.503888888889
961.6111765060718, 2405.3772222222224
961.9708769228831, 2446.64
962.330502459695, 2424.795
962.6900530959854, 2383.532222222222
963.0495288112322, 2461.2033333333334
963.4089295849129, 2461.2033333333334
963.7682553965058, 2444.212777777778
964.1275062254888, 2441.7855555555557
964.4866820513397, 2451.4944444444445
964.8457828535363, 2504.8933333333334
965.2048086115565, 2480.621111111111
965.5637593048781, 2422.367777777778
965.9226349129792, 2412.6588888888887
966.2814354153378, 2441.7855555555557
966.6401607914315, 2502.4661111111113
966.998811020738, 2436.931111111111
967.3573860827355, 2388.3866666666668
967.715885956902, 2407.8044444444445
968.0743106227152, 2398.0955555555556
968.4326600596529, 2436.931111111111
968.7909342471929, 2405.3772222222224
969.1491331648133, 2497.6116666666667
969.5072567919922, 2492.757222222222
969.8653051082072, 2444.212777777778
970.2232780929362, 2400.5227777777777
970.5811757256569, 2475.766666666667
970.9389979858473, 2453.9216666666666
971.2967448529856, 2495.1844444444446
971.6544163065495, 2475.766666666667
972.0120123260166, 2487.902777777778
972.3695328908652, 2449.0672222222224
972.7269779805728, 2441.7855555555557
973.0843475746177, 2478.193888888889
973.4416416524775, 2497.6116666666667
973.7988601936299, 2453.9216666666666
974.1560031775534, 2419.9405555555554
974.5130705837252, 2466.0577777777776
974.8700623916237, 2415.086111111111
975.2269785807267, 2405.3772222222224
975.5838191305116, 2470.912222222222
975.940584020457, 2361.6872222222223
976.2972732300401, 2458.7761111111113
976.6538867387394, 2500.038888888889
977.0104245260326, 2417.5133333333333
977.366886571397, 2480.621111111111
977.7232728543113, 2449.0672222222224
978.079583354253, 2429.6494444444443
978.4358180507, 2441.7855555555557
978.7919769231304, 2497.6116666666667
979.1480599510217, 2475.766666666667
979.5040671138518, 2449.0672222222224
979.8599983910992, 2453.9216666666666
980.2158537622412, 2466.0577777777776
980.5716332067559, 2444.212777777778
980.9273367041209, 2410.2316666666666
981.2829642338144, 2449.0672222222224
981.6385157753143, 2475.766666666667
981.9939913080984, 2468.485
982.3493908116445, 2446.64
982.7047142654303, 2478.193888888889
983.0599616489342, 2415.086111111111
983.4151329416338, 2492.757222222222
983.770228123007, 2385.9594444444447
984.1252471725317, 2463.6305555555555
984.4801900696855, 2361.6872222222223
984.8350567939466, 2495.1844444444446
985.189847324793, 2422.367777777778
985.5445616417024, 2402.95
985.8991997241528, 2495.1844444444446
986.2537615516217, 2439.358333333333
986.6082471035874, 2458.7761111111113
986.9626563595276, 2485.4755555555557
987.3169892989204, 2441.7855555555557
987.6712459012435, 2434.503888888889
988.0254261459746, 2439.358333333333
988.3795300125918, 2492.757222222222
988.733557480573, 2463.6305555555555
989.0875085293962, 2456.3488888888887
989.4413831385392, 2470.912222222222
989.7951812874794, 2439.358333333333
990.1489029556951, 2388.3866666666668
990.5025481226647, 2436.931111111111
990.8561167678653, 2502.4661111111113
991.2096088707751, 2470.912222222222
991.5630244108718, 2424.795
991.9163633676334, 2419.9405555555554
992.269625720538, 2434.503888888889
992.6228114490633, 2441.7855555555557
992.9759205326872, 2388.3866666666668
993.3289529508872, 2509.7477777777776
993.6819086831417, 2429.6494444444443
994.0347877089287, 2480.621111111111
994.3875900077255, 2422.367777777778
994.7403155590106, 2468.485
995.0929643422612, 2519.4566666666665
995.4455363369556, 2531.592777777778
995.7980315225718, 2417.5133333333333
996.1504498785876, 2436.931111111111
996.5027913844808, 2429.6494444444443
996.8550560197291, 2456.3488888888887
997.2072437638105, 2456.3488888888887
997.5593545962032, 2453.9216666666666
997.9113884963849, 2458.7761111111113
998.2633454438334, 2463.6305555555555
998.6152254180263, 2415.086111111111
998.967028398442, 2444.212777777778
999.3187543645583, 2509.7477777777776
999.6704032958529, 2434.503888888889
1000.0219751718037, 2436.931111111111
1000.3734699718887, 2504.8933333333334
1000.7248876755855, 2427.222222222222
1001.0762282623723, 2466.0577777777776
1001.4274917117272, 2451.4944444444445
1001.7786780031272, 2444.212777777778
1002.1297871160513, 2429.6494444444443
1002.4808190299765, 2478.193888888889
1002.831773724381, 2458.7761111111113
1003.1826511787431, 2446.64
1003.5334513725397, 2436.931111111111
1003.8841742852499, 2453.9216666666666
1004.2348198963505, 2492.757222222222
1004.58538818532, 2410.2316666666666
1004.9358791316362, 2419.9405555555554
1005.2862927147766, 2434.503888888889
1005.6366289142197, 2407.8044444444445
1005.9868877094427, 2451.4944444444445
1006.3370690799243, 2410.2316666666666
1006.6871730051417, 2424.795
1007.0371994645731, 2436.931111111111
1007.387148437696, 2419.9405555555554
1007.7370199039891, 2500.038888888889
1008.0868138429296, 2415.086111111111
1008.4365302339957, 2393.241111111111
1008.7861690566647, 2390.813888888889
1009.135730290415, 2521.883888888889
1009.4852139147247, 2519.4566666666665
1009.8346199090714, 2466.0577777777776
1010.183948252933, 2432.076666666667
1010.5331989257868, 2444.212777777778
1010.8823719071117, 2475.766666666667
1011.2314671763851, 2407.8044444444445
1011.5804847130852, 2376.2505555555554
1011.9294244966892, 2480.621111111111
1012.2782865066753, 2475.766666666667
1012.6270707225216, 2492.757222222222
1012.9757771237059, 2439.358333333333
1013.3244056897063, 2456.3488888888887
1013.6729564000002, 2422.367777777778
1014.0214292340655, 2444.212777777778
1014.3698241713803, 2509.7477777777776
1014.7181411914225, 2502.4661111111113
1015.0663802736703, 2487.902777777778
1015.414541397601, 2466.0577777777776
1015.7626245426926, 2402.95
1016.1106296884232, 2451.4944444444445
1016.4585568142705, 2441.7855555555557
1016.8064058997128, 2381.105
1017.1541769242275, 2517.0294444444444
1017.5018698672923, 2427.222222222222
1017.8494847083857, 2446.64
1018.1970214269853, 2446.64
1018.544480002569, 2439.358333333333
1018.8918604146148, 2444.212777777778
1019.2391626426003, 2517.0294444444444
1019.5863866660034, 2444.212777777778
1019.9335324643024, 2487.902777777778
1020.2806000169747, 2429.6494444444443
1020.6275893034986, 2461.2033333333334
1020.9745003033515, 2439.358333333333
1021.3213329960116, 2485.4755555555557
1021.6680873609569, 2376.2505555555554
1022.0147633776651, 2444.212777777778
1022.3613610256143, 2456.3488888888887
1022.7078802842818, 2405.3772222222224
1023.054321133146, 2424.795
1023.4006835516849, 2398.0955555555556
1023.7469675193759, 2451.4944444444445
1024.0931730156972, 2405.3772222222224
1024.4393000201267, 2402.95
1024.785348512142, 2480.621111111111
1025.1313184712212, 2405.3772222222224
1025.4772098768424, 2485.4755555555557
1025.8230227084832, 2466.0577777777776
1026.1687569456215, 2456.3488888888887
1026.5144125677348, 2480.621111111111
1026.8599895543018, 2368.968888888889
1027.2054878848003, 2492.757222222222
1027.5509075387072, 2395.6683333333335
1027.8962484955014, 2478.193888888889
1028.2415107346603, 2436.931111111111
1028.586694235662, 2419.9405555555554
1028.9317989779845, 2417.5133333333333
1029.2768249411054, 2543.728888888889
1029.6217721045025, 2543.728888888889
1029.9666404476538, 2543.728888888889
