# FLAME spectrum data format
# Time of snapshot: 2021-02-08T18:20:56Eastern Standard Time
# Number of frames accumulated: 0
# Scan time per exposure [us]: 100000189.1861363086452, 1997.6038888888888
189.64926416366848, 2065.5661111111112
190.11235512512943, 2063.1388888888887
190.57540917250594, 1927.2144444444446
191.03842628527582, 2101.9744444444445
191.50140644291702, 2046.1483333333333
191.9643496249074, 2092.2655555555557
192.4272558107249, 2097.12
192.89012497984731, 2135.9555555555557
193.35295711175254, 2019.4488888888889
193.81575218591854, 2106.8288888888887
194.27851018182312, 2208.7722222222224
194.7412310789442, 2094.692777777778
195.20391485675964, 2274.307222222222
195.66656149474733, 2250.035
196.12917097238517, 2298.5794444444446
196.59174326915107, 2286.443333333333
197.05427836452282, 2301.0066666666667
197.51677623797838, 2206.345
197.97923686899566, 2291.297777777778
198.44166023705247, 2315.57
198.9040463216267, 2325.278888888889
199.36639510219626, 2385.9594444444447
199.82870655823908, 2410.2316666666666
200.29098066923297, 2313.1427777777776
200.7532174146558, 2432.076666666667
201.21541677398554, 2398.0955555555556
201.6775787267, 2427.222222222222
202.13970325227712, 2458.7761111111113
202.60179033019475, 2463.6305555555555
203.06383993993072, 2393.241111111111
203.52585206096302, 2463.6305555555555
203.9878266727695, 2439.358333333333
204.44976375482798, 2492.757222222222
204.91166328661643, 2422.367777777778
205.3735252476127, 2417.5133333333333
205.83534961729464, 2436.931111111111
206.2971363751402, 2458.7761111111113
206.75888550062717, 2422.367777777778
207.22059697323357, 2422.367777777778
207.68227077243716, 2453.9216666666666
208.14390687771592, 2483.048333333333
208.6055052685476, 2424.795
209.0670659244102, 2402.95
209.5285888247816, 2451.4944444444445
209.99007394913966, 2393.241111111111
210.4515212769622, 2412.6588888888887
210.9129307877272, 2436.931111111111
211.3743024609125, 2378.677777777778
211.835636275996, 2349.551111111111
212.29693221245557, 2422.367777777778
212.7581902497691, 2412.6588888888887
213.21941036741444, 2424.795
213.68059254486954, 2453.9216666666666
214.14173676161224, 2405.3772222222224
214.60284299712043, 2485.4755555555557
215.06391123087198, 2504.8933333333334
215.52494144234484, 2417.5133333333333
215.9859336110168, 2402.95
216.4468877163658, 2422.367777777778
216.9078037378697, 2463.6305555555555
217.36868165500644, 2415.086111111111
217.82952144725382, 2415.086111111111
218.29032309408976, 2407.8044444444445
218.75108657499214, 2407.8044444444445
219.2118118694389, 2436.931111111111
219.67249895690784, 2504.8933333333334
220.13314781687689, 2456.3488888888887
220.5937584288239, 2390.813888888889
221.0543307722268, 2483.048333333333
221.51486482656347, 2453.9216666666666
221.97536057131174, 2463.6305555555555
222.43581798594948, 2356.8327777777777
222.8962370499547, 2405.3772222222224
223.35661774280518, 2412.6588888888887
223.81696004397878, 2504.8933333333334
224.2772639329535, 2359.26
224.73752938920714, 2441.7855555555557
225.1977563922176, 2480.621111111111
225.65794492146279, 2461.2033333333334
226.1180949564205, 2395.6683333333335
226.57820647656874, 2415.086111111111
227.03827946138532, 2402.95
227.4983138903481, 2446.64
227.95830974293503, 2485.4755555555557
228.418266998624, 2461.2033333333334
228.87818563689282, 2451.4944444444445
229.33806563721944, 2412.6588888888887
229.79790697908172, 2390.813888888889
230.25770964195752, 2390.813888888889
230.71747360532476, 2388.3866666666668
231.1771988486613, 2490.33
231.63688535144504, 2432.076666666667
232.09653309315385, 2385.9594444444447
232.5561420532656, 2468.485
233.01571221125823, 2419.9405555555554
233.4752435466096, 2436.931111111111
233.93473603879755, 2441.7855555555557
234.3941896673, 2393.241111111111
234.85360441159483, 2361.6872222222223
235.31298025115996, 2434.503888888889
235.77231716547317, 2444.212777777778
236.23161513401246, 2407.8044444444445
236.69087413625567, 2446.64
237.15009415168063, 2419.9405555555554
237.60927515976533, 2451.4944444444445
238.0684171399876, 2441.7855555555557
238.52752007182528, 2429.6494444444443
238.9865839347563, 2453.9216666666666
239.44560870825856, 2405.3772222222224
239.90459437180988, 2432.076666666667
240.36354090488823, 2441.7855555555557
240.82244828697142, 2463.6305555555555
241.28131649753738, 2432.076666666667
241.740145516064, 2519.4566666666665
242.1989353220291, 2432.076666666667
242.65768589491063, 2470.912222222222
243.1163972141864, 2412.6588888888887
243.5750692593344, 2432.076666666667
244.03370200983244, 2441.7855555555557
244.49229544515842, 2422.367777777778
244.95084954479023, 2436.931111111111
245.40936428820572, 2359.26
245.8678396548828, 2407.8044444444445
246.3262756242994, 2466.0577777777776
246.7846721759333, 2441.7855555555557
247.2430292892625, 2366.5416666666665
247.7013469437648, 2453.9216666666666
248.15962511891811, 2434.503888888889
248.61786379420033, 2497.6116666666667
249.0760629490893, 2456.3488888888887
249.53422256306294, 2456.3488888888887
249.9923426155991, 2393.241111111111
250.4504230861757, 2475.766666666667
250.90846395427067, 2371.396111111111
251.3664651993618, 2390.813888888889
251.82442680092703, 2400.5227777777777
252.2823487384442, 2466.0577777777776
252.7402309913912, 2439.358333333333
253.19807353924597, 2429.6494444444443
253.65587636148632, 2419.9405555555554
254.1136394375902, 2478.193888888889
254.57136274703547, 2410.2316666666666
255.02904626929998, 2395.6683333333335
255.48668998386165, 2512.175
255.94429387019835, 2424.795
256.401857907788, 2400.5227777777777
256.8593820761084, 2434.503888888889
257.3168663546375, 2451.4944444444445
257.77431072285316, 2393.241111111111
258.2317151602333, 2436.931111111111
258.6890796462558, 2434.503888888889
259.14640416039845, 2470.912222222222
259.6036886821393, 2500.038888888889
260.0609331909561, 2470.912222222222
260.51813766632677, 2410.2316666666666
260.9753020877292, 2475.766666666667
261.4324264346412, 2402.95
261.8895106865408, 2446.64
262.3465548229058, 2436.931111111111
262.8035588232141, 2458.7761111111113
263.26052266694353, 2410.2316666666666
263.717446333572, 2466.0577777777776
264.1743298025776, 2468.485
264.6311730534378, 2439.358333333333
265.0879760656308, 2424.795
265.5447388186344, 2453.9216666666666
266.00146129192643, 2424.795
266.4581434649849, 2473.3394444444443
266.91478531728757, 2507.3205555555555
267.3713868283124, 2436.931111111111
267.82794797753724, 2568.001111111111
268.28446874443995, 2500.038888888889
268.7409491084984, 2446.64
269.19738904919063, 2410.2316666666666
269.6537885459943, 2385.9594444444447
270.1101475783875, 2456.3488888888887
270.56646612584797, 2461.2033333333334
271.0227441678536, 2424.795
271.4789816838824, 2478.193888888889
271.93517865341204, 2485.4755555555557
272.3913350559207, 2381.105
272.84745087088595, 2461.2033333333334
273.3035260777859, 2466.0577777777776
273.7595606560983, 2429.6494444444443
274.2155545853011, 2478.193888888889
274.6715078448722, 2449.0672222222224
275.1274204142894, 2461.2033333333334
275.58329227303074, 2473.3394444444443
276.0391234005739, 2473.3394444444443
276.4949137763969, 2400.5227777777777
276.9506633799776, 2434.503888888889
277.4063721907939, 2509.7477777777776
277.8620401883236, 2456.3488888888887
278.3176673520446, 2470.912222222222
278.773253661435, 2487.902777777778
279.22879909597236, 2470.912222222222
279.68430363513477, 2446.64
280.1397672584, 2458.7761111111113
280.595189945246, 2538.8744444444446
281.05057167515076, 2449.0672222222224
281.5059124275919, 2388.3866666666668
281.9612121820476, 2405.3772222222224
282.4164709179954, 2434.503888888889
282.87168861491347, 2451.4944444444445
283.3268652522797, 2449.0672222222224
283.78200080957174, 2468.485
284.2370952662677, 2470.912222222222
284.6921486018453, 2417.5133333333333
285.14716079578255, 2441.7855555555557
285.60213182755723, 2385.9594444444447
286.0570616766474, 2444.212777777778
286.5119503225307, 2412.6588888888887
286.9667977446852, 2468.485
287.4216039225886, 2456.3488888888887
287.87636883571895, 2475.766666666667
288.33109246355417, 2543.728888888889
288.785774785572, 2490.33
289.2404157812505, 2444.212777777778
289.6950154300672, 2376.2505555555554
290.14957371150035, 2429.6494444444443
290.60409060502775, 2429.6494444444443
291.05856609012716, 2388.3866666666668
291.51300014627657, 2466.0577777777776
291.96739275295386, 2514.6022222222223
292.42174388963684, 2444.212777777778
292.8760535358034, 2502.4661111111113
293.3303216709316, 2473.3394444444443
293.7845482744991, 2444.212777777778
294.2387333259839, 2439.358333333333
294.6928768048639, 2417.5133333333333
295.14697869061683, 2470.912222222222
295.6010389627208, 2485.4755555555557
296.05505760065347, 2422.367777777778
296.50903458389297, 2487.902777777778
296.9629698919169, 2424.795
297.4168635042034, 2441.7855555555557
297.8707154002302, 2541.3016666666667
298.32452555947515, 2466.0577777777776
298.7782939614164, 2453.9216666666666
299.2320205855315, 2432.076666666667
299.6857054112985, 2490.33
300.1393484181953, 2422.367777777778
300.5929495856997, 2395.6683333333335
301.0465088932897, 2402.95
301.50002632044306, 2388.3866666666668
301.9535018466377, 2427.222222222222
302.40693545135156, 2432.076666666667
302.8603271140625, 2461.2033333333334
303.31367681424837, 2354.4055555555556
303.7669845313871, 2371.396111111111
304.2202502449565, 2463.6305555555555
304.6734739344345, 2393.241111111111
305.12665557929904, 2475.766666666667
305.57979515902787, 2427.222222222222
306.03289265309905, 2444.212777777778
306.4859480409903, 2432.076666666667
306.93896130217956, 2451.4944444444445
307.39193241614487, 2478.193888888889
307.8448613623638, 2521.883888888889
308.2977481203145, 2500.038888888889
308.75059266947466, 2407.8044444444445
309.20339498932225, 2495.1844444444446
309.6561550593353, 2463.6305555555555
310.10887285899145, 2368.968888888889
310.56154836776875, 2398.0955555555556
311.01418156514495, 2419.9405555555554
311.46677243059804, 2531.592777777778
311.9193209436059, 2441.7855555555557
312.37182708364634, 2439.358333333333
312.8242908301973, 2473.3394444444443
313.27671216273677, 2453.9216666666666
313.7290910607424, 2432.076666666667
314.1814275036922, 2485.4755555555557
314.63372147106406, 2439.358333333333
315.08597294233584, 2466.0577777777776
315.53818189698546, 2432.076666666667
315.99034831449075, 2417.5133333333333
316.44247217432957, 2444.212777777778
316.8945534559799, 2444.212777777778
317.3465921389196, 2444.212777777778
317.7985882026266, 2427.222222222222
318.2505416265786, 2507.3205555555555
318.7024523902536, 2456.3488888888887
319.1543204731295, 2441.7855555555557
319.6061458546842, 2398.0955555555556
320.0579285143956, 2468.485
320.50966843174143, 2507.3205555555555
320.9613655861997, 2492.757222222222
321.4130199572483, 2432.076666666667
321.86463152436505, 2473.3394444444443
322.3162002670279, 2458.7761111111113
322.76772616471476, 2468.485
323.2192091969033, 2485.4755555555557
323.6706493430717, 2509.7477777777776
324.1220465826977, 2509.7477777777776
324.5734008952591, 2483.048333333333
325.0247122602339, 2463.6305555555555
325.4759806571, 2405.3772222222224
325.9272060653352, 2427.222222222222
326.3783884644174, 2432.076666666667
326.8295278338246, 2427.222222222222
327.2806241530346, 2461.2033333333334
327.7316774015252, 2422.367777777778
328.1826875587743, 2405.3772222222224
328.63365460425996, 2451.4944444444445
329.08457851745993, 2424.795
329.5354592778521, 2417.5133333333333
329.9862968649143, 2359.26
330.4370912581245, 2432.076666666667
330.88784243696057, 2402.95
331.3385503809005, 2461.2033333333334
331.78921506942197, 2473.3394444444443
332.2398364820029, 2424.795
332.69041459812127, 2432.076666666667
333.1409493972549, 2451.4944444444445
333.59144085888175, 2509.7477777777776
334.0418889624796, 2432.076666666667
334.49229368752646, 2432.076666666667
334.94265501350003, 2427.222222222222
335.3929729198783, 2495.1844444444446
335.8432473861392, 2490.33
336.29347839176063, 2514.6022222222223
336.7436659162204, 2470.912222222222
337.19380993899625, 2502.4661111111113
337.6439104395663, 2410.2316666666666
338.0939673974084, 2451.4944444444445
338.5439807920004, 2449.0672222222224
338.9939506028201, 2427.222222222222
339.4438768093455, 2480.621111111111
339.89375939105446, 2453.9216666666666
340.34359832742473, 2436.931111111111
340.7933935979344, 2463.6305555555555
341.24314518206126, 2424.795
341.69285305928315, 2446.64
342.14251720907805, 2446.64
342.5921376109237, 2449.0672222222224
343.0417142442982, 2495.1844444444446
343.4912470886792, 2446.64
343.9407361235448, 2478.193888888889
344.39018132837265, 2575.282777777778
344.8395826826408, 2424.795
345.2889401658271, 2502.4661111111113
345.73825375740944, 2507.3205555555555
346.1875234368658, 2458.7761111111113
346.63674918367377, 2434.503888888889
347.0859309773115, 2475.766666666667
347.53506879725677, 2485.4755555555557
347.9841626229875, 2458.7761111111113
348.4332124339816, 2453.9216666666666
348.8822182097168, 2436.931111111111
349.33117992967124, 2439.358333333333
349.78009757332256, 2521.883888888889
350.2289711201488, 2526.7383333333332
350.67780054962776, 2446.64
351.1265858412374, 2468.485
351.5753269744555, 2458.7761111111113
352.02402392876, 2470.912222222222
352.47267668362883, 2483.048333333333
352.92128521853977, 2458.7761111111113
353.36984951297086, 2458.7761111111113
353.81836954639977, 2439.358333333333
354.26684529830453, 2427.222222222222
354.715276748163, 2402.95
355.1636638754531, 2512.175
355.61200665965265, 2439.358333333333
356.0603050802395, 2415.086111111111
356.50855911669163, 2517.0294444444444
356.9567687484869, 2446.64
357.4049339551032, 2378.677777777778
357.85305471601833, 2415.086111111111
358.30113101071026, 2480.621111111111
358.7491628186568, 2410.2316666666666
359.1971501193359, 2478.193888888889
359.64509289222553, 2517.0294444444444
360.0929911168034, 2407.8044444444445
360.5408447725474, 2446.64
360.98865383893553, 2453.9216666666666
361.4364182954456, 2478.193888888889
361.88413812155545, 2521.883888888889
362.3318132967432, 2463.6305555555555
362.7794438004865, 2526.7383333333332
363.2270296122632, 2480.621111111111
363.6745707115514, 2521.883888888889
364.1220670778288, 2543.728888888889
364.5695186905733, 2470.912222222222
365.01692552926295, 2434.503888888889
365.46428757337543, 2485.4755555555557
365.9116048023887, 2407.8044444444445
366.3588771957806, 2405.3772222222224
366.80610473302926, 2456.3488888888887
367.25328739361225, 2538.8744444444446
367.7004251570076, 2512.175
368.14751800269306, 2492.757222222222
368.59456591014674, 2466.0577777777776
369.0415688588464, 2444.212777777778
369.4885268282698, 2529.1655555555553
369.9354397978952, 2495.1844444444446
370.3823077472, 2417.5133333333333
370.82913065566237, 2424.795
371.2759085027602, 2495.1844444444446
371.7226412679713, 2432.076666666667
372.1693289307736, 2429.6494444444443
372.615971470645, 2526.7383333333332
373.0625688670632, 2466.0577777777776
373.5091210995062, 2449.0672222222224
373.95562814745205, 2417.5133333333333
374.4020899903785, 2449.0672222222224
374.8485066077633, 2478.193888888889
375.29487797908456, 2458.7761111111113
375.74120408382, 2512.175
376.1874849014476, 2478.193888888889
376.6337204114452, 2390.813888888889
377.07991059329066, 2512.175
377.52605542646194, 2517.0294444444444
377.9721548904368, 2519.4566666666665
378.41820896469335, 2434.503888888889
378.8642176287092, 2449.0672222222224
379.31018086196246, 2504.8933333333334
379.75609864393084, 2478.193888888889
380.2019709540923, 2451.4944444444445
380.64779777192473, 2466.0577777777776
381.093579076906, 2458.7761111111113
381.5393148485141, 2453.9216666666666
381.98500506622673, 2444.212777777778
382.43064970952184, 2388.3866666666668
382.87624875787736, 2453.9216666666666
383.32180219077117, 2419.9405555555554
383.76730998768113, 2495.1844444444446
384.2127721280851, 2427.222222222222
384.658188591461, 2439.358333333333
385.1035593572866, 2485.4755555555557
385.54888440504004, 2453.9216666666666
385.994163714199, 2419.9405555555554
386.4393972642414, 2429.6494444444443
386.8845850346451, 2439.358333333333
387.32972700488807, 2449.0672222222224
387.77482315444814, 2412.6588888888887
388.2198734628032, 2439.358333333333
388.66487790943114, 2478.193888888889
389.1098364738098, 2512.175
389.55474913541707, 2453.9216666666666
389.99961587373093, 2451.4944444444445
390.44443666822923, 2478.193888888889
390.8892114983898, 2468.485
391.3339403436905, 2417.5133333333333
391.7786231836093, 2461.2033333333334
392.2232599976239, 2466.0577777777776
392.6678507652125, 2487.902777777778
393.11239546585284, 2483.048333333333
393.55689407902264, 2487.902777777778
394.0013465841999, 2402.95
394.4457529608626, 2410.2316666666666
394.89011318848856, 2410.2316666666666
395.3344272465556, 2519.4566666666665
395.77869511454173, 2487.902777777778
396.22291677192464, 2466.0577777777776
396.6670921981824, 2434.503888888889
397.1112213727928, 2419.9405555555554
397.55530427523377, 2480.621111111111
397.99934088498316, 2497.6116666666667
398.4433311815189, 2517.0294444444444
398.8872751443188, 2504.8933333333334
399.33117275286077, 2502.4661111111113
399.7750239866227, 2470.912222222222
400.2188288250826, 2405.3772222222224
400.6625872477181, 2502.4661111111113
401.1062992340072, 2453.9216666666666
401.5499647634279, 2470.912222222222
401.99358381545795, 2436.931111111111
402.43715636957535, 2446.64
402.8806824052578, 2495.1844444444446
403.3241619019833, 2466.0577777777776
403.7675948392297, 2422.367777777778
404.2109811964749, 2560.7194444444444
404.6543209531968, 2478.193888888889
405.0976140888734, 2429.6494444444443
405.5408605829823, 2458.7761111111113
405.9840604150016, 2466.0577777777776
406.4272135644091, 2427.222222222222
406.87032001068275, 2526.7383333333332
407.3133797333004, 2483.048333333333
407.7563927117399, 2473.3394444444443
408.1993589254791, 2555.865
408.64227835399595, 2395.6683333333335
409.08515097676843, 2453.9216666666666
409.52797677327436, 2470.912222222222
409.97075572299144, 2480.621111111111
410.4134878053977, 2555.865
410.856172999971, 2475.766666666667
411.2988112861894, 2475.766666666667
411.74140264353053, 2451.4944444444445
412.18394705147244, 2490.33
412.6264444894928, 2502.4661111111113
413.0688949370698, 2517.0294444444444
413.5112983736811, 2551.0105555555556
413.9536547788046, 2490.33
414.39596413191833, 2475.766666666667
414.83822641250003, 2402.95
415.2804416000276, 2492.757222222222
415.722609673979, 2514.6022222222223
416.16473061383203, 2504.8933333333334
416.6068043990647, 2429.6494444444443
417.0488310091547, 2509.7477777777776
417.49081042358, 2538.8744444444446
417.93274262181853, 2507.3205555555555
418.37462758334823, 2507.3205555555555
418.8164652876469, 2517.0294444444444
419.25825571419233, 2509.7477777777776
419.6999988424625, 2466.0577777777776
420.1416946519353, 2463.6305555555555
420.58334312208865, 2521.883888888889
421.02494423240046, 2444.212777777778
421.46649796234846, 2538.8744444444446
421.9080042914106, 2502.4661111111113
422.34946319906476, 2461.2033333333334
422.7908746647889, 2461.2033333333334
423.2322386680608, 2456.3488888888887
423.6735551883584, 2446.64
424.1148242051596, 2446.64
424.55604569794224, 2495.1844444444446
424.99721964618425, 2495.1844444444446
425.43834602936346, 2458.7761111111113
425.87942482695786, 2502.4661111111113
426.32045601844516, 2551.0105555555556
426.7614395833034, 2444.212777777778
427.20237550101035, 2415.086111111111
427.643263751044, 2507.3205555555555
428.0841043128821, 2441.7855555555557
428.5248971660027, 2490.33
428.96564228988353, 2461.2033333333334
429.4063396640026, 2495.1844444444446
429.8469892678377, 2453.9216666666666
430.2875910808667, 2466.0577777777776
430.72814508256766, 2529.1655555555553
431.1686512524183, 2485.4755555555557
431.6091095698964, 2497.6116666666667
432.04952001448015, 2456.3488888888887
432.48988256564724, 2487.902777777778
432.93019720287555, 2451.4944444444445
433.37046390564296, 2492.757222222222
433.8106826534275, 2434.503888888889
434.2508534257068, 2458.7761111111113
434.690976201959, 2410.2316666666666
435.13105096166186, 2504.8933333333334
435.57107768429324, 2500.038888888889
436.011056349331, 2529.1655555555553
436.4509869362532, 2463.6305555555555
436.8908694245375, 2468.485
437.330703793662, 2531.592777777778
437.7704900231044, 2466.0577777777776
438.2102280923426, 2330.133333333333
438.64991798085464, 2548.5833333333335
439.0895596681183, 2512.175
439.52915313361143, 2572.8555555555554
439.968698356812, 2551.0105555555556
440.4081953171978, 2492.757222222222
440.84764399424677, 2519.4566666666665
441.28704436743686, 2553.4377777777777
441.7263964162458, 2492.757222222222
442.1657001201515, 2534.02
442.604955458632, 2519.4566666666665
443.044162411165, 2490.33
443.48332095722856, 2521.883888888889
443.92243107630037, 2480.621111111111
444.36149274785845, 2453.9216666666666
444.80050595138067, 2500.038888888889
445.2394706663448, 2500.038888888889
445.67838687222894, 2538.8744444444446
446.11725454851074, 2509.7477777777776
446.5560736746682, 2548.5833333333335
446.99484423017924, 2534.02
447.4335661945217, 2470.912222222222
447.8722395471734, 2543.728888888889
448.3108642676124, 2495.1844444444446
448.74944033531636, 2538.8744444444446
449.18796772976333, 2546.156111111111
449.6264464304311, 2514.6022222222223
450.0648764167976, 2546.156111111111
450.5032576683408, 2444.212777777778
450.94159016453835, 2451.4944444444445
451.37987388486823, 2458.7761111111113
451.8181088088085, 2521.883888888889
452.25629491583686, 2444.212777777778
452.6944321854313, 2436.931111111111
453.1325205970696, 2470.912222222222
453.5705601302296, 2546.156111111111
454.00855076438944, 2534.02
454.44649247902674, 2582.5644444444442
454.8843852536195, 2497.6116666666667
455.32222906764554, 2417.5133333333333
455.76002390058284, 2497.6116666666667
456.19776973190926, 2565.573888888889
456.63546654110263, 2492.757222222222
457.07311430764076, 2526.7383333333332
457.5107130110018, 2483.048333333333
457.9482626306634, 2449.0672222222224
458.38576314610356, 2555.865
458.82321453680004, 2456.3488888888887
459.2606167822308, 2507.3205555555555
459.69796986187373, 2500.038888888889
460.13527375520675, 2473.3394444444443
460.5725284417076, 2541.3016666666667
461.0097339008544, 2526.7383333333332
461.44689011212483, 2555.865
461.8839970549969, 2466.0577777777776
462.3210547089484, 2485.4755555555557
462.7580630534572, 2485.4755555555557
463.1950220680013, 2502.4661111111113
463.63193173205855, 2507.3205555555555
464.0687920251067, 2531.592777777778
464.5056029266238, 2546.156111111111
464.9423644160876, 2536.447222222222
465.3790764729762, 2543.728888888889
465.8157390767672, 2536.447222222222
466.2523522069386, 2548.5833333333335
466.6889158429684, 2507.3205555555555
467.12542996433433, 2512.175
467.5618945505144, 2492.757222222222
467.9983095809864, 2526.7383333333332
468.4346750352282, 2519.4566666666665
468.8709908927178, 2517.0294444444444
469.30725713293293, 2558.2922222222223
469.7434737353516, 2606.8366666666666
470.1796406794516, 2512.175
470.6157579447109, 2597.1277777777777
471.05182551060733, 2599.555
471.4878433566188, 2538.8744444444446
471.9238114622231, 2504.8933333333334
472.35972980689826, 2572.8555555555554
472.7955983701221, 2606.8366666666666
473.23141713137244, 2592.2733333333335
473.66718607012734, 2548.5833333333335
474.1029051658645, 2599.555
474.53857439806194, 2536.447222222222
474.97419374619733, 2606.8366666666666
475.4097631897488, 2633.536111111111
475.84528270819413, 2635.963333333333
476.28075228101125, 2699.071111111111
476.71617188767794, 2628.681666666667
477.15154150767216, 2582.5644444444442
477.5868611204718, 2682.0805555555557
478.0221307055547, 2679.653333333333
478.4573502423987, 2686.935
478.89251971048185, 2635.963333333333
479.3276390892819, 2711.2072222222223
479.76270835827677, 2716.0616666666665
480.19772749694437, 2750.0427777777777
480.6326964847625, 2864.1222222222223
481.0676153012091, 2864.1222222222223
481.50248392576214, 2803.4416666666666
481.9373023378993, 2946.6477777777777
482.3720705170987, 2905.385
482.80678844283807, 2953.9294444444445
483.2414560945953, 2949.075
483.6760734518483, 2951.5022222222224
484.110640494075, 3068.008888888889
484.5451572007532, 2983.056111111111
484.9796235513608, 3065.5816666666665
485.41403952537576, 3140.8255555555556
485.8484051022759, 3123.835
486.2827202615391, 3152.9616666666666
486.7169849826432, 3201.5061111111113
487.1511992450663, 3223.351111111111
487.585363028286, 3393.2566666666667
488.01947631178035, 3257.3322222222223
488.4535390750272, 3315.5855555555554
488.88755129750444, 3398.1111111111113
489.32151295868994, 3497.6272222222224
489.75542403806156, 3558.3077777777776
490.1892845150972, 3689.3777777777777
490.6230943692748, 3665.1055555555554
491.05685358007213, 3754.9127777777776
491.4905621269672, 3822.875
491.9242199894378, 3854.428888888889
492.3578271469619, 3949.0905555555555
492.7913835790173, 4019.48
493.2248892650819, 4145.695555555556
493.65834418463356, 4310.746666666667
494.09174831715035, 4376.281666666667
494.52510164210986, 4461.234444444444
494.9584041389902, 4356.863888888889
495.3916557872692, 4638.421666666667
495.8248565664246, 4643.276111111111
496.25800645593455, 4786.482222222222
496.69110543527665, 5072.894444444444
497.124153483929, 5252.508888888889
497.5571505813694, 5271.926666666666
497.99009670707574, 5415.132777777778
498.42299184052587, 5541.348333333333
498.8558359611977, 5674.845555555556
499.28862904856913, 5798.633888888889
499.72137108211814, 6167.571666666667
500.15406204132233, 6354.467777777778
500.5867019056598, 6388.448888888889
501.01929065460854, 6742.823333333334
501.45182826764614, 6910.301666666666
501.8843147242507, 7031.662777777778
502.3167500039, 7247.685555555556
502.749134086072, 7478.2716666666665
503.1814669502445, 7898.181111111111
503.6137485758955, 7917.598888888889
504.04597894250264, 8259.837222222222
504.4781580295442, 8393.334444444445
504.9102858164977, 8779.262777777778
505.3423622828412, 9102.083333333334
505.7743874080526, 9247.716666666667
506.20636117160956, 9796.26888888889
506.63828355299034, 10009.864444444445
507.07015453167253, 10031.709444444445
507.50197408713404, 10437.055555555555
507.93374219885294, 10888.51888888889
508.36545884630686, 11191.921666666667
508.7971240089739, 11580.277222222223
509.2287376663318, 11881.252777777778
509.66029979785856, 12293.880555555555
510.0918103830321, 12543.884444444444
510.5232694013299, 12830.296666666667
510.9546768322305, 13301.177777777777
511.3860326552112, 13543.9
511.81733684975023, 13701.669444444444
512.2485893953253, 14094.879444444445
512.6797902714144, 14529.352222222222
513.1109394574953, 14497.798333333334
513.5420369330461, 15007.515
513.9730826775443, 15526.940555555555
514.4040766704684, 15607.038888888888
514.8350188912955, 15922.577777777778
515.2659093195042, 16080.347222222223
515.6967479345718, 16670.16222222222
516.1275347159767, 16483.266111111112
516.5582696431964, 16655.59888888889
516.9889526957089, 16876.47611111111
517.4195838529922, 17143.470555555556
517.8501630945242, 17269.68611111111
518.2806903997824, 17315.803333333333
518.7111657482452, 17417.746666666666
519.1415891193901, 17463.86388888889
519.5719604926952, 17558.525555555556
520.0022798476382, 17815.81111111111
520.4325471636973, 17699.304444444446
520.8627624203501, 17575.516111111112
521.2929255970745, 17946.88111111111
521.7230366733485, 17733.285555555554
522.1530956286498, 17609.49722222222
522.5831024424566, 17672.605
523.0130570942465, 17323.085
523.4429595634975, 17403.183333333334
523.8728098296876, 17364.347777777777
524.3026078722943, 17073.08111111111
524.732353670796, 16866.76722222222
525.1620472046701, 16891.039444444443
525.5916884533947, 16451.71222222222
526.0212773964479, 16306.07888888889
526.4508140133071, 16116.755555555555
526.8802982834507, 15983.258333333333
527.3097301863561, 15747.817777777778
527.7391097015015, 15577.912222222221
528.168436808365, 15364.316666666668
528.5977114864237, 15274.509444444444
529.0269337151562, 14992.951666666666
529.4561034740402, 14934.698333333334
529.8852207425534, 14607.023333333333
530.314285500174, 14471.09888888889
530.7432977263796, 14230.80388888889
531.1722574006484, 13871.575
531.6011645024578, 13580.308333333332
532.030019011286, 13296.323333333334
532.458820906611, 13179.816666666668
532.8875701679102, 13204.08888888889
533.3162667746622, 12694.372222222222
533.7449107063443, 12509.903333333334
534.1735019424347, 12393.396666666667
534.602040462411, 12000.186666666666
535.0305262457513, 12041.449444444444
535.4589592719335, 11674.93888888889
535.8873395204353, 11325.41888888889
536.3156669707347, 11247.747777777779
536.7439416023096, 11017.161666666667
537.1721633946379, 10755.021666666667
537.6003323271975, 10655.505555555555
538.028448379466, 10534.144444444444
538.4565115309218, 10267.15
538.8845217610424, 10024.427777777777
539.3124790493057, 9752.57888888889
539.7403833751898, 9849.667777777779
540.1682347181724, 9755.006111111112
540.5960330577315, 9320.533333333333
541.0237783733447, 9310.824444444444
541.4514706444902, 8990.431111111111
541.8791098506459, 8941.886666666667
542.3066959712894, 8878.778888888888
542.7342289858989, 8536.540555555555
543.1617088739521, 8604.502777777778
543.5891356149269, 8366.635
544.0165091883014, 8347.217222222222
544.4438295735529, 7985.561111111111
544.8710967501598, 8264.691666666668
545.2983106976, 7706.430555555556
545.7254713953512, 7849.636666666666
546.1525788228913, 7737.984444444444
546.5796329596982, 7514.68
547.0066337852497, 7575.360555555556
547.4335812790239, 7247.685555555556
547.8604754204986, 7349.6288888888885
548.2873161891516, 7196.7138888888885
548.7141035644607, 7123.897222222222
549.140837525904, 6895.738333333334
549.5675180529594, 6883.602222222222
549.9941451251045, 6580.199444444444
550.4207187218174, 6628.743888888889
550.847238822576, 6548.645555555556
551.2737054068582, 6400.585
551.7001184541417, 6308.350555555556
552.1264779439044, 6145.7266666666665
552.5527838556245, 6174.8533333333335
552.9790361687795, 6087.473333333333
553.4052348628476, 5919.995
553.8313799173064, 5839.8966666666665
554.2574713116339, 5716.108333333334
554.6835090253081, 5643.291666666667
555.1094930378068, 5604.456111111111
555.5354233286079, 5514.648888888889
555.961299877189, 5568.047777777778
556.3871226630284, 5354.452222222222
556.8128916656038, 5415.132777777778
557.2386068643932, 5264.645
557.6642682388743, 5099.593888888889
558.0898757685251, 5116.584444444445
558.5154294328235, 5116.584444444445
558.9409292112473, 4932.115555555555
559.3663750832743, 4992.796111111111
559.7917670283828, 4919.979444444444
560.2171050260499, 4890.852777777778
560.6423890557544, 4764.637222222223
561.0676190969735, 4759.7827777777775
561.4927951291855, 4599.586111111111
561.9179171318682, 4611.722222222223
562.3429850844992, 4568.032222222222
562.7679989665568, 4500.07
563.1929587575185, 4512.206111111111
563.6178644368624, 4422.398888888889
564.0427159840664, 4385.990555555555
564.4675133786083, 4373.854444444444
564.892256599966, 4286.474444444444
565.3169456276173, 4354.4366666666665
565.7415804410404, 4305.892222222222
566.1661610197128, 4296.183333333333
566.5906873431126, 4228.221111111111
567.0151593907176, 4150.55
567.4395771420056, 4189.385555555556
567.8639405764549, 4155.404444444444
568.2882496735427, 4135.986666666667
568.7125044127475, 4077.733333333333
569.136704773547, 4218.512222222223
569.560850735419, 4072.878888888889
569.9849422778414, 4172.395
570.408979380292, 4026.7616666666668
570.8329620222488, 4167.540555555555
571.2568901831899, 4140.841111111111
571.6807638425926, 4131.1322222222225
572.1045829799353, 4116.568888888889
572.5283475746957, 4237.93
572.9520576063518, 4060.742777777778
573.3757130543813, 4165.113333333334
573.7993138982621, 4116.568888888889
574.2228601174724, 4177.249444444445
574.6463516914896, 4116.568888888889
575.069788599792, 4186.958333333333
575.4931708218572, 4264.629444444445
575.916498337163, 4254.920555555555
576.3397711251878, 4313.1738888888885
576.7629891654091, 4254.920555555555
577.1861524373047, 4356.863888888889
577.6092609203528, 4308.319444444444
578.0323145940308, 4385.990555555555
578.4553134378172, 4434.535
578.8782574311896, 4337.446111111111
579.3011465536257, 4305.892222222222
579.7239807846037, 4349.582222222222
580.146760103601, 4441.816666666667
580.5694844900961, 4427.253333333333
580.9921539235664, 4320.455555555555
581.4147683834901, 4427.253333333333
581.8373278493451, 4390.845
582.2598323006089, 4373.854444444444
582.6822817167598, 4555.896111111111
583.1046760772754, 4560.750555555555
583.5270153616337, 4361.718333333333
583.9492995493126, 4468.516111111111
584.3715286197901, 4388.417777777778
584.7937025525439, 4536.4783333333335
585.2158213270517, 4417.544444444445
585.6378849227918, 4449.098333333333
586.059893319242, 4390.845
586.4818464958798, 4279.192777777777
586.9037444321838, 4376.281666666667
587.3255871076311, 4415.117222222222
587.7473745017, 4322.882777777778
588.1691065938684, 4361.718333333333
588.590783363614, 4301.037777777778
589.0124047904148, 4228.221111111111
589.4339708537487, 4203.948888888889
589.8554815330937, 4240.357222222222
590.2769368079274, 4235.502777777778
590.6983366577279, 4123.850555555556
591.1196810619729, 4077.733333333333
591.5409700001403, 4152.977222222222
591.9622034517083, 4155.404444444444
592.3833813961545, 4104.432777777778
592.8045038129568, 4072.878888888889
593.2255706815931, 4089.8694444444445
593.6465819815413, 4072.878888888889
594.0675376922794, 3992.7805555555556
594.488437793285, 4009.771111111111
594.9092822640364, 4000.0622222222223
595.3300710840113, 3895.6916666666666
595.7508042326872, 3898.1188888888887
596.1714816895425, 3832.583888888889
596.5921034340548, 3813.166111111111
597.0126694457022, 3842.2927777777777
597.4331797039623, 3745.2038888888887
597.8536341883132, 3713.65
598.2740328782329, 3801.03
598.6943757531989, 3747.6311111111113
599.1146627926894, 3674.8144444444442
599.5348939761823, 3801.03
599.9550692831551, 3723.358888888889
600.3751886930862, 3723.358888888889
600.795252185453, 3754.9127777777776
601.2152597397338, 3655.3966666666665
601.6352113354062, 3635.978888888889
602.0551069519482, 3650.5422222222223
602.4749465688378, 3601.9977777777776
602.8947301655527, 3631.1244444444446
603.3144577215706, 3635.978888888889
603.7341292163699, 3601.9977777777776
604.153744629428, 3512.1905555555554
604.5733039402232, 3507.336111111111
604.9928071282329, 3502.4816666666666
605.4122541729356, 3470.927777777778
605.8316450538086, 3512.1905555555554
606.2509797503302, 3621.4155555555553
606.670258241978, 3458.7916666666665
607.0894805082299, 3524.326666666667
607.5086465285641, 3524.326666666667
607.9277562824581, 3558.3077777777776
608.3468097493899, 3439.373888888889
608.7658069088376, 3458.7916666666665
609.1847477402787, 3444.2283333333335
609.6036322231914, 3507.336111111111
610.0224603370534, 3417.528888888889
610.4412320613428, 3419.956111111111
610.8599473755373, 3381.1205555555557
611.2786062591147, 3393.2566666666667
611.6972086915533, 3512.1905555555554
612.1157546523305, 3395.6838888888888
612.5342441209243, 3327.721666666667
612.952677076813, 3284.0316666666668
613.3710534994736, 3228.2055555555557
613.789373368385, 3296.1677777777777
614.2076366630243, 3247.6233333333334
614.62584336287, 3281.6044444444447
615.0439934473997, 3162.6705555555554
615.4620868960909, 3160.2433333333333
615.8801236884221, 3160.2433333333333
616.298103803871, 3121.407777777778
616.7160272219153, 3128.6894444444442
617.1338939220329, 3082.572222222222
617.5517038837019, 3165.097777777778
617.9694570864001, 3116.5533333333333
618.3871535096054, 3145.68
618.8047931327956, 3060.7272222222223
619.2223759354484, 3087.4266666666667
619.6399018970421, 3036.455
620.0573709970545, 3051.0183333333334
620.4747832149632, 3075.2905555555553
620.8921385302463, 2987.9105555555557
621.3094369223816, 3094.7083333333335
621.7266783708471, 3097.1355555555556
622.1438628551207, 3055.8727777777776
622.5609903546799, 3029.173333333333
622.9780608490031, 3038.882222222222
623.395074317568, 3004.9011111111113
623.8120307398522, 2958.7838888888887
624.228930095334, 2932.0844444444447
624.645772363491, 2847.1316666666667
625.0625575238014, 2997.6194444444445
625.4792855557428, 3009.7555555555555
625.8959564387931, 2859.2677777777776
626.3125701524302, 2973.347222222222
626.7291266761321, 2910.2394444444444
627.1456259893766, 2912.6666666666665
627.5620680716416, 2939.366111111111
627.978452902405, 2951.5022222222224
628.3947804611447, 2983.056111111111
628.8110507273384, 2956.3566666666666
629.2272636804644, 2876.258333333333
629.6434193000001, 3014.61
630.0595175654236, 2827.713888888889
630.4755584562129, 2861.695
630.8915419518455, 2839.85
631.3074680317999, 2847.1316666666667
631.7233366755535, 2849.5588888888888
632.1391478625843, 2876.258333333333
632.5549015723702, 2844.7044444444446
632.9705977843889, 2839.85
633.3862364781188, 2847.1316666666667
633.8018176330373, 2868.9766666666665
634.2173412286224, 2876.258333333333
634.6328072443522, 2973.347222222222
635.0482156597042, 2878.6855555555558
635.4635664541566, 2900.5305555555556
635.8788596071872, 2975.7744444444443
636.2940950982738, 2842.277222222222
636.7092729068943, 2871.403888888889
637.1243930125266, 2878.6855555555558
637.5394553946488, 2893.248888888889
637.9544600327383, 2951.5022222222224
638.3694069062735, 2825.286666666667
638.784295994732, 2868.9766666666665
639.1991272775919, 2859.2677777777776
639.6139007343309, 2861.695
640.0286163444265, 2808.2961111111113
640.4432740873574, 2779.1694444444443
640.857873942601, 2922.3755555555554
641.2724158896351, 2839.85
641.686899907938, 2844.7044444444446
642.101325976987, 2818.005
642.5156940762606, 2837.422777777778
642.9300041852364, 2784.023888888889
643.344256283392, 2810.7233333333334
643.758450350206, 2856.8405555555555
644.1725863651554, 2769.4605555555554
644.5866643077189, 2832.568333333333
645.0006841573738, 2839.85
645.4146458935983, 2767.0333333333333
645.8285494958702, 2730.625
646.2423949436671, 2759.7516666666666
646.6561822164675, 2684.507777777778
647.0699112937488, 2762.178888888889
647.483582154989, 2822.8594444444443
647.897194779666, 2832.568333333333
648.3107491472578, 2784.023888888889
648.724245237242, 2820.432222222222
649.1376830290968, 2781.596666666667
649.5510625022998, 2762.178888888889
649.964383636329, 2781.596666666667
650.3776464106625, 2810.7233333333334
650.790850804778, 2757.3244444444445
651.2039967981532, 2737.9066666666668
651.6170843702662, 2713.6344444444444
652.0301135005949, 2723.3433333333332
652.443084168617, 2713.6344444444444
652.8559963538107, 2720.916111111111
653.2688500356536, 2803.4416666666666
653.6816451936236, 2737.9066666666668
654.0943818071987, 2752.47
654.5070598558568, 2708.78
654.9196793190757, 2716.0616666666665
655.3322401763332, 2733.052222222222
655.7447424071077, 2648.0994444444445
656.1571859908762, 2742.761111111111
656.5695709071173, 2657.8083333333334
656.9818971353087, 2669.9444444444443
657.394164654928, 2660.2355555555555
657.8063734454535, 2689.362222222222
658.2185234863628, 2660.2355555555555
658.6306147571338, 2669.9444444444443
659.0426472372449, 2682.0805555555557
659.454620906173, 2779.1694444444443
659.8665357433969, 2764.606111111111
660.2783917283939, 2648.0994444444445
660.6901888406422, 2759.7516666666666
661.1019270596197, 2706.3527777777776
661.5136063648039, 2589.846111111111
661.9252267356732, 2665.09
662.336788151705, 2679.653333333333
662.7482905923775, 2706.3527777777776
663.1597340371688, 2703.9255555555555
663.5711184655561, 2616.5455555555554
663.9824438570179, 2655.3811111111113
664.3937101910318, 2691.7894444444446
664.8049174470756, 2674.798888888889
665.2160656046276, 2737.9066666666668
665.627154643165, 2689.362222222222
666.0381845421665, 2694.2166666666667
666.4491552811094, 2648.0994444444445
666.8600668394716, 2606.8366666666666
667.2709191967314, 2672.3716666666664
667.6817123323663, 2711.2072222222223
668.0924462258544, 2669.9444444444443
668.5031208566734, 2601.9822222222224
668.9137362043014, 2665.09
669.324292248216, 2667.5172222222222
669.7347889678953, 2633.536111111111
670.1452263428172, 2565.573888888889
670.5556043524593, 2662.6627777777776
670.9659229763, 2626.2544444444443
671.3761821938167, 2703.9255555555555
671.7863819844875, 2633.536111111111
672.1965223277904, 2623.827222222222
672.6066032032028, 2638.3905555555557
673.0166245902033, 2611.6911111111112
673.4265864682691, 2616.5455555555554
673.8364888168785, 2623.827222222222
674.2463316155092, 2657.8083333333334
674.6561148436392, 2650.5266666666666
675.0658384807463, 2604.4094444444445
675.4755025063084, 2645.6722222222224
675.8851068998035, 2580.137222222222
676.2946516407094, 2587.418888888889
676.7041367085039, 2560.7194444444444
677.1135620826649, 2541.3016666666667
677.5229277426704, 2572.8555555555554
677.9322336679982, 2577.71
678.3414798381262, 2587.418888888889
678.7506662325325, 2592.2733333333335
679.1597928306944, 2577.71
679.5688596120904, 2580.137222222222
679.977866556198, 2548.5833333333335
680.3868136424953, 2548.5833333333335
680.7957008504601, 2555.865
681.2045281595704, 2587.418888888889
681.6132955493039, 2582.5644444444442
682.0220029991384, 2534.02
682.430650488552, 2587.418888888889
682.8392379970227, 2570.4283333333333
683.2477655040282, 2529.1655555555553
683.6562329890462, 2638.3905555555557
684.064640431555, 2565.573888888889
684.472987811032, 2553.4377777777777
684.8812751069555, 2568.001111111111
685.2895022988033, 2587.418888888889
685.6976693660531, 2524.311111111111
686.1057762881829, 2507.3205555555555
686.5138230446706, 2589.846111111111
686.9218096149941, 2631.108888888889
687.3297359786312, 2436.931111111111
687.7376021150599, 2633.536111111111
688.145408003758, 2604.4094444444445
688.5531536242033, 2592.2733333333335
688.9608389558739, 2531.592777777778
689.3684639782474, 2517.0294444444444
689.7760286708021, 2551.0105555555556
690.1835330130154, 2526.7383333333332
690.5909769843656, 2560.7194444444444
690.9983605643303, 2504.8933333333334
691.4056837323875, 2623.827222222222
691.8129464680152, 2451.4944444444445
692.220148750691, 2580.137222222222
692.6272905598929, 2504.8933333333334
693.0343718750988, 2531.592777777778
693.4413926757868, 2531.592777777778
693.8483529414345, 2543.728888888889
694.25525265152, 2577.71
694.6620917855208, 2536.447222222222
695.0688703229151, 2519.4566666666665
695.4755882431808, 2543.728888888889
695.8822455257957, 2507.3205555555555
696.2888421502378, 2582.5644444444442
696.6953780959847, 2502.4661111111113
697.1018533425145, 2524.311111111111
697.5082678693051, 2575.282777777778
697.9146216558341, 2618.972777777778
698.3209146815799, 2517.0294444444444
698.72714692602, 2490.33
699.1333183686324, 2551.0105555555556
699.5394289888949, 2512.175
699.9454787662854, 2470.912222222222
700.3514676802821, 2526.7383333333332
700.7573957103624, 2456.3488888888887
701.1632628360044, 2441.7855555555557
701.569069036686, 2543.728888888889
701.9748142918851, 2495.1844444444446
702.3804985810796, 2497.6116666666667
702.7861218837471, 2487.902777777778
703.1916841793659, 2475.766666666667
703.5971854474136, 2463.6305555555555
704.0026256673683, 2521.883888888889
704.4080048187078, 2521.883888888889
704.8133228809098, 2478.193888888889
705.2185798334524, 2512.175
705.6237756558133, 2509.7477777777776
706.0289103274706, 2504.8933333333334
706.4339838279021, 2485.4755555555557
706.8389961365859, 2487.902777777778
707.2439472329994, 2495.1844444444446
707.6488370966208, 2568.001111111111
708.0536657069279, 2536.447222222222
708.4584330433985, 2463.6305555555555
708.8631390855107, 2478.193888888889
709.2677838127423, 2444.212777777778
709.6723672045712, 2490.33
710.0768892404751, 2478.193888888889
710.4813498999321, 2446.64
710.88574916242, 2458.7761111111113
711.2900870074167, 2500.038888888889
711.6943634144001, 2466.0577777777776
712.0985783628479, 2390.813888888889
712.5027318322383, 2492.757222222222
712.906823802049, 2453.9216666666666
713.310854251758, 2500.038888888889
713.7148231608429, 2492.757222222222
714.1187305087819, 2449.0672222222224
714.5225762750528, 2485.4755555555557
714.9263604391333, 2466.0577777777776
715.3300829805016, 2470.912222222222
715.7337438786353, 2490.33
716.1373431130124, 2458.7761111111113
716.5408806631108, 2492.757222222222
716.9443565084084, 2507.3205555555555
717.3477706283832, 2441.7855555555557
717.7511230025127, 2500.038888888889
718.1544136102751, 2492.757222222222
718.5576424311482, 2534.02
718.9608094446097, 2419.9405555555554
719.363914630138, 2470.912222222222
719.7669579672105, 2519.4566666666665
720.1699394353052, 2519.4566666666665
720.5728590138999, 2517.0294444444444
720.9757166824728, 2497.6116666666667
721.3785124205016, 2456.3488888888887
721.7812462074642, 2451.4944444444445
722.1839180228383, 2451.4944444444445
722.586527846102, 2478.193888888889
722.989075656733, 2541.3016666666667
723.3915614342095, 2541.3016666666667
723.7939851580091, 2500.038888888889
724.1963468076099, 2451.4944444444445
724.5986463624895, 2492.757222222222
725.0008838021259, 2543.728888888889
725.4030591059972, 2475.766666666667
725.8051722535811, 2432.076666666667
726.2072232243553, 2480.621111111111
726.6092119977981, 2524.311111111111
727.011138553387, 2463.6305555555555
727.4130028706, 2424.795
727.8148049289152, 2490.33
728.2165447078104, 2407.8044444444445
728.6182221867631, 2473.3394444444443
729.0198373452516, 2432.076666666667
729.4213901627536, 2558.2922222222223
729.8228806187471, 2500.038888888889
730.2243086927101, 2502.4661111111113
730.6256743641202, 2509.7477777777776
731.0269776124553, 2490.33
731.4282184171935, 2456.3488888888887
731.8293967578126, 2446.64
732.2305126137903, 2504.8933333333334
732.6315659646046, 2490.33
733.0325567897337, 2485.4755555555557
733.4334850686549, 2507.3205555555555
733.8343507808465, 2502.4661111111113
734.2351539057863, 2483.048333333333
734.6358944229522, 2543.728888888889
735.0365723118219, 2502.4661111111113
735.4371875518735, 2536.447222222222
735.8377401225848, 2495.1844444444446
736.2382300034338, 2446.64
736.6386571738981, 2405.3772222222224
737.0390216134557, 2461.2033333333334
737.4393233015847, 2439.358333333333
737.8395622177627, 2478.193888888889
738.2397383414677, 2492.757222222222
738.6398516521779, 2436.931111111111
739.0399021293706, 2543.728888888889
739.439889752524, 2497.6116666666667
739.8398145011159, 2449.0672222222224
740.2396763546243, 2529.1655555555553
740.639475292527, 2453.9216666666666
741.0392112943019, 2434.503888888889
741.4388843394269, 2473.3394444444443
741.8384944073797, 2536.447222222222
742.2380414776385, 2456.3488888888887
742.637525529681, 2475.766666666667
743.0369465429851, 2490.33
743.4363044970287, 2446.64
743.8355993712896, 2458.7761111111113
744.2348311452458, 2492.757222222222
744.6339997983753, 2429.6494444444443
745.0331053101557, 2470.912222222222
745.432147660065, 2512.175
745.8311268275811, 2483.048333333333
746.230042792182, 2466.0577777777776
746.6288955333454, 2434.503888888889
747.0276850305493, 2475.766666666667
747.4264112632713, 2466.0577777777776
747.8250742109897, 2446.64
748.2236738531822, 2463.6305555555555
748.6222101693266, 2466.0577777777776
749.0206831389012, 2483.048333333333
749.4190927413832, 2473.3394444444443
749.817438956251, 2492.757222222222
750.2157217629822, 2456.3488888888887
750.6139411410547, 2473.3394444444443
751.0120970699468, 2490.33
751.4101895291359, 2509.7477777777776
751.8082184981, 2402.95
752.2061839563171, 2507.3205555555555
752.604085883265, 2553.4377777777777
753.0019242584217, 2485.4755555555557
753.399699061265, 2485.4755555555557
753.7974102712727, 2509.7477777777776
754.1950578679227, 2449.0672222222224
754.5926418306931, 2434.503888888889
754.9901621390615, 2512.175
755.387618772506, 2487.902777777778
755.7850117105044, 2441.7855555555557
756.1823409325345, 2449.0672222222224
756.5796064180743, 2500.038888888889
756.9768081466016, 2451.4944444444445
757.3739460975944, 2458.7761111111113
757.7710202505305, 2519.4566666666665
758.1680305848877, 2449.0672222222224
758.564977080144, 2402.95
758.9618597157773, 2490.33
759.3586784712656, 2507.3205555555555
759.7554333260865, 2485.4755555555557
760.1521242597179, 2395.6683333333335
760.5487512516379, 2398.0955555555556
760.9453142813243, 2509.7477777777776
761.341813328255, 2483.048333333333
761.738248371908, 2415.086111111111
762.1346193917608, 2456.3488888888887
762.5309263672914, 2483.048333333333
762.927169277978, 2446.64
763.3233481032983, 2490.33
763.7194628227302, 2514.6022222222223
764.1155134157514, 2526.7383333333332
764.5114998618401, 2417.5133333333333
764.9074221404738, 2453.9216666666666
765.3032802311308, 2461.2033333333334
765.6990741132888, 2468.485
766.0948037664257, 2458.7761111111113
766.4904691700191, 2507.3205555555555
766.8860703035473, 2461.2033333333334
767.2816071464881, 2519.4566666666665
767.6770796783193, 2517.0294444444444
768.0724878785187, 2410.2316666666666
768.4678317265643, 2502.4661111111113
768.8631112019339, 2407.8044444444445
769.2583262841056, 2446.64
769.653476952557, 2376.2505555555554
770.0485631867662, 2458.7761111111113
770.4435849662109, 2451.4944444444445
770.8385422703691, 2463.6305555555555
771.2334350787187, 2478.193888888889
771.6282633707374, 2422.367777777778
772.0230271259036, 2453.9216666666666
772.4177263236944, 2412.6588888888887
772.8123609435884, 2417.5133333333333
773.2069309650631, 2415.086111111111
773.6014363675963, 2500.038888888889
773.9958771306663, 2500.038888888889
774.3902532337505, 2495.1844444444446
774.7845646563271, 2483.048333333333
775.1788113778739, 2432.076666666667
775.5729933778688, 2470.912222222222
775.9671106357898, 2441.7855555555557
776.3611631311144, 2507.3205555555555
776.755150843321, 2500.038888888889
777.1490737518869, 2582.5644444444442
777.5429318362906, 2495.1844444444446
777.9367250760095, 2466.0577777777776
778.3304534505218, 2487.902777777778
778.7241169393052, 2475.766666666667
779.1177155218376, 2453.9216666666666
779.5112491775968, 2458.7761111111113
779.904717886061, 2381.105
780.2981216267079, 2487.902777777778
780.6914603790154, 2429.6494444444443
781.0847341224612, 2402.95
781.4779428365234, 2492.757222222222
781.8710865006798, 2429.6494444444443
782.2641650944086, 2536.447222222222
782.657178597187, 2453.9216666666666
783.0501269884934, 2432.076666666667
783.4430102478057, 2436.931111111111
783.8358283546014, 2478.193888888889
784.2285812883588, 2444.212777777778
784.6212690285556, 2456.3488888888887
785.0138915546697, 2480.621111111111
785.4064488461789, 2458.7761111111113
785.7989408825612, 2502.4661111111113
786.1913676432944, 2456.3488888888887
786.5837291078566, 2444.212777777778
786.9760252557254, 2436.931111111111
787.3682560663788, 2429.6494444444443
787.7604215192946, 2402.95
788.1525215939508, 2487.902777777778
788.5445562698254, 2563.1466666666665
788.9365255263959, 2463.6305555555555
789.3284293431406, 2478.193888888889
789.7202676995372, 2412.6588888888887
790.1120405750635, 2405.3772222222224
790.5037479491975, 2468.485
790.8953898014171, 2480.621111111111
791.2869661112001, 2526.7383333333332
791.6784768580243, 2432.076666666667
792.0699220213678, 2466.0577777777776
792.4613015807084, 2356.8327777777777
792.852615515524, 2427.222222222222
793.2438638052924, 2429.6494444444443
793.6350464294916, 2422.367777777778
794.0261633675993, 2453.9216666666666
794.4172145990937, 2422.367777777778
794.8082001034524, 2502.4661111111113
795.1991198601534, 2405.3772222222224
795.5899738486744, 2461.2033333333334
795.9807620484936, 2504.8933333333334
796.3714844390886, 2456.3488888888887
796.7621409999376, 2417.5133333333333
797.1527317105182, 2504.8933333333334
797.5432565503083, 2378.677777777778
797.933715498786, 2419.9405555555554
798.3241085354289, 2512.175
798.7144356397151, 2410.2316666666666
799.1046967911225, 2410.2316666666666
799.4948919691287, 2487.902777777778
799.8850211532119, 2453.9216666666666
800.2750843228498, 2461.2033333333334
800.6650814575204, 2424.795
801.0550125367017, 2463.6305555555555
801.4448775398711, 2483.048333333333
801.8346764465069, 2456.3488888888887
802.224409236087, 2417.5133333333333
802.614075888089, 2480.621111111111
803.0036763819912, 2500.038888888889
803.393210697271, 2466.0577777777776
803.7826788134066, 2478.193888888889
804.1720807098758, 2487.902777777778
804.5614163661564, 2519.4566666666665
804.9506857617265, 2441.7855555555557
805.3398888760638, 2434.503888888889
805.7290256886463, 2429.6494444444443
806.1180961789518, 2439.358333333333
806.507100326458, 2495.1844444444446
806.8960381106433, 2441.7855555555557
807.2849095109851, 2436.931111111111
807.6737145069615, 2449.0672222222224
808.0624530780502, 2521.883888888889
808.4511252037294, 2463.6305555555555
808.8397308634767, 2538.8744444444446
809.2282700367703, 2463.6305555555555
809.6167427030877, 2439.358333333333
810.0051488419068, 2495.1844444444446
810.3934884327059, 2509.7477777777776
810.7817614549624, 2480.621111111111
811.1699678881547, 2446.64
811.5581077117603, 2463.6305555555555
811.946180905257, 2468.485
812.3341874481231, 2451.4944444444445
812.722127319836, 2509.7477777777776
813.1100004998741, 2502.4661111111113
813.4978069677148, 2432.076666666667
813.8855467028363, 2473.3394444444443
814.2732196847163, 2441.7855555555557
814.6608258928328, 2461.2033333333334
815.0483653066638, 2432.076666666667
815.4358379056869, 2461.2033333333334
815.82324366938, 2495.1844444444446
816.2105825772212, 2378.677777777778
816.5978546086883, 2504.8933333333334
816.9850597432592, 2470.912222222222
817.3721979604117, 2441.7855555555557
817.7592692396238, 2449.0672222222224
818.1462735603732, 2512.175
818.5332109021379, 2473.3394444444443
818.9200812443959, 2553.4377777777777
819.306884566625, 2461.2033333333334
819.6936208483029, 2429.6494444444443
820.0802900689077, 2417.5133333333333
820.4668922079172, 2441.7855555555557
820.8534272448094, 2453.9216666666666
821.239895159062, 2504.8933333333334
821.626295930153, 2424.795
822.0126295375603, 2478.193888888889
822.3988959607616, 2398.0955555555556
822.785095179235, 2446.64
823.1712271724583, 2458.7761111111113
823.5572919199096, 2475.766666666667
823.9432894010663, 2478.193888888889
824.3292195954066, 2434.503888888889
824.7150824824083, 2453.9216666666666
825.1008780415495, 2415.086111111111
825.486606252308, 2453.9216666666666
825.8722670941613, 2453.9216666666666
826.2578605465877, 2407.8044444444445
826.643386589065, 2436.931111111111
827.028845201071, 2427.222222222222
827.4142363620837, 2456.3488888888887
827.7995600515808, 2475.766666666667
828.1848162490403, 2415.086111111111
828.5700049339401, 2429.6494444444443
828.9551260857583, 2507.3205555555555
829.3401796839723, 2424.795
829.7251657080603, 2458.7761111111113
830.1100841375, 2553.4377777777777
830.4949349517696, 2502.4661111111113
830.8797181303465, 2439.358333333333
831.264433652709, 2451.4944444444445
831.649081498335, 2400.5227777777777
832.0336616467022, 2507.3205555555555
832.4181740772884, 2466.0577777777776
832.8026187695717, 2492.757222222222
833.1869957030299, 2490.33
833.5713048571408, 2385.9594444444447
833.9555462113824, 2468.485
834.3397197452325, 2449.0672222222224
834.723825438169, 2432.076666666667
835.1078632696698, 2451.4944444444445
835.4918332192129, 2373.8233333333333
835.875735266276, 2458.7761111111113
836.259569390337, 2458.7761111111113
836.6433355708738, 2402.95
837.0270337873644, 2417.5133333333333
837.4106640192867, 2417.5133333333333
837.7942262461185, 2429.6494444444443
838.1777204473375, 2458.7761111111113
838.5611466024219, 2456.3488888888887
838.9445046908494, 2487.902777777778
839.3277946920979, 2536.447222222222
839.7110165856454, 2395.6683333333335
840.0941703509696, 2405.3772222222224
840.4772559675484, 2449.0672222222224
840.8602734148599, 2453.9216666666666
841.2432226723819, 2502.4661111111113
841.6261037195922, 2519.4566666666665
842.0089165359686, 2480.621111111111
842.3916611009893, 2473.3394444444443
842.7743373941316, 2480.621111111111
843.156945394874, 2485.4755555555557
843.5394850826943, 2373.8233333333333
843.9219564370701, 2383.532222222222
844.3043594374793, 2412.6588888888887
844.6866940634001, 2461.2033333333334
845.06896029431, 2478.193888888889
845.4511581096873, 2456.3488888888887
845.8332874890094, 2446.64
846.2153484117546, 2393.241111111111
846.5973408574006, 2475.766666666667
846.9792648054253, 2439.358333333333
847.3611202353064, 2449.0672222222224
847.7429071265223, 2497.6116666666667
848.1246254585504, 2441.7855555555557
848.5062752108686, 2531.592777777778
848.8878563629551, 2439.358333333333
849.2693688942875, 2478.193888888889
849.6508127843439, 2439.358333333333
850.0321880126021, 2461.2033333333334
850.4134945585397, 2534.02
850.7947324016351, 2458.7761111111113
851.1759015213659, 2478.193888888889
851.55700189721, 2424.795
851.9380335086452, 2436.931111111111
852.3189963351494, 2487.902777777778
852.6998903562007, 2483.048333333333
853.0807155512767, 2458.7761111111113
853.4614718998556, 2461.2033333333334
853.8421593814152, 2405.3772222222224
854.2227779754331, 2444.212777777778
854.6033276613874, 2422.367777777778
854.983808418756, 2410.2316666666666
855.3642202270167, 2466.0577777777776
855.7445630656476, 2432.076666666667
856.1248369141263, 2466.0577777777776
856.5050417519308, 2441.7855555555557
856.8851775585389, 2434.503888888889
857.2652443134286, 2517.0294444444444
857.6452419960779, 2480.621111111111
858.0251705859644, 2434.503888888889
858.4050300625662, 2393.241111111111
858.784820405361, 2427.222222222222
859.1645415938268, 2468.485
859.5441936074416, 2441.7855555555557
859.923776425683, 2509.7477777777776
860.3032900280291, 2475.766666666667
860.6827343939576, 2458.7761111111113
861.0621095029466, 2468.485
861.441415334474, 2446.64
861.8206518680174, 2441.7855555555557
862.1998190830549, 2429.6494444444443
862.5789169590645, 2492.757222222222
862.9579454755236, 2468.485
863.3369046119107, 2453.9216666666666
863.7157943477033, 2334.987777777778
864.0946146623794, 2507.3205555555555
864.4733655354167, 2495.1844444444446
864.8520469462933, 2483.048333333333
865.2306588744871, 2427.222222222222
865.609201299476, 2475.766666666667
865.9876742007377, 2381.105
866.3660775577501, 2468.485
866.7444113499912, 2393.241111111111
867.1226755569388, 2434.503888888889
867.500870158071, 2492.757222222222
867.8789951328655, 2449.0672222222224
868.2570504608001, 2463.6305555555555
868.6350361213526, 2436.931111111111
869.0129520940013, 2480.621111111111
869.3907983582237, 2529.1655555555553
869.7685748934982, 2439.358333333333
870.146281679302, 2432.076666666667
870.5239186951134, 2458.7761111111113
870.90148592041, 2441.7855555555557
871.27898333467, 2441.7855555555557
871.6564109173712, 2463.6305555555555
872.0337686479913, 2475.766666666667
872.4110565060084, 2419.9405555555554
872.7882744709003, 2500.038888888889
873.1654225221448, 2475.766666666667
873.5425006392201, 2427.222222222222
873.9195088016037, 2487.902777777778
874.2964469887736, 2463.6305555555555
874.6733151802077, 2417.5133333333333
875.050113355384, 2473.3394444444443
875.4268414937803, 2512.175
875.8034995748744, 2473.3394444444443
876.1800875781444, 2509.7477777777776
876.5566054830679, 2507.3205555555555
876.9330532691229, 2441.7855555555557
877.3094309157873, 2509.7477777777776
877.6857384025392, 2485.4755555555557
878.061975708856, 2446.64
878.438142814216, 2419.9405555555554
878.8142396980969, 2490.33
879.1902663399766, 2451.4944444444445
879.5662227193332, 2439.358333333333
879.9421088156442, 2473.3394444444443
880.3179246083878, 2521.883888888889
880.6936700770416, 2490.33
881.0693452010837, 2495.1844444444446
881.4449499599921, 2449.0672222222224
881.8204843332443, 2504.8933333333334
882.1959483003185, 2461.2033333333334
882.5713418406924, 2451.4944444444445
882.9466649338441, 2429.6494444444443
883.3219175592512, 2415.086111111111
883.6970996963919, 2419.9405555555554
884.0722113247438, 2422.367777777778
884.4472524237849, 2456.3488888888887
884.822222972993, 2424.795
885.1971229518462, 2427.222222222222
885.5719523398224, 2536.447222222222
885.9467111163991, 2456.3488888888887
886.3213992610544, 2453.9216666666666
886.6960167532662, 2519.4566666666665
887.0705635725126, 2424.795
887.4450396982711, 2512.175
887.8194451100198, 2478.193888888889
888.1937797872365, 2495.1844444444446
888.568043709399, 2466.0577777777776
888.9422368559856, 2451.4944444444445
889.3163592064737, 2422.367777777778
889.6904107403415, 2453.9216666666666
890.0643914370667, 2415.086111111111
890.438301276127, 2434.503888888889
890.8121402370008, 2490.33
891.1859082991656, 2466.0577777777776
891.5596054420996, 2504.8933333333334
891.9332316452803, 2490.33
892.3067868881857, 2490.33
892.6802711502938, 2480.621111111111
893.0536844110824, 2492.757222222222
893.4270266500296, 2473.3394444444443
893.8002978466128, 2475.766666666667
894.1734979803103, 2441.7855555555557
894.5466270305999, 2509.7477777777776
894.9196849769595, 2393.241111111111
895.2926717988669, 2441.7855555555557
895.6655874758, 2478.193888888889
896.0384319872365, 2500.038888888889
896.4112053126547, 2432.076666666667
896.7839074315323, 2441.7855555555557
897.156538323347, 2490.33
897.529097967577, 2395.6683333333335
897.9015863436998, 2432.076666666667
898.2740034311936, 2466.0577777777776
898.6463492095362, 2456.3488888888887
899.0186236582055, 2446.64
899.3908267566794, 2441.7855555555557
899.7629584844356, 2383.532222222222
900.1350188209522, 2497.6116666666667
900.5070077457069, 2492.757222222222
900.8789252381778, 2434.503888888889
901.2507712778427, 2407.8044444444445
901.6225458441793, 2436.931111111111
901.9942489166658, 2473.3394444444443
902.3658804747797, 2504.8933333333334
902.7374404979993, 2495.1844444444446
903.1089289658024, 2473.3394444444443
903.4803458576665, 2497.6116666666667
903.8516911530699, 2480.621111111111
904.2229648314902, 2390.813888888889
904.5941668724056, 2419.9405555555554
904.9652972552939, 2373.8233333333333
905.3363559596327, 2468.485
905.7073429649, 2485.4755555555557
906.0782582505739, 2429.6494444444443
906.4491017961321, 2385.9594444444447
906.8198735810525, 2441.7855555555557
907.1905735848133, 2385.9594444444447
907.5612017868917, 2424.795
907.9317581667661, 2512.175
908.3022427039143, 2417.5133333333333
908.6726553778141, 2466.0577777777776
909.0429961679436, 2398.0955555555556
909.4132650537804, 2427.222222222222
909.7834620148025, 2451.4944444444445
910.1535870304876, 2419.9405555555554
910.523640080314, 2429.6494444444443
910.8936211437593, 2478.193888888889
911.2635302003015, 2419.9405555555554
911.6333672294182, 2475.766666666667
912.0031322105876, 2415.086111111111
912.3728251232876, 2395.6683333333335
912.742445946996, 2458.7761111111113
913.1119946611905, 2439.358333333333
913.4814712453491, 2400.5227777777777
913.8508756789498, 2446.64
914.2202079414703, 2344.6966666666667
914.5894680123887, 2434.503888888889
914.9586558711829, 2463.6305555555555
915.3277714973304, 2415.086111111111
915.6968148703095, 2497.6116666666667
916.0657859695979, 2524.311111111111
916.4346847746734, 2500.038888888889
916.8035112650142, 2393.241111111111
917.1722654200979, 2432.076666666667
917.5409472194023, 2497.6116666666667
917.9095566424055, 2415.086111111111
918.2780936685854, 2436.931111111111
918.6465582774198, 2456.3488888888887
919.0149504483866, 2432.076666666667
919.3832701609637, 2439.358333333333
919.7515173946289, 2427.222222222222
920.1196921288599, 2415.086111111111
920.4877943431352, 2385.9594444444447
920.8558240169323, 2524.311111111111
921.223781129729, 2444.212777777778
921.5916656610033, 2376.2505555555554
921.9594775902328, 2427.222222222222
922.327216896896, 2490.33
922.6948835604703, 2415.086111111111
923.0624775604338, 2441.7855555555557
923.4299988762641, 2466.0577777777776
923.7974474874394, 2434.503888888889
924.1648233734376, 2422.367777777778
924.5321265137363, 2456.3488888888887
924.8993568878135, 2344.6966666666667
925.2665144751472, 2444.212777777778
925.6335992552152, 2461.2033333333334
926.0006112074952, 2524.311111111111
926.3675503114656, 2444.212777777778
926.7344165466038, 2446.64
927.1012098923877, 2504.8933333333334
927.4679303282956, 2456.3488888888887
927.8345778338048, 2468.485
928.2011523883937, 2407.8044444444445
928.5676539715399, 2463.6305555555555
928.9340825627213, 2449.0672222222224
929.300438141416, 2468.485
929.6667206871015, 2449.0672222222224
930.032930179256, 2468.485
930.3990665973574, 2436.931111111111
930.7651299208834, 2429.6494444444443
931.131120129312, 2415.086111111111
931.497037202121, 2483.048333333333
931.8628811187882, 2439.358333333333
932.2286518587919, 2361.6872222222223
932.5943494016095, 2458.7761111111113
932.959973726719, 2534.02
933.3255248135985, 2427.222222222222
933.6910026417256, 2385.9594444444447
934.0564071905786, 2483.048333333333
934.421738439635, 2497.6116666666667
934.7869963683726, 2512.175
935.1521809562696, 2449.0672222222224
935.5172921828038, 2441.7855555555557
935.882330027453, 2417.5133333333333
936.2472944696952, 2390.813888888889
936.6121854890082, 2422.367777777778
936.9770030648699, 2419.9405555555554
937.3417471767581, 2398.0955555555556
937.7064178041509, 2473.3394444444443
938.071014926526, 2439.358333333333
938.4355385233613, 2446.64
938.7999885741348, 2449.0672222222224
939.1643650583242, 2473.3394444444443
939.5286679554074, 2470.912222222222
939.8928972448628, 2449.0672222222224
940.2570529061674, 2385.9594444444447
940.6211349187996, 2453.9216666666666
940.9851432622372, 2466.0577777777776
941.3490779159583, 2446.64
941.7129388594406, 2463.6305555555555
942.0767260721618, 2383.532222222222
942.4404395336, 2495.1844444444446
942.8040792232331, 2400.5227777777777
943.1676451205389, 2405.3772222222224
943.5311372049953, 2470.912222222222
943.8945554560802, 2451.4944444444445
944.2578998532713, 2449.0672222222224
944.621170376047, 2458.7761111111113
944.9843670038847, 2475.766666666667
945.3474897162623, 2398.0955555555556
945.710538492658, 2427.222222222222
946.0735133125493, 2458.7761111111113
946.4364141554144, 2439.358333333333
946.7992410007312, 2405.3772222222224
947.1619938279771, 2434.503888888889
947.5246726166306, 2444.212777777778
947.8872773461691, 2458.7761111111113
948.2498079960709, 2449.0672222222224
948.6122645458137, 2485.4755555555557
948.9746469748751, 2446.64
949.3369552627336, 2490.33
949.6991893888663, 2449.0672222222224
950.0613493327519, 2395.6683333333335
950.4234350738678, 2468.485
950.7854465916919, 2453.9216666666666
951.1473838657021, 2436.931111111111
951.5092468753764, 2405.3772222222224
951.871035600193, 2393.241111111111
952.2327500196291, 2463.6305555555555
952.5943901131628, 2432.076666666667
952.9559558602721, 2395.6683333333335
953.3174472404351, 2417.5133333333333
953.6788642331294, 2475.766666666667
954.040206817833, 2466.0577777777776
954.4014749740235, 2436.931111111111
954.7626686811789, 2451.4944444444445
955.1237879187775, 2434.503888888889
955.4848326662968, 2444.212777777778
955.8458029032148, 2415.086111111111
956.2066986090091, 2376.2505555555554
956.5675197631579, 2470.912222222222
956.9282663451391, 2436.931111111111
957.2889383344307, 2451.4944444444445
957.6495357105102, 2427.222222222222
958.0100584528556, 2441.7855555555557
958.3705065409446, 2519.4566666666665
958.7308799542557, 2473.3394444444443
959.0911786722664, 2402.95
959.4514026744546, 2512.175
959.8115519402979, 2407.8044444444445
960.1716264492745, 2412.6588888888887
960.5316261808625, 2398.0955555555556
960.8915511145395, 2427.222222222222
961.2514012297835, 2441.7855555555557
961.6111765060718, 2415.086111111111
961.9708769228831, 2451.4944444444445
962.330502459695, 2410.2316666666666
962.6900530959854, 2453.9216666666666
963.0495288112322, 2461.2033333333334
963.4089295849129, 2461.2033333333334
963.7682553965058, 2475.766666666667
964.1275062254888, 2517.0294444444444
964.4866820513397, 2524.311111111111
964.8457828535363, 2470.912222222222
965.2048086115565, 2417.5133333333333
965.5637593048781, 2453.9216666666666
965.9226349129792, 2424.795
966.2814354153378, 2458.7761111111113
966.6401607914315, 2402.95
966.998811020738, 2458.7761111111113
967.3573860827355, 2407.8044444444445
967.715885956902, 2441.7855555555557
968.0743106227152, 2458.7761111111113
968.4326600596529, 2519.4566666666665
968.7909342471929, 2449.0672222222224
969.1491331648133, 2410.2316666666666
969.5072567919922, 2470.912222222222
969.8653051082072, 2483.048333333333
970.2232780929362, 2383.532222222222
970.5811757256569, 2478.193888888889
970.9389979858473, 2429.6494444444443
971.2967448529856, 2393.241111111111
971.6544163065495, 2412.6588888888887
972.0120123260166, 2451.4944444444445
972.3695328908652, 2424.795
972.7269779805728, 2444.212777777778
973.0843475746177, 2427.222222222222
973.4416416524775, 2451.4944444444445
973.7988601936299, 2495.1844444444446
974.1560031775534, 2495.1844444444446
974.5130705837252, 2427.222222222222
974.8700623916237, 2424.795
975.2269785807267, 2427.222222222222
975.5838191305116, 2410.2316666666666
975.940584020457, 2439.358333333333
976.2972732300401, 2463.6305555555555
976.6538867387394, 2461.2033333333334
977.0104245260326, 2507.3205555555555
977.366886571397, 2458.7761111111113
977.7232728543113, 2434.503888888889
978.079583354253, 2441.7855555555557
978.4358180507, 2412.6588888888887
978.7919769231304, 2424.795
979.1480599510217, 2468.485
979.5040671138518, 2432.076666666667
979.8599983910992, 2422.367777777778
980.2158537622412, 2466.0577777777776
980.5716332067559, 2388.3866666666668
980.9273367041209, 2405.3772222222224
981.2829642338144, 2446.64
981.6385157753143, 2529.1655555555553
981.9939913080984, 2439.358333333333
982.3493908116445, 2453.9216666666666
982.7047142654303, 2441.7855555555557
983.0599616489342, 2439.358333333333
983.4151329416338, 2407.8044444444445
983.770228123007, 2444.212777777778
984.1252471725317, 2461.2033333333334
984.4801900696855, 2432.076666666667
984.8350567939466, 2487.902777777778
985.189847324793, 2366.5416666666665
985.5445616417024, 2543.728888888889
985.8991997241528, 2451.4944444444445
986.2537615516217, 2480.621111111111
986.6082471035874, 2478.193888888889
986.9626563595276, 2461.2033333333334
987.3169892989204, 2429.6494444444443
987.6712459012435, 2446.64
988.0254261459746, 2368.968888888889
988.3795300125918, 2531.592777777778
988.733557480573, 2407.8044444444445
989.0875085293962, 2449.0672222222224
989.4413831385392, 2337.415
989.7951812874794, 2453.9216666666666
990.1489029556951, 2422.367777777778
990.5025481226647, 2410.2316666666666
990.8561167678653, 2458.7761111111113
991.2096088707751, 2509.7477777777776
991.5630244108718, 2485.4755555555557
991.9163633676334, 2480.621111111111
992.269625720538, 2444.212777777778
992.6228114490633, 2395.6683333333335
992.9759205326872, 2407.8044444444445
993.3289529508872, 2551.0105555555556
993.6819086831417, 2470.912222222222
994.0347877089287, 2475.766666666667
994.3875900077255, 2485.4755555555557
994.7403155590106, 2487.902777777778
995.0929643422612, 2373.8233333333333
995.4455363369556, 2466.0577777777776
995.7980315225718, 2473.3394444444443
996.1504498785876, 2444.212777777778
996.5027913844808, 2439.358333333333
996.8550560197291, 2388.3866666666668
997.2072437638105, 2439.358333333333
997.5593545962032, 2470.912222222222
997.9113884963849, 2470.912222222222
998.2633454438334, 2453.9216666666666
998.6152254180263, 2444.212777777778
998.967028398442, 2507.3205555555555
999.3187543645583, 2485.4755555555557
999.6704032958529, 2402.95
1000.0219751718037, 2398.0955555555556
1000.3734699718887, 2412.6588888888887
1000.7248876755855, 2405.3772222222224
1001.0762282623723, 2439.358333333333
1001.4274917117272, 2417.5133333333333
1001.7786780031272, 2381.105
1002.1297871160513, 2461.2033333333334
1002.4808190299765, 2470.912222222222
1002.831773724381, 2376.2505555555554
1003.1826511787431, 2468.485
1003.5334513725397, 2424.795
1003.8841742852499, 2446.64
1004.2348198963505, 2446.64
1004.58538818532, 2451.4944444444445
1004.9358791316362, 2473.3394444444443
1005.2862927147766, 2422.367777777778
1005.6366289142197, 2415.086111111111
1005.9868877094427, 2434.503888888889
1006.3370690799243, 2427.222222222222
1006.6871730051417, 2451.4944444444445
1007.0371994645731, 2432.076666666667
1007.387148437696, 2456.3488888888887
1007.7370199039891, 2456.3488888888887
1008.0868138429296, 2434.503888888889
1008.4365302339957, 2475.766666666667
1008.7861690566647, 2446.64
1009.135730290415, 2434.503888888889
1009.4852139147247, 2492.757222222222
1009.8346199090714, 2432.076666666667
1010.183948252933, 2444.212777777778
1010.5331989257868, 2424.795
1010.8823719071117, 2383.532222222222
1011.2314671763851, 2436.931111111111
1011.5804847130852, 2441.7855555555557
1011.9294244966892, 2466.0577777777776
1012.2782865066753, 2407.8044444444445
1012.6270707225216, 2461.2033333333334
1012.9757771237059, 2444.212777777778
1013.3244056897063, 2436.931111111111
1013.6729564000002, 2555.865
1014.0214292340655, 2444.212777777778
1014.3698241713803, 2466.0577777777776
1014.7181411914225, 2427.222222222222
1015.0663802736703, 2507.3205555555555
1015.414541397601, 2463.6305555555555
1015.7626245426926, 2466.0577777777776
1016.1106296884232, 2419.9405555555554
1016.4585568142705, 2419.9405555555554
1016.8064058997128, 2478.193888888889
1017.1541769242275, 2451.4944444444445
1017.5018698672923, 2424.795
1017.8494847083857, 2390.813888888889
1018.1970214269853, 2419.9405555555554
1018.544480002569, 2429.6494444444443
1018.8918604146148, 2422.367777777778
1019.2391626426003, 2436.931111111111
1019.5863866660034, 2395.6683333333335
1019.9335324643024, 2449.0672222222224
1020.2806000169747, 2449.0672222222224
1020.6275893034986, 2480.621111111111
1020.9745003033515, 2487.902777777778
1021.3213329960116, 2461.2033333333334
1021.6680873609569, 2390.813888888889
1022.0147633776651, 2400.5227777777777
1022.3613610256143, 2436.931111111111
1022.7078802842818, 2444.212777777778
1023.054321133146, 2441.7855555555557
1023.4006835516849, 2468.485
1023.7469675193759, 2526.7383333333332
1024.0931730156972, 2424.795
1024.4393000201267, 2436.931111111111
1024.785348512142, 2432.076666666667
1025.1313184712212, 2424.795
1025.4772098768424, 2497.6116666666667
1025.8230227084832, 2451.4944444444445
1026.1687569456215, 2453.9216666666666
1026.5144125677348, 2470.912222222222
1026.8599895543018, 2446.64
1027.2054878848003, 2531.592777777778
1027.5509075387072, 2383.532222222222
1027.8962484955014, 2436.931111111111
1028.2415107346603, 2446.64
1028.586694235662, 2419.9405555555554
1028.9317989779845, 2451.4944444444445
1029.2768249411054, 2451.4944444444445
1029.6217721045025, 2451.4944444444445
1029.9666404476538, 2451.4944444444445
