# FLAME spectrum data format
# Time of snapshot: 2021-02-08T18:25:35Eastern Standard Time
# Number of frames accumulated: 1
# Scan time per exposure [us]: 100000189.1861363086452, 2046.1483333333333
189.64926416366848, 1990.3222222222223
190.11235512512943, 2004.8855555555556
190.57540917250594, 2024.3033333333333
191.03842628527582, 1900.515
191.50140644291702, 1958.7683333333334
191.9643496249074, 2075.275
192.4272558107249, 2131.101111111111
192.89012497984731, 2043.7211111111112
193.35295711175254, 2111.6833333333334
193.81575218591854, 2194.208888888889
194.27851018182312, 2150.518888888889
194.7412310789442, 2126.2466666666664
195.20391485675964, 2199.0633333333335
195.66656149474733, 2194.208888888889
196.12917097238517, 2245.1805555555557
196.59174326915107, 2291.297777777778
197.05427836452282, 2245.1805555555557
197.51677623797838, 2286.443333333333
197.97923686899566, 2327.706111111111
198.44166023705247, 2279.161666666667
198.9040463216267, 2259.7438888888887
199.36639510219626, 2347.123888888889
199.82870655823908, 2383.532222222222
200.29098066923297, 2325.278888888889
200.7532174146558, 2422.367777777778
201.21541677398554, 2373.8233333333333
201.6775787267, 2359.26
202.13970325227712, 2378.677777777778
202.60179033019475, 2456.3488888888887
203.06383993993072, 2359.26
203.52585206096302, 2475.766666666667
203.9878266727695, 2327.706111111111
204.44976375482798, 2487.902777777778
204.91166328661643, 2463.6305555555555
205.3735252476127, 2415.086111111111
205.83534961729464, 2444.212777777778
206.2971363751402, 2466.0577777777776
206.75888550062717, 2463.6305555555555
207.22059697323357, 2368.968888888889
207.68227077243716, 2393.241111111111
208.14390687771592, 2461.2033333333334
208.6055052685476, 2473.3394444444443
209.0670659244102, 2485.4755555555557
209.5285888247816, 2390.813888888889
209.99007394913966, 2417.5133333333333
210.4515212769622, 2495.1844444444446
210.9129307877272, 2417.5133333333333
211.3743024609125, 2526.7383333333332
211.835636275996, 2444.212777777778
212.29693221245557, 2453.9216666666666
212.7581902497691, 2415.086111111111
213.21941036741444, 2439.358333333333
213.68059254486954, 2381.105
214.14173676161224, 2422.367777777778
214.60284299712043, 2427.222222222222
215.06391123087198, 2480.621111111111
215.52494144234484, 2390.813888888889
215.9859336110168, 2347.123888888889
216.4468877163658, 2441.7855555555557
216.9078037378697, 2439.358333333333
217.36868165500644, 2470.912222222222
217.82952144725382, 2434.503888888889
218.29032309408976, 2398.0955555555556
218.75108657499214, 2461.2033333333334
219.2118118694389, 2424.795
219.67249895690784, 2373.8233333333333
220.13314781687689, 2432.076666666667
220.5937584288239, 2429.6494444444443
221.0543307722268, 2388.3866666666668
221.51486482656347, 2388.3866666666668
221.97536057131174, 2393.241111111111
222.43581798594948, 2344.6966666666667
222.8962370499547, 2444.212777777778
223.35661774280518, 2463.6305555555555
223.81696004397878, 2405.3772222222224
224.2772639329535, 2310.7155555555555
224.73752938920714, 2436.931111111111
225.1977563922176, 2422.367777777778
225.65794492146279, 2315.57
226.1180949564205, 2461.2033333333334
226.57820647656874, 2439.358333333333
227.03827946138532, 2449.0672222222224
227.4983138903481, 2417.5133333333333
227.95830974293503, 2417.5133333333333
228.418266998624, 2388.3866666666668
228.87818563689282, 2410.2316666666666
229.33806563721944, 2439.358333333333
229.79790697908172, 2415.086111111111
230.25770964195752, 2410.2316666666666
230.71747360532476, 2385.9594444444447
231.1771988486613, 2385.9594444444447
231.63688535144504, 2415.086111111111
232.09653309315385, 2470.912222222222
232.5561420532656, 2415.086111111111
233.01571221125823, 2412.6588888888887
233.4752435466096, 2427.222222222222
233.93473603879755, 2417.5133333333333
234.3941896673, 2383.532222222222
234.85360441159483, 2412.6588888888887
235.31298025115996, 2417.5133333333333
235.77231716547317, 2434.503888888889
236.23161513401246, 2415.086111111111
236.69087413625567, 2432.076666666667
237.15009415168063, 2432.076666666667
237.60927515976533, 2434.503888888889
238.0684171399876, 2388.3866666666668
238.52752007182528, 2407.8044444444445
238.9865839347563, 2378.677777777778
239.44560870825856, 2359.26
239.90459437180988, 2451.4944444444445
240.36354090488823, 2439.358333333333
240.82244828697142, 2463.6305555555555
241.28131649753738, 2419.9405555555554
241.740145516064, 2434.503888888889
242.1989353220291, 2427.222222222222
242.65768589491063, 2410.2316666666666
243.1163972141864, 2436.931111111111
243.5750692593344, 2434.503888888889
244.03370200983244, 2441.7855555555557
244.49229544515842, 2429.6494444444443
244.95084954479023, 2444.212777777778
245.40936428820572, 2429.6494444444443
245.8678396548828, 2436.931111111111
246.3262756242994, 2388.3866666666668
246.7846721759333, 2444.212777777778
247.2430292892625, 2456.3488888888887
247.7013469437648, 2390.813888888889
248.15962511891811, 2415.086111111111
248.61786379420033, 2473.3394444444443
249.0760629490893, 2500.038888888889
249.53422256306294, 2390.813888888889
249.9923426155991, 2434.503888888889
250.4504230861757, 2466.0577777777776
250.90846395427067, 2344.6966666666667
251.3664651993618, 2461.2033333333334
251.82442680092703, 2483.048333333333
252.2823487384442, 2422.367777777778
252.7402309913912, 2303.4338888888888
253.19807353924597, 2383.532222222222
253.65587636148632, 2451.4944444444445
254.1136394375902, 2422.367777777778
254.57136274703547, 2485.4755555555557
255.02904626929998, 2449.0672222222224
255.48668998386165, 2412.6588888888887
255.94429387019835, 2359.26
256.401857907788, 2480.621111111111
256.8593820761084, 2434.503888888889
257.3168663546375, 2410.2316666666666
257.77431072285316, 2417.5133333333333
258.2317151602333, 2458.7761111111113
258.6890796462558, 2422.367777777778
259.14640416039845, 2325.278888888889
259.6036886821393, 2483.048333333333
260.0609331909561, 2439.358333333333
260.51813766632677, 2444.212777777778
260.9753020877292, 2470.912222222222
261.4324264346412, 2436.931111111111
261.8895106865408, 2432.076666666667
262.3465548229058, 2419.9405555555554
262.8035588232141, 2470.912222222222
263.26052266694353, 2495.1844444444446
263.717446333572, 2419.9405555555554
264.1743298025776, 2461.2033333333334
264.6311730534378, 2492.757222222222
265.0879760656308, 2451.4944444444445
265.5447388186344, 2419.9405555555554
266.00146129192643, 2400.5227777777777
266.4581434649849, 2422.367777777778
266.91478531728757, 2446.64
267.3713868283124, 2417.5133333333333
267.82794797753724, 2570.4283333333333
268.28446874443995, 2473.3394444444443
268.7409491084984, 2441.7855555555557
269.19738904919063, 2473.3394444444443
269.6537885459943, 2385.9594444444447
270.1101475783875, 2432.076666666667
270.56646612584797, 2427.222222222222
271.0227441678536, 2427.222222222222
271.4789816838824, 2504.8933333333334
271.93517865341204, 2456.3488888888887
272.3913350559207, 2441.7855555555557
272.84745087088595, 2463.6305555555555
273.3035260777859, 2434.503888888889
273.7595606560983, 2390.813888888889
274.2155545853011, 2468.485
274.6715078448722, 2432.076666666667
275.1274204142894, 2441.7855555555557
275.58329227303074, 2519.4566666666665
276.0391234005739, 2453.9216666666666
276.4949137763969, 2410.2316666666666
276.9506633799776, 2407.8044444444445
277.4063721907939, 2388.3866666666668
277.8620401883236, 2475.766666666667
278.3176673520446, 2470.912222222222
278.773253661435, 2502.4661111111113
279.22879909597236, 2458.7761111111113
279.68430363513477, 2410.2316666666666
280.1397672584, 2458.7761111111113
280.595189945246, 2490.33
281.05057167515076, 2432.076666666667
281.5059124275919, 2444.212777777778
281.9612121820476, 2526.7383333333332
282.4164709179954, 2492.757222222222
282.87168861491347, 2470.912222222222
283.3268652522797, 2441.7855555555557
283.78200080957174, 2461.2033333333334
284.2370952662677, 2444.212777777778
284.6921486018453, 2436.931111111111
285.14716079578255, 2480.621111111111
285.60213182755723, 2432.076666666667
286.0570616766474, 2427.222222222222
286.5119503225307, 2393.241111111111
286.9667977446852, 2405.3772222222224
287.4216039225886, 2412.6588888888887
287.87636883571895, 2456.3488888888887
288.33109246355417, 2434.503888888889
288.785774785572, 2441.7855555555557
289.2404157812505, 2398.0955555555556
289.6950154300672, 2432.076666666667
290.14957371150035, 2483.048333333333
290.60409060502775, 2432.076666666667
291.05856609012716, 2441.7855555555557
291.51300014627657, 2405.3772222222224
291.96739275295386, 2383.532222222222
292.42174388963684, 2456.3488888888887
292.8760535358034, 2436.931111111111
293.3303216709316, 2500.038888888889
293.7845482744991, 2436.931111111111
294.2387333259839, 2485.4755555555557
294.6928768048639, 2453.9216666666666
295.14697869061683, 2410.2316666666666
295.6010389627208, 2417.5133333333333
296.05505760065347, 2351.9783333333335
296.50903458389297, 2390.813888888889
296.9629698919169, 2368.968888888889
297.4168635042034, 2415.086111111111
297.8707154002302, 2473.3394444444443
298.32452555947515, 2419.9405555555554
298.7782939614164, 2400.5227777777777
299.2320205855315, 2400.5227777777777
299.6857054112985, 2466.0577777777776
300.1393484181953, 2407.8044444444445
300.5929495856997, 2385.9594444444447
301.0465088932897, 2419.9405555555554
301.50002632044306, 2507.3205555555555
301.9535018466377, 2449.0672222222224
302.40693545135156, 2405.3772222222224
302.8603271140625, 2470.912222222222
303.31367681424837, 2487.902777777778
303.7669845313871, 2429.6494444444443
304.2202502449565, 2458.7761111111113
304.6734739344345, 2417.5133333333333
305.12665557929904, 2466.0577777777776
305.57979515902787, 2439.358333333333
306.03289265309905, 2444.212777777778
306.4859480409903, 2458.7761111111113
306.93896130217956, 2449.0672222222224
307.39193241614487, 2366.5416666666665
307.8448613623638, 2502.4661111111113
308.2977481203145, 2456.3488888888887
308.75059266947466, 2424.795
309.20339498932225, 2415.086111111111
309.6561550593353, 2504.8933333333334
310.10887285899145, 2398.0955555555556
310.56154836776875, 2444.212777777778
311.01418156514495, 2446.64
311.46677243059804, 2436.931111111111
311.9193209436059, 2405.3772222222224
312.37182708364634, 2492.757222222222
312.8242908301973, 2432.076666666667
313.27671216273677, 2468.485
313.7290910607424, 2405.3772222222224
314.1814275036922, 2490.33
314.63372147106406, 2417.5133333333333
315.08597294233584, 2446.64
315.53818189698546, 2507.3205555555555
315.99034831449075, 2461.2033333333334
316.44247217432957, 2427.222222222222
316.8945534559799, 2439.358333333333
317.3465921389196, 2410.2316666666666
317.7985882026266, 2502.4661111111113
318.2505416265786, 2466.0577777777776
318.7024523902536, 2419.9405555555554
319.1543204731295, 2439.358333333333
319.6061458546842, 2458.7761111111113
320.0579285143956, 2412.6588888888887
320.50966843174143, 2487.902777777778
320.9613655861997, 2381.105
321.4130199572483, 2410.2316666666666
321.86463152436505, 2487.902777777778
322.3162002670279, 2461.2033333333334
322.76772616471476, 2434.503888888889
323.2192091969033, 2385.9594444444447
323.6706493430717, 2458.7761111111113
324.1220465826977, 2439.358333333333
324.5734008952591, 2417.5133333333333
325.0247122602339, 2412.6588888888887
325.4759806571, 2441.7855555555557
325.9272060653352, 2415.086111111111
326.3783884644174, 2449.0672222222224
326.8295278338246, 2400.5227777777777
327.2806241530346, 2412.6588888888887
327.7316774015252, 2432.076666666667
328.1826875587743, 2446.64
328.63365460425996, 2429.6494444444443
329.08457851745993, 2434.503888888889
329.5354592778521, 2446.64
329.9862968649143, 2519.4566666666665
330.4370912581245, 2410.2316666666666
330.88784243696057, 2419.9405555555554
331.3385503809005, 2422.367777777778
331.78921506942197, 2429.6494444444443
332.2398364820029, 2432.076666666667
332.69041459812127, 2434.503888888889
333.1409493972549, 2483.048333333333
333.59144085888175, 2461.2033333333334
334.0418889624796, 2473.3394444444443
334.49229368752646, 2432.076666666667
334.94265501350003, 2470.912222222222
335.3929729198783, 2490.33
335.8432473861392, 2500.038888888889
336.29347839176063, 2461.2033333333334
336.7436659162204, 2441.7855555555557
337.19380993899625, 2475.766666666667
337.6439104395663, 2451.4944444444445
338.0939673974084, 2436.931111111111
338.5439807920004, 2480.621111111111
338.9939506028201, 2446.64
339.4438768093455, 2458.7761111111113
339.89375939105446, 2490.33
340.34359832742473, 2463.6305555555555
340.7933935979344, 2417.5133333333333
341.24314518206126, 2497.6116666666667
341.69285305928315, 2497.6116666666667
342.14251720907805, 2451.4944444444445
342.5921376109237, 2466.0577777777776
343.0417142442982, 2473.3394444444443
343.4912470886792, 2487.902777777778
343.9407361235448, 2410.2316666666666
344.39018132837265, 2436.931111111111
344.8395826826408, 2478.193888888889
345.2889401658271, 2417.5133333333333
345.73825375740944, 2419.9405555555554
346.1875234368658, 2439.358333333333
346.63674918367377, 2439.358333333333
347.0859309773115, 2385.9594444444447
347.53506879725677, 2497.6116666666667
347.9841626229875, 2434.503888888889
348.4332124339816, 2521.883888888889
348.8822182097168, 2483.048333333333
349.33117992967124, 2456.3488888888887
349.78009757332256, 2400.5227777777777
350.2289711201488, 2412.6588888888887
350.67780054962776, 2407.8044444444445
351.1265858412374, 2461.2033333333334
351.5753269744555, 2415.086111111111
352.02402392876, 2424.795
352.47267668362883, 2475.766666666667
352.92128521853977, 2502.4661111111113
353.36984951297086, 2412.6588888888887
353.81836954639977, 2446.64
354.26684529830453, 2412.6588888888887
354.715276748163, 2507.3205555555555
355.1636638754531, 2427.222222222222
355.61200665965265, 2446.64
356.0603050802395, 2449.0672222222224
356.50855911669163, 2485.4755555555557
356.9567687484869, 2512.175
357.4049339551032, 2507.3205555555555
357.85305471601833, 2444.212777777778
358.30113101071026, 2468.485
358.7491628186568, 2463.6305555555555
359.1971501193359, 2500.038888888889
359.64509289222553, 2405.3772222222224
360.0929911168034, 2446.64
360.5408447725474, 2449.0672222222224
360.98865383893553, 2470.912222222222
361.4364182954456, 2466.0577777777776
361.88413812155545, 2432.076666666667
362.3318132967432, 2560.7194444444444
362.7794438004865, 2439.358333333333
363.2270296122632, 2446.64
363.6745707115514, 2400.5227777777777
364.1220670778288, 2436.931111111111
364.5695186905733, 2519.4566666666665
365.01692552926295, 2429.6494444444443
365.46428757337543, 2492.757222222222
365.9116048023887, 2478.193888888889
366.3588771957806, 2439.358333333333
366.80610473302926, 2432.076666666667
367.25328739361225, 2468.485
367.7004251570076, 2480.621111111111
368.14751800269306, 2453.9216666666666
368.59456591014674, 2502.4661111111113
369.0415688588464, 2378.677777777778
369.4885268282698, 2483.048333333333
369.9354397978952, 2470.912222222222
370.3823077472, 2470.912222222222
370.82913065566237, 2495.1844444444446
371.2759085027602, 2478.193888888889
371.7226412679713, 2470.912222222222
372.1693289307736, 2407.8044444444445
372.615971470645, 2534.02
373.0625688670632, 2521.883888888889
373.5091210995062, 2434.503888888889
373.95562814745205, 2495.1844444444446
374.4020899903785, 2434.503888888889
374.8485066077633, 2487.902777777778
375.29487797908456, 2461.2033333333334
375.74120408382, 2490.33
376.1874849014476, 2458.7761111111113
376.6337204114452, 2466.0577777777776
377.07991059329066, 2478.193888888889
377.52605542646194, 2422.367777777778
377.9721548904368, 2446.64
378.41820896469335, 2453.9216666666666
378.8642176287092, 2521.883888888889
379.31018086196246, 2468.485
379.75609864393084, 2446.64
380.2019709540923, 2492.757222222222
380.64779777192473, 2432.076666666667
381.093579076906, 2509.7477777777776
381.5393148485141, 2439.358333333333
381.98500506622673, 2575.282777777778
382.43064970952184, 2456.3488888888887
382.87624875787736, 2466.0577777777776
383.32180219077117, 2461.2033333333334
383.76730998768113, 2458.7761111111113
384.2127721280851, 2410.2316666666666
384.658188591461, 2502.4661111111113
385.1035593572866, 2512.175
385.54888440504004, 2398.0955555555556
385.994163714199, 2478.193888888889
386.4393972642414, 2463.6305555555555
386.8845850346451, 2451.4944444444445
387.32972700488807, 2412.6588888888887
387.77482315444814, 2507.3205555555555
388.2198734628032, 2434.503888888889
388.66487790943114, 2485.4755555555557
389.1098364738098, 2378.677777777778
389.55474913541707, 2402.95
389.99961587373093, 2507.3205555555555
390.44443666822923, 2470.912222222222
390.8892114983898, 2483.048333333333
391.3339403436905, 2521.883888888889
391.7786231836093, 2480.621111111111
392.2232599976239, 2492.757222222222
392.6678507652125, 2446.64
393.11239546585284, 2441.7855555555557
393.55689407902264, 2495.1844444444446
394.0013465841999, 2388.3866666666668
394.4457529608626, 2456.3488888888887
394.89011318848856, 2483.048333333333
395.3344272465556, 2456.3488888888887
395.77869511454173, 2444.212777777778
396.22291677192464, 2468.485
396.6670921981824, 2424.795
397.1112213727928, 2412.6588888888887
397.55530427523377, 2444.212777777778
397.99934088498316, 2407.8044444444445
398.4433311815189, 2531.592777777778
398.8872751443188, 2485.4755555555557
399.33117275286077, 2475.766666666667
399.7750239866227, 2485.4755555555557
400.2188288250826, 2444.212777777778
400.6625872477181, 2475.766666666667
401.1062992340072, 2453.9216666666666
401.5499647634279, 2449.0672222222224
401.99358381545795, 2487.902777777778
402.43715636957535, 2441.7855555555557
402.8806824052578, 2507.3205555555555
403.3241619019833, 2432.076666666667
403.7675948392297, 2468.485
404.2109811964749, 2444.212777777778
404.6543209531968, 2490.33
405.0976140888734, 2458.7761111111113
405.5408605829823, 2393.241111111111
405.9840604150016, 2502.4661111111113
406.4272135644091, 2412.6588888888887
406.87032001068275, 2504.8933333333334
407.3133797333004, 2453.9216666666666
407.7563927117399, 2383.532222222222
408.1993589254791, 2446.64
408.64227835399595, 2422.367777777778
409.08515097676843, 2449.0672222222224
409.52797677327436, 2461.2033333333334
409.97075572299144, 2519.4566666666665
410.4134878053977, 2410.2316666666666
410.856172999971, 2470.912222222222
411.2988112861894, 2473.3394444444443
411.74140264353053, 2456.3488888888887
412.18394705147244, 2436.931111111111
412.6264444894928, 2536.447222222222
413.0688949370698, 2393.241111111111
413.5112983736811, 2529.1655555555553
413.9536547788046, 2463.6305555555555
414.39596413191833, 2449.0672222222224
414.83822641250003, 2584.991666666667
415.2804416000276, 2504.8933333333334
415.722609673979, 2436.931111111111
416.16473061383203, 2432.076666666667
416.6068043990647, 2541.3016666666667
417.0488310091547, 2497.6116666666667
417.49081042358, 2468.485
417.93274262181853, 2439.358333333333
418.37462758334823, 2485.4755555555557
418.8164652876469, 2461.2033333333334
419.25825571419233, 2434.503888888889
419.6999988424625, 2468.485
420.1416946519353, 2449.0672222222224
420.58334312208865, 2487.902777777778
421.02494423240046, 2475.766666666667
421.46649796234846, 2475.766666666667
421.9080042914106, 2424.795
422.34946319906476, 2444.212777777778
422.7908746647889, 2424.795
423.2322386680608, 2415.086111111111
423.6735551883584, 2483.048333333333
424.1148242051596, 2432.076666666667
424.55604569794224, 2480.621111111111
424.99721964618425, 2393.241111111111
425.43834602936346, 2495.1844444444446
425.87942482695786, 2441.7855555555557
426.32045601844516, 2519.4566666666665
426.7614395833034, 2495.1844444444446
427.20237550101035, 2441.7855555555557
427.643263751044, 2512.175
428.0841043128821, 2475.766666666667
428.5248971660027, 2509.7477777777776
428.96564228988353, 2473.3394444444443
429.4063396640026, 2466.0577777777776
429.8469892678377, 2519.4566666666665
430.2875910808667, 2483.048333333333
430.72814508256766, 2436.931111111111
431.1686512524183, 2466.0577777777776
431.6091095698964, 2453.9216666666666
432.04952001448015, 2470.912222222222
432.48988256564724, 2577.71
432.93019720287555, 2526.7383333333332
433.37046390564296, 2497.6116666666667
433.8106826534275, 2475.766666666667
434.2508534257068, 2504.8933333333334
434.690976201959, 2485.4755555555557
435.13105096166186, 2444.212777777778
435.57107768429324, 2410.2316666666666
436.011056349331, 2478.193888888889
436.4509869362532, 2439.358333333333
436.8908694245375, 2478.193888888889
437.330703793662, 2563.1466666666665
437.7704900231044, 2507.3205555555555
438.2102280923426, 2526.7383333333332
438.64991798085464, 2468.485
439.0895596681183, 2468.485
439.52915313361143, 2458.7761111111113
439.968698356812, 2497.6116666666667
440.4081953171978, 2555.865
440.84764399424677, 2473.3394444444443
441.28704436743686, 2507.3205555555555
441.7263964162458, 2492.757222222222
442.1657001201515, 2473.3394444444443
442.604955458632, 2531.592777777778
443.044162411165, 2568.001111111111
443.48332095722856, 2434.503888888889
443.92243107630037, 2514.6022222222223
444.36149274785845, 2485.4755555555557
444.80050595138067, 2461.2033333333334
445.2394706663448, 2524.311111111111
445.67838687222894, 2601.9822222222224
446.11725454851074, 2483.048333333333
446.5560736746682, 2507.3205555555555
446.99484423017924, 2495.1844444444446
447.4335661945217, 2517.0294444444444
447.8722395471734, 2517.0294444444444
448.3108642676124, 2456.3488888888887
448.74944033531636, 2478.193888888889
449.18796772976333, 2478.193888888889
449.6264464304311, 2555.865
450.0648764167976, 2546.156111111111
450.5032576683408, 2473.3394444444443
450.94159016453835, 2536.447222222222
451.37987388486823, 2560.7194444444444
451.8181088088085, 2526.7383333333332
452.25629491583686, 2502.4661111111113
452.6944321854313, 2475.766666666667
453.1325205970696, 2536.447222222222
453.5705601302296, 2480.621111111111
454.00855076438944, 2424.795
454.44649247902674, 2514.6022222222223
454.8843852536195, 2487.902777777778
455.32222906764554, 2429.6494444444443
455.76002390058284, 2553.4377777777777
456.19776973190926, 2524.311111111111
456.63546654110263, 2536.447222222222
457.07311430764076, 2551.0105555555556
457.5107130110018, 2497.6116666666667
457.9482626306634, 2419.9405555555554
458.38576314610356, 2458.7761111111113
458.82321453680004, 2526.7383333333332
459.2606167822308, 2553.4377777777777
459.69796986187373, 2526.7383333333332
460.13527375520675, 2463.6305555555555
460.5725284417076, 2517.0294444444444
461.0097339008544, 2473.3394444444443
461.44689011212483, 2521.883888888889
461.8839970549969, 2502.4661111111113
462.3210547089484, 2548.5833333333335
462.7580630534572, 2546.156111111111
463.1950220680013, 2495.1844444444446
463.63193173205855, 2470.912222222222
464.0687920251067, 2534.02
464.5056029266238, 2509.7477777777776
464.9423644160876, 2551.0105555555556
465.3790764729762, 2536.447222222222
465.8157390767672, 2534.02
466.2523522069386, 2497.6116666666667
466.6889158429684, 2500.038888888889
467.12542996433433, 2504.8933333333334
467.5618945505144, 2487.902777777778
467.9983095809864, 2473.3394444444443
468.4346750352282, 2478.193888888889
468.8709908927178, 2534.02
469.30725713293293, 2565.573888888889
469.7434737353516, 2521.883888888889
470.1796406794516, 2504.8933333333334
470.6157579447109, 2560.7194444444444
471.05182551060733, 2604.4094444444445
471.4878433566188, 2512.175
471.9238114622231, 2553.4377777777777
472.35972980689826, 2560.7194444444444
472.7955983701221, 2558.2922222222223
473.23141713137244, 2536.447222222222
473.66718607012734, 2563.1466666666665
474.1029051658645, 2551.0105555555556
474.53857439806194, 2631.108888888889
474.97419374619733, 2582.5644444444442
475.4097631897488, 2657.8083333333334
475.84528270819413, 2560.7194444444444
476.28075228101125, 2597.1277777777777
476.71617188767794, 2555.865
477.15154150767216, 2565.573888888889
477.5868611204718, 2640.817777777778
478.0221307055547, 2708.78
478.4573502423987, 2699.071111111111
478.89251971048185, 2716.0616666666665
479.3276390892819, 2725.7705555555553
479.76270835827677, 2769.4605555555554
480.19772749694437, 2706.3527777777776
480.6326964847625, 2725.7705555555553
481.0676153012091, 2878.6855555555558
481.50248392576214, 2868.9766666666665
481.9373023378993, 2822.8594444444443
482.3720705170987, 2893.248888888889
482.80678844283807, 2844.7044444444446
483.2414560945953, 2878.6855555555558
483.6760734518483, 3019.4644444444443
484.110640494075, 3029.173333333333
484.5451572007532, 3021.891666666667
484.9796235513608, 3060.7272222222223
485.41403952537576, 3043.7366666666667
485.8484051022759, 3094.7083333333335
486.2827202615391, 3162.6705555555554
486.7169849826432, 3123.835
487.1511992450663, 3250.0505555555555
487.585363028286, 3359.2755555555555
488.01947631178035, 3349.5666666666666
488.4535390750272, 3451.51
488.88755129750444, 3383.547777777778
489.32151295868994, 3485.491111111111
489.75542403806156, 3652.9694444444444
490.1892845150972, 3701.5138888888887
490.6230943692748, 3762.1944444444443
491.05685358007213, 3699.0866666666666
491.4905621269672, 3876.273888888889
491.9242199894378, 3939.3816666666667
492.3578271469619, 3929.672777777778
492.7913835790173, 4097.151111111111
493.2248892650819, 4177.249444444445
493.65834418463356, 4264.629444444445
494.09174831715035, 4500.07
494.52510164210986, 4466.0888888888885
494.9584041389902, 4609.295
495.3916557872692, 4764.637222222223
495.8248565664246, 4735.510555555556
496.25800645593455, 4951.533333333334
496.69110543527665, 5119.011666666666
497.124153483929, 5121.438888888889
497.5571505813694, 5315.616666666667
497.99009670707574, 5475.8133333333335
498.42299184052587, 5774.361666666667
498.8558359611977, 5944.267222222222
499.28862904856913, 6063.2011111111115
499.72137108211814, 6111.745555555555
500.15406204132233, 6250.097222222223
500.5867019056598, 6563.208888888889
501.01929065460854, 6691.8516666666665
501.45182826764614, 6854.475555555556
501.8843147242507, 7218.558888888889
502.3167500039, 7242.831111111111
502.749134086072, 7696.721666666666
503.1814669502445, 7978.279444444444
503.6137485758955, 8085.077222222222
504.04597894250264, 8446.733333333334
504.4781580295442, 8745.281666666666
504.9102858164977, 8980.722222222223
505.3423622828412, 9354.514444444445
505.7743874080526, 9490.43888888889
506.20636117160956, 9735.588333333333
506.63828355299034, 10281.713333333333
507.07015453167253, 10444.337222222222
507.50197408713404, 10912.791111111112
507.93374219885294, 11068.133333333333
508.36545884630686, 11509.887777777778
508.7971240089739, 11735.619444444445
509.2287376663318, 12019.604444444445
509.66029979785856, 12356.988333333333
510.0918103830321, 12774.470555555556
510.5232694013299, 13111.854444444445
510.9546768322305, 13422.538888888888
511.3860326552112, 13735.650555555556
511.81733684975023, 14097.306666666667
512.2485893953253, 14315.756666666666
512.6797902714144, 14563.333333333334
513.1109394574953, 15073.05
513.5420369330461, 15238.101111111111
513.9730826775443, 15604.611666666666
514.4040766704684, 15937.141111111112
514.8350188912955, 16298.797222222222
515.2659093195042, 16252.68
515.6967479345718, 16781.814444444444
516.1275347159767, 17056.090555555555
516.5582696431964, 16961.428888888888
516.9889526957089, 17247.841111111113
517.4195838529922, 17391.047222222223
517.8501630945242, 17514.835555555557
518.2806903997824, 17616.77888888889
518.7111657482452, 17420.17388888889
519.1415891193901, 18029.406666666666
519.5719604926952, 17983.289444444443
520.0022798476382, 18211.448333333334
520.4325471636973, 17806.102222222224
520.8627624203501, 18148.340555555555
521.2929255970745, 18230.86611111111
521.7230366733485, 18080.378333333334
522.1530956286498, 17645.905555555557
522.5831024424566, 17677.459444444445
523.0130570942465, 17886.200555555555
523.4429595634975, 17864.355555555554
523.8728098296876, 17866.78277777778
524.3026078722943, 17514.835555555557
524.732353670796, 17417.746666666666
525.1620472046701, 17080.362777777777
525.5916884533947, 16721.13388888889
526.0212773964479, 16818.222777777777
526.4508140133071, 16468.702777777777
526.8802982834507, 16425.012777777778
527.3097301863561, 16206.562777777777
527.7391097015015, 15808.498333333333
528.168436808365, 15779.371666666666
528.5977114864237, 15624.029444444444
529.0269337151562, 15179.847777777777
529.4561034740402, 15172.566111111111
529.8852207425534, 14779.35611111111
530.314285500174, 14439.545
530.7432977263796, 14109.442777777778
531.1722574006484, 14087.597777777777
531.6011645024578, 13568.172222222222
532.030019011286, 13517.200555555555
532.458820906611, 13206.516111111112
532.8875701679102, 13172.535
533.3162667746622, 12628.837222222222
533.7449107063443, 12776.897777777778
534.1735019424347, 12458.931666666667
534.602040462411, 12041.449444444444
535.0305262457513, 11796.3
535.4589592719335, 11854.553333333333
535.8873395204353, 11633.676111111112
536.3156669707347, 11318.137222222222
536.7439416023096, 11167.649444444445
537.1721633946379, 10876.382777777777
537.6003323271975, 10755.021666666667
538.028448379466, 10633.660555555556
538.4565115309218, 10383.656666666666
538.8845217610424, 10172.488333333333
539.3124790493057, 10060.836111111112
539.7403833751898, 9791.414444444445
540.1682347181724, 9687.04388888889
540.5960330577315, 9388.495555555555
541.0237783733447, 9403.058888888889
541.4514706444902, 9167.618333333334
541.8791098506459, 9194.317777777778
542.3066959712894, 8932.177777777777
542.7342289858989, 8619.066111111111
543.1617088739521, 8563.24
543.5891356149269, 8492.850555555555
544.0165091883014, 8434.597222222223
544.4438295735529, 8002.551666666666
544.8710967501598, 8097.213333333333
545.2983106976, 8138.476111111111
545.7254713953512, 7762.256666666667
546.1525788228913, 7689.44
546.5796329596982, 7517.107222222222
547.0066337852497, 7517.107222222222
547.4335812790239, 7400.600555555556
547.8604754204986, 7305.938888888889
548.2873161891516, 7089.916111111111
548.7141035644607, 7060.789444444445
549.140837525904, 6924.865
549.5675180529594, 6769.522777777778
549.9941451251045, 6718.551111111111
550.4207187218174, 6691.8516666666665
550.847238822576, 6444.275
551.2737054068582, 6439.420555555555
551.7001184541417, 6298.641666666666
552.1264779439044, 6172.426111111111
552.5527838556245, 6157.862777777777
552.9790361687795, 6140.872222222222
553.4052348628476, 5992.8116666666665
553.8313799173064, 5980.675555555556
554.2574713116339, 5733.098888888889
554.6835090253081, 5706.399444444444
555.1094930378068, 5519.503333333333
555.5354233286079, 5614.165
555.961299877189, 5400.569444444444
556.3871226630284, 5383.578888888889
556.8128916656038, 5223.3822222222225
557.2386068643932, 5247.654444444444
557.6642682388743, 5245.227222222222
558.0898757685251, 5070.4672222222225
558.5154294328235, 5004.932222222223
558.9409292112473, 4924.833888888889
559.3663750832743, 4796.191111111111
559.7917670283828, 4808.327222222222
560.2171050260499, 4881.143888888889
560.6423890557544, 4621.431111111111
561.0676190969735, 4764.637222222223
561.4927951291855, 4614.149444444444
561.9179171318682, 4585.022777777778
562.3429850844992, 4553.468888888889
562.7679989665568, 4434.535
563.1929587575185, 4330.164444444445
563.6178644368624, 4555.896111111111
564.0427159840664, 4424.8261111111115
564.4675133786083, 4308.319444444444
564.892256599966, 4237.93
565.3169456276173, 4182.103888888889
565.7415804410404, 4186.958333333333
566.1661610197128, 4106.86
566.5906873431126, 4189.385555555556
567.0151593907176, 4072.878888888889
567.4395771420056, 3990.3533333333335
567.8639405764549, 4099.578333333333
568.2882496735427, 3983.0716666666667
568.7125044127475, 4019.48
569.136704773547, 3985.498888888889
569.560850735419, 3958.7994444444444
569.9849422778414, 3934.527222222222
570.408979380292, 3919.963888888889
570.8329620222488, 3861.7105555555554
571.2568901831899, 3873.846666666667
571.6807638425926, 3830.1566666666668
572.1045829799353, 3784.0394444444446
572.5283475746957, 3737.9222222222224
572.9520576063518, 3825.302222222222
573.3757130543813, 3788.893888888889
573.7993138982621, 3849.5744444444445
574.2228601174724, 3752.4855555555555
574.6463516914896, 3691.805
575.069788599792, 3764.6216666666664
575.4931708218572, 3774.3305555555557
575.916498337163, 3718.5044444444443
576.3397711251878, 3713.65
576.7629891654091, 3720.931666666667
577.1861524373047, 3684.5233333333335
577.6092609203528, 3820.447777777778
578.0323145940308, 3623.842777777778
578.4553134378172, 3713.65
578.8782574311896, 3696.6594444444445
579.3011465536257, 3640.8333333333335
579.7239807846037, 3679.668888888889
580.146760103601, 3730.6405555555557
580.5694844900961, 3640.8333333333335
580.9921539235664, 3737.9222222222224
581.4147683834901, 3487.9183333333335
581.8373278493451, 3575.298333333333
582.2598323006089, 3677.241666666667
582.6822817167598, 3628.697222222222
583.1046760772754, 3628.697222222222
583.5270153616337, 3580.152777777778
583.9492995493126, 3575.298333333333
584.3715286197901, 3563.162222222222
584.7937025525439, 3514.617777777778
585.2158213270517, 3466.0733333333333
585.6378849227918, 3572.871111111111
586.059893319242, 3570.443888888889
586.4818464958798, 3502.4816666666666
586.9037444321838, 3517.045
587.3255871076311, 3429.665
587.7473745017, 3507.336111111111
588.1691065938684, 3524.326666666667
588.590783363614, 3436.9466666666667
589.0124047904148, 3551.0261111111113
589.4339708537487, 3463.646111111111
589.8554815330937, 3390.8294444444446
590.2769368079274, 3390.8294444444446
590.6983366577279, 3371.411666666667
591.1196810619729, 3456.3644444444444
591.5409700001403, 3412.6744444444444
591.9622034517083, 3347.1394444444445
592.3833813961545, 3337.4305555555557
592.8045038129568, 3245.196111111111
593.2255706815931, 3347.1394444444445
593.6465819815413, 3208.7877777777776
594.0675376922794, 3267.041111111111
594.488437793285, 3291.3133333333335
594.9092822640364, 3216.0694444444443
595.3300710840113, 3237.9144444444446
595.7508042326872, 3218.4966666666664
596.1714816895425, 3223.351111111111
596.5921034340548, 3220.923888888889
597.0126694457022, 3201.5061111111113
597.4331797039623, 3145.68
597.8536341883132, 3155.3888888888887
598.2740328782329, 3123.835
598.6943757531989, 3092.281111111111
599.1146627926894, 3165.097777777778
599.5348939761823, 3084.9994444444446
599.9550692831551, 3133.543888888889
600.3751886930862, 3126.262222222222
600.795252185453, 3101.99
601.2152597397338, 3143.2527777777777
601.6352113354062, 3140.8255555555556
602.0551069519482, 3160.2433333333333
602.4749465688378, 3128.6894444444442
602.8947301655527, 3106.8444444444444
603.3144577215706, 3024.318888888889
603.7341292163699, 3034.027777777778
604.153744629428, 3140.8255555555556
604.5733039402232, 3089.853888888889
604.9928071282329, 3046.163888888889
605.4122541729356, 3009.7555555555555
605.8316450538086, 3068.008888888889
606.2509797503302, 3019.4644444444443
606.670258241978, 3031.6005555555557
607.0894805082299, 2946.6477777777777
607.5086465285641, 3060.7272222222223
607.9277562824581, 3007.3283333333334
608.3468097493899, 2953.9294444444445
608.7658069088376, 2953.9294444444445
609.1847477402787, 2932.0844444444447
609.6036322231914, 3012.1827777777776
610.0224603370534, 2970.92
610.4412320613428, 2934.5116666666668
610.8599473755373, 2919.9483333333333
611.2786062591147, 3021.891666666667
611.6972086915533, 2949.075
612.1157546523305, 2910.2394444444444
612.5342441209243, 2983.056111111111
612.952677076813, 2888.3944444444446
613.3710534994736, 2890.8216666666667
613.789373368385, 2839.85
614.2076366630243, 2932.0844444444447
614.62584336287, 2851.9861111111113
615.0439934473997, 2873.831111111111
615.4620868960909, 2888.3944444444446
615.8801236884221, 2854.4133333333334
616.298103803871, 2900.5305555555556
616.7160272219153, 2854.4133333333334
617.1338939220329, 2861.695
617.5517038837019, 2771.887777777778
617.9694570864001, 2730.625
618.3871535096054, 2859.2677777777776
618.8047931327956, 2818.005
619.2223759354484, 2786.451111111111
619.6399018970421, 2805.8688888888887
620.0573709970545, 2784.023888888889
620.4747832149632, 2825.286666666667
620.8921385302463, 2813.1505555555555
621.3094369223816, 2818.005
621.7266783708471, 2740.333888888889
622.1438628551207, 2737.9066666666668
622.5609903546799, 2750.0427777777777
622.9780608490031, 2781.596666666667
623.395074317568, 2686.935
623.8120307398522, 2759.7516666666666
624.228930095334, 2764.606111111111
624.645772363491, 2735.4794444444447
625.0625575238014, 2839.85
625.4792855557428, 2733.052222222222
625.8959564387931, 2754.8972222222224
626.3125701524302, 2713.6344444444444
626.7291266761321, 2728.197777777778
627.1456259893766, 2660.2355555555555
627.5620680716416, 2747.6155555555556
627.978452902405, 2742.761111111111
628.3947804611447, 2699.071111111111
628.8110507273384, 2638.3905555555557
629.2272636804644, 2677.226111111111
629.6434193000001, 2740.333888888889
630.0595175654236, 2733.052222222222
630.4755584562129, 2696.643888888889
630.8915419518455, 2718.488888888889
631.3074680317999, 2694.2166666666667
631.7233366755535, 2720.916111111111
632.1391478625843, 2684.507777777778
632.5549015723702, 2733.052222222222
632.9705977843889, 2672.3716666666664
633.3862364781188, 2718.488888888889
633.8018176330373, 2740.333888888889
634.2173412286224, 2674.798888888889
634.6328072443522, 2669.9444444444443
635.0482156597042, 2720.916111111111
635.4635664541566, 2730.625
635.8788596071872, 2677.226111111111
636.2940950982738, 2665.09
636.7092729068943, 2706.3527777777776
637.1243930125266, 2618.972777777778
637.5394553946488, 2691.7894444444446
637.9544600327383, 2684.507777777778
638.3694069062735, 2708.78
638.784295994732, 2767.0333333333333
639.1991272775919, 2699.071111111111
639.6139007343309, 2720.916111111111
640.0286163444265, 2669.9444444444443
640.4432740873574, 2662.6627777777776
640.857873942601, 2618.972777777778
641.2724158896351, 2618.972777777778
641.686899907938, 2682.0805555555557
642.101325976987, 2672.3716666666664
642.5156940762606, 2706.3527777777776
642.9300041852364, 2713.6344444444444
643.344256283392, 2674.798888888889
643.758450350206, 2682.0805555555557
644.1725863651554, 2682.0805555555557
644.5866643077189, 2616.5455555555554
645.0006841573738, 2674.798888888889
645.4146458935983, 2645.6722222222224
645.8285494958702, 2599.555
646.2423949436671, 2701.4983333333334
646.6561822164675, 2635.963333333333
647.0699112937488, 2611.6911111111112
647.483582154989, 2742.761111111111
647.897194779666, 2718.488888888889
648.3107491472578, 2618.972777777778
648.724245237242, 2650.5266666666666
649.1376830290968, 2652.9538888888887
649.5510625022998, 2621.4
649.964383636329, 2667.5172222222222
650.3776464106625, 2684.507777777778
650.790850804778, 2652.9538888888887
651.2039967981532, 2754.8972222222224
651.6170843702662, 2604.4094444444445
652.0301135005949, 2665.09
652.443084168617, 2577.71
652.8559963538107, 2686.935
653.2688500356536, 2665.09
653.6816451936236, 2623.827222222222
654.0943818071987, 2694.2166666666667
654.5070598558568, 2694.2166666666667
654.9196793190757, 2631.108888888889
655.3322401763332, 2626.2544444444443
655.7447424071077, 2614.1183333333333
656.1571859908762, 2616.5455555555554
656.5695709071173, 2616.5455555555554
656.9818971353087, 2638.3905555555557
657.394164654928, 2529.1655555555553
657.8063734454535, 2551.0105555555556
658.2185234863628, 2679.653333333333
658.6306147571338, 2684.507777777778
659.0426472372449, 2577.71
659.454620906173, 2665.09
659.8665357433969, 2524.311111111111
660.2783917283939, 2555.865
660.6901888406422, 2616.5455555555554
661.1019270596197, 2558.2922222222223
661.5136063648039, 2524.311111111111
661.9252267356732, 2599.555
662.336788151705, 2575.282777777778
662.7482905923775, 2616.5455555555554
663.1597340371688, 2563.1466666666665
663.5711184655561, 2604.4094444444445
663.9824438570179, 2514.6022222222223
664.3937101910318, 2507.3205555555555
664.8049174470756, 2558.2922222222223
665.2160656046276, 2628.681666666667
665.627154643165, 2633.536111111111
666.0381845421665, 2609.2638888888887
666.4491552811094, 2517.0294444444444
666.8600668394716, 2631.108888888889
667.2709191967314, 2655.3811111111113
667.6817123323663, 2614.1183333333333
668.0924462258544, 2592.2733333333335
668.5031208566734, 2618.972777777778
668.9137362043014, 2599.555
669.324292248216, 2626.2544444444443
669.7347889678953, 2594.7005555555556
670.1452263428172, 2618.972777777778
670.5556043524593, 2631.108888888889
670.9659229763, 2601.9822222222224
671.3761821938167, 2655.3811111111113
671.7863819844875, 2560.7194444444444
672.1965223277904, 2461.2033333333334
672.6066032032028, 2546.156111111111
673.0166245902033, 2531.592777777778
673.4265864682691, 2485.4755555555557
673.8364888168785, 2616.5455555555554
674.2463316155092, 2616.5455555555554
674.6561148436392, 2565.573888888889
675.0658384807463, 2543.728888888889
675.4755025063084, 2551.0105555555556
675.8851068998035, 2601.9822222222224
676.2946516407094, 2572.8555555555554
676.7041367085039, 2614.1183333333333
677.1135620826649, 2517.0294444444444
677.5229277426704, 2514.6022222222223
677.9322336679982, 2483.048333333333
678.3414798381262, 2570.4283333333333
678.7506662325325, 2531.592777777778
679.1597928306944, 2517.0294444444444
679.5688596120904, 2541.3016666666667
679.977866556198, 2563.1466666666665
680.3868136424953, 2543.728888888889
680.7957008504601, 2470.912222222222
681.2045281595704, 2541.3016666666667
681.6132955493039, 2509.7477777777776
682.0220029991384, 2517.0294444444444
682.430650488552, 2589.846111111111
682.8392379970227, 2500.038888888889
683.2477655040282, 2534.02
683.6562329890462, 2514.6022222222223
684.064640431555, 2444.212777777778
684.472987811032, 2524.311111111111
684.8812751069555, 2534.02
685.2895022988033, 2487.902777777778
685.6976693660531, 2512.175
686.1057762881829, 2592.2733333333335
686.5138230446706, 2536.447222222222
686.9218096149941, 2541.3016666666667
687.3297359786312, 2502.4661111111113
687.7376021150599, 2538.8744444444446
688.145408003758, 2521.883888888889
688.5531536242033, 2546.156111111111
688.9608389558739, 2529.1655555555553
689.3684639782474, 2514.6022222222223
689.7760286708021, 2543.728888888889
690.1835330130154, 2490.33
690.5909769843656, 2570.4283333333333
690.9983605643303, 2451.4944444444445
691.4056837323875, 2565.573888888889
691.8129464680152, 2497.6116666666667
692.220148750691, 2592.2733333333335
692.6272905598929, 2509.7477777777776
693.0343718750988, 2427.222222222222
693.4413926757868, 2429.6494444444443
693.8483529414345, 2526.7383333333332
694.25525265152, 2492.757222222222
694.6620917855208, 2500.038888888889
695.0688703229151, 2575.282777777778
695.4755882431808, 2565.573888888889
695.8822455257957, 2536.447222222222
696.2888421502378, 2412.6588888888887
696.6953780959847, 2500.038888888889
697.1018533425145, 2458.7761111111113
697.5082678693051, 2531.592777777778
697.9146216558341, 2517.0294444444444
698.3209146815799, 2519.4566666666665
698.72714692602, 2524.311111111111
699.1333183686324, 2507.3205555555555
699.5394289888949, 2500.038888888889
699.9454787662854, 2521.883888888889
700.3514676802821, 2500.038888888889
700.7573957103624, 2463.6305555555555
701.1632628360044, 2502.4661111111113
701.569069036686, 2461.2033333333334
701.9748142918851, 2524.311111111111
702.3804985810796, 2495.1844444444446
702.7861218837471, 2519.4566666666665
703.1916841793659, 2412.6588888888887
703.5971854474136, 2441.7855555555557
704.0026256673683, 2497.6116666666667
704.4080048187078, 2424.795
704.8133228809098, 2529.1655555555553
705.2185798334524, 2519.4566666666665
705.6237756558133, 2519.4566666666665
706.0289103274706, 2497.6116666666667
706.4339838279021, 2466.0577777777776
706.8389961365859, 2509.7477777777776
707.2439472329994, 2422.367777777778
707.6488370966208, 2500.038888888889
708.0536657069279, 2555.865
708.4584330433985, 2507.3205555555555
708.8631390855107, 2519.4566666666665
709.2677838127423, 2422.367777777778
709.6723672045712, 2388.3866666666668
710.0768892404751, 2487.902777777778
710.4813498999321, 2478.193888888889
710.88574916242, 2538.8744444444446
711.2900870074167, 2470.912222222222
711.6943634144001, 2487.902777777778
712.0985783628479, 2405.3772222222224
712.5027318322383, 2395.6683333333335
712.906823802049, 2441.7855555555557
713.310854251758, 2446.64
713.7148231608429, 2507.3205555555555
714.1187305087819, 2480.621111111111
714.5225762750528, 2495.1844444444446
714.9263604391333, 2490.33
715.3300829805016, 2385.9594444444447
715.7337438786353, 2429.6494444444443
716.1373431130124, 2480.621111111111
716.5408806631108, 2473.3394444444443
716.9443565084084, 2490.33
717.3477706283832, 2441.7855555555557
717.7511230025127, 2449.0672222222224
718.1544136102751, 2538.8744444444446
718.5576424311482, 2485.4755555555557
718.9608094446097, 2490.33
719.363914630138, 2519.4566666666665
719.7669579672105, 2424.795
720.1699394353052, 2461.2033333333334
720.5728590138999, 2517.0294444444444
720.9757166824728, 2456.3488888888887
721.3785124205016, 2446.64
721.7812462074642, 2432.076666666667
722.1839180228383, 2480.621111111111
722.586527846102, 2444.212777777778
722.989075656733, 2439.358333333333
723.3915614342095, 2507.3205555555555
723.7939851580091, 2402.95
724.1963468076099, 2456.3488888888887
724.5986463624895, 2466.0577777777776
725.0008838021259, 2458.7761111111113
725.4030591059972, 2517.0294444444444
725.8051722535811, 2500.038888888889
726.2072232243553, 2410.2316666666666
726.6092119977981, 2521.883888888889
727.011138553387, 2419.9405555555554
727.4130028706, 2492.757222222222
727.8148049289152, 2432.076666666667
728.2165447078104, 2429.6494444444443
728.6182221867631, 2461.2033333333334
729.0198373452516, 2439.358333333333
729.4213901627536, 2441.7855555555557
729.8228806187471, 2480.621111111111
730.2243086927101, 2492.757222222222
730.6256743641202, 2529.1655555555553
731.0269776124553, 2463.6305555555555
731.4282184171935, 2509.7477777777776
731.8293967578126, 2451.4944444444445
732.2305126137903, 2451.4944444444445
732.6315659646046, 2582.5644444444442
733.0325567897337, 2514.6022222222223
733.4334850686549, 2446.64
733.8343507808465, 2480.621111111111
734.2351539057863, 2475.766666666667
734.6358944229522, 2424.795
735.0365723118219, 2410.2316666666666
735.4371875518735, 2492.757222222222
735.8377401225848, 2441.7855555555557
736.2382300034338, 2424.795
736.6386571738981, 2524.311111111111
737.0390216134557, 2497.6116666666667
737.4393233015847, 2456.3488888888887
737.8395622177627, 2480.621111111111
738.2397383414677, 2470.912222222222
738.6398516521779, 2497.6116666666667
739.0399021293706, 2385.9594444444447
739.439889752524, 2526.7383333333332
739.8398145011159, 2553.4377777777777
740.2396763546243, 2427.222222222222
740.639475292527, 2429.6494444444443
741.0392112943019, 2378.677777777778
741.4388843394269, 2415.086111111111
741.8384944073797, 2424.795
742.2380414776385, 2434.503888888889
742.637525529681, 2444.212777777778
743.0369465429851, 2439.358333333333
743.4363044970287, 2422.367777777778
743.8355993712896, 2461.2033333333334
744.2348311452458, 2441.7855555555557
744.6339997983753, 2485.4755555555557
745.0331053101557, 2424.795
745.432147660065, 2412.6588888888887
745.8311268275811, 2509.7477777777776
746.230042792182, 2500.038888888889
746.6288955333454, 2444.212777777778
747.0276850305493, 2373.8233333333333
747.4264112632713, 2427.222222222222
747.8250742109897, 2524.311111111111
748.2236738531822, 2490.33
748.6222101693266, 2446.64
749.0206831389012, 2422.367777777778
749.4190927413832, 2478.193888888889
749.817438956251, 2526.7383333333332
750.2157217629822, 2500.038888888889
750.6139411410547, 2434.503888888889
751.0120970699468, 2500.038888888889
751.4101895291359, 2546.156111111111
751.8082184981, 2473.3394444444443
752.2061839563171, 2436.931111111111
752.604085883265, 2485.4755555555557
753.0019242584217, 2373.8233333333333
753.399699061265, 2453.9216666666666
753.7974102712727, 2514.6022222222223
754.1950578679227, 2487.902777777778
754.5926418306931, 2405.3772222222224
754.9901621390615, 2446.64
755.387618772506, 2485.4755555555557
755.7850117105044, 2410.2316666666666
756.1823409325345, 2463.6305555555555
756.5796064180743, 2470.912222222222
756.9768081466016, 2429.6494444444443
757.3739460975944, 2429.6494444444443
757.7710202505305, 2492.757222222222
758.1680305848877, 2402.95
758.564977080144, 2446.64
758.9618597157773, 2468.485
759.3586784712656, 2570.4283333333333
759.7554333260865, 2441.7855555555557
760.1521242597179, 2470.912222222222
760.5487512516379, 2429.6494444444443
760.9453142813243, 2502.4661111111113
761.341813328255, 2504.8933333333334
761.738248371908, 2446.64
762.1346193917608, 2441.7855555555557
762.5309263672914, 2419.9405555555554
762.927169277978, 2500.038888888889
763.3233481032983, 2487.902777777778
763.7194628227302, 2439.358333333333
764.1155134157514, 2466.0577777777776
764.5114998618401, 2405.3772222222224
764.9074221404738, 2432.076666666667
765.3032802311308, 2444.212777777778
765.6990741132888, 2497.6116666666667
766.0948037664257, 2424.795
766.4904691700191, 2475.766666666667
766.8860703035473, 2470.912222222222
767.2816071464881, 2456.3488888888887
767.6770796783193, 2453.9216666666666
768.0724878785187, 2475.766666666667
768.4678317265643, 2463.6305555555555
768.8631112019339, 2451.4944444444445
769.2583262841056, 2463.6305555555555
769.653476952557, 2427.222222222222
770.0485631867662, 2473.3394444444443
770.4435849662109, 2456.3488888888887
770.8385422703691, 2475.766666666667
771.2334350787187, 2456.3488888888887
771.6282633707374, 2434.503888888889
772.0230271259036, 2412.6588888888887
772.4177263236944, 2487.902777777778
772.8123609435884, 2453.9216666666666
773.2069309650631, 2502.4661111111113
773.6014363675963, 2461.2033333333334
773.9958771306663, 2470.912222222222
774.3902532337505, 2415.086111111111
774.7845646563271, 2407.8044444444445
775.1788113778739, 2519.4566666666665
775.5729933778688, 2422.367777777778
775.9671106357898, 2441.7855555555557
776.3611631311144, 2470.912222222222
776.755150843321, 2453.9216666666666
777.1490737518869, 2519.4566666666665
777.5429318362906, 2407.8044444444445
777.9367250760095, 2422.367777777778
778.3304534505218, 2412.6588888888887
778.7241169393052, 2446.64
779.1177155218376, 2451.4944444444445
779.5112491775968, 2487.902777777778
779.904717886061, 2461.2033333333334
780.2981216267079, 2480.621111111111
780.6914603790154, 2483.048333333333
781.0847341224612, 2456.3488888888887
781.4779428365234, 2429.6494444444443
781.8710865006798, 2427.222222222222
782.2641650944086, 2451.4944444444445
782.657178597187, 2504.8933333333334
783.0501269884934, 2497.6116666666667
783.4430102478057, 2424.795
783.8358283546014, 2449.0672222222224
784.2285812883588, 2388.3866666666668
784.6212690285556, 2492.757222222222
785.0138915546697, 2449.0672222222224
785.4064488461789, 2475.766666666667
785.7989408825612, 2487.902777777778
786.1913676432944, 2492.757222222222
786.5837291078566, 2456.3488888888887
786.9760252557254, 2526.7383333333332
787.3682560663788, 2507.3205555555555
787.7604215192946, 2400.5227777777777
788.1525215939508, 2470.912222222222
788.5445562698254, 2453.9216666666666
788.9365255263959, 2429.6494444444443
789.3284293431406, 2521.883888888889
789.7202676995372, 2415.086111111111
790.1120405750635, 2373.8233333333333
790.5037479491975, 2451.4944444444445
790.8953898014171, 2512.175
791.2869661112001, 2398.0955555555556
791.6784768580243, 2417.5133333333333
792.0699220213678, 2485.4755555555557
792.4613015807084, 2485.4755555555557
792.852615515524, 2456.3488888888887
793.2438638052924, 2371.396111111111
793.6350464294916, 2410.2316666666666
794.0261633675993, 2468.485
794.4172145990937, 2424.795
794.8082001034524, 2473.3394444444443
795.1991198601534, 2487.902777777778
795.5899738486744, 2439.358333333333
795.9807620484936, 2424.795
796.3714844390886, 2475.766666666667
796.7621409999376, 2402.95
797.1527317105182, 2483.048333333333
797.5432565503083, 2468.485
797.933715498786, 2475.766666666667
798.3241085354289, 2410.2316666666666
798.7144356397151, 2364.1144444444444
799.1046967911225, 2475.766666666667
799.4948919691287, 2517.0294444444444
799.8850211532119, 2483.048333333333
800.2750843228498, 2453.9216666666666
800.6650814575204, 2441.7855555555557
801.0550125367017, 2468.485
801.4448775398711, 2429.6494444444443
801.8346764465069, 2485.4755555555557
802.224409236087, 2514.6022222222223
802.614075888089, 2456.3488888888887
803.0036763819912, 2473.3394444444443
803.393210697271, 2444.212777777778
803.7826788134066, 2429.6494444444443
804.1720807098758, 2453.9216666666666
804.5614163661564, 2439.358333333333
804.9506857617265, 2475.766666666667
805.3398888760638, 2461.2033333333334
805.7290256886463, 2400.5227777777777
806.1180961789518, 2466.0577777777776
806.507100326458, 2453.9216666666666
806.8960381106433, 2453.9216666666666
807.2849095109851, 2509.7477777777776
807.6737145069615, 2410.2316666666666
808.0624530780502, 2419.9405555555554
808.4511252037294, 2388.3866666666668
808.8397308634767, 2412.6588888888887
809.2282700367703, 2412.6588888888887
809.6167427030877, 2424.795
810.0051488419068, 2434.503888888889
810.3934884327059, 2444.212777777778
810.7817614549624, 2427.222222222222
811.1699678881547, 2446.64
811.5581077117603, 2480.621111111111
811.946180905257, 2538.8744444444446
812.3341874481231, 2417.5133333333333
812.722127319836, 2468.485
813.1100004998741, 2521.883888888889
813.4978069677148, 2466.0577777777776
813.8855467028363, 2446.64
814.2732196847163, 2449.0672222222224
814.6608258928328, 2390.813888888889
815.0483653066638, 2446.64
815.4358379056869, 2444.212777777778
815.82324366938, 2395.6683333333335
816.2105825772212, 2424.795
816.5978546086883, 2512.175
816.9850597432592, 2444.212777777778
817.3721979604117, 2432.076666666667
817.7592692396238, 2422.367777777778
818.1462735603732, 2461.2033333333334
818.5332109021379, 2524.311111111111
818.9200812443959, 2475.766666666667
819.306884566625, 2451.4944444444445
819.6936208483029, 2480.621111111111
820.0802900689077, 2446.64
820.4668922079172, 2521.883888888889
820.8534272448094, 2478.193888888889
821.239895159062, 2461.2033333333334
821.626295930153, 2466.0577777777776
822.0126295375603, 2449.0672222222224
822.3988959607616, 2417.5133333333333
822.785095179235, 2453.9216666666666
823.1712271724583, 2436.931111111111
823.5572919199096, 2487.902777777778
823.9432894010663, 2483.048333333333
824.3292195954066, 2434.503888888889
824.7150824824083, 2422.367777777778
825.1008780415495, 2381.105
825.486606252308, 2439.358333333333
825.8722670941613, 2466.0577777777776
826.2578605465877, 2398.0955555555556
826.643386589065, 2427.222222222222
827.028845201071, 2492.757222222222
827.4142363620837, 2424.795
827.7995600515808, 2449.0672222222224
828.1848162490403, 2405.3772222222224
828.5700049339401, 2468.485
828.9551260857583, 2446.64
829.3401796839723, 2461.2033333333334
829.7251657080603, 2444.212777777778
830.1100841375, 2490.33
830.4949349517696, 2478.193888888889
830.8797181303465, 2492.757222222222
831.264433652709, 2480.621111111111
831.649081498335, 2427.222222222222
832.0336616467022, 2436.931111111111
832.4181740772884, 2487.902777777778
832.8026187695717, 2470.912222222222
833.1869957030299, 2383.532222222222
833.5713048571408, 2492.757222222222
833.9555462113824, 2473.3394444444443
834.3397197452325, 2453.9216666666666
834.723825438169, 2485.4755555555557
835.1078632696698, 2436.931111111111
835.4918332192129, 2422.367777777778
835.875735266276, 2461.2033333333334
836.259569390337, 2427.222222222222
836.6433355708738, 2429.6494444444443
837.0270337873644, 2502.4661111111113
837.4106640192867, 2427.222222222222
837.7942262461185, 2407.8044444444445
838.1777204473375, 2434.503888888889
838.5611466024219, 2415.086111111111
838.9445046908494, 2402.95
839.3277946920979, 2458.7761111111113
839.7110165856454, 2449.0672222222224
840.0941703509696, 2427.222222222222
840.4772559675484, 2470.912222222222
840.8602734148599, 2451.4944444444445
841.2432226723819, 2434.503888888889
841.6261037195922, 2492.757222222222
842.0089165359686, 2463.6305555555555
842.3916611009893, 2456.3488888888887
842.7743373941316, 2456.3488888888887
843.156945394874, 2451.4944444444445
843.5394850826943, 2509.7477777777776
843.9219564370701, 2446.64
844.3043594374793, 2521.883888888889
844.6866940634001, 2429.6494444444443
845.06896029431, 2432.076666666667
845.4511581096873, 2436.931111111111
845.8332874890094, 2468.485
846.2153484117546, 2378.677777777778
846.5973408574006, 2487.902777777778
846.9792648054253, 2461.2033333333334
847.3611202353064, 2512.175
847.7429071265223, 2444.212777777778
848.1246254585504, 2424.795
848.5062752108686, 2463.6305555555555
848.8878563629551, 2490.33
849.2693688942875, 2470.912222222222
849.6508127843439, 2519.4566666666665
850.0321880126021, 2436.931111111111
850.4134945585397, 2398.0955555555556
850.7947324016351, 2432.076666666667
851.1759015213659, 2470.912222222222
851.55700189721, 2485.4755555555557
851.9380335086452, 2366.5416666666665
852.3189963351494, 2381.105
852.6998903562007, 2407.8044444444445
853.0807155512767, 2470.912222222222
853.4614718998556, 2415.086111111111
853.8421593814152, 2412.6588888888887
854.2227779754331, 2478.193888888889
854.6033276613874, 2453.9216666666666
854.983808418756, 2417.5133333333333
855.3642202270167, 2451.4944444444445
855.7445630656476, 2451.4944444444445
856.1248369141263, 2483.048333333333
856.5050417519308, 2427.222222222222
856.8851775585389, 2400.5227777777777
857.2652443134286, 2378.677777777778
857.6452419960779, 2417.5133333333333
858.0251705859644, 2504.8933333333334
858.4050300625662, 2483.048333333333
858.784820405361, 2434.503888888889
859.1645415938268, 2429.6494444444443
859.5441936074416, 2415.086111111111
859.923776425683, 2439.358333333333
860.3032900280291, 2436.931111111111
860.6827343939576, 2441.7855555555557
861.0621095029466, 2478.193888888889
861.441415334474, 2427.222222222222
861.8206518680174, 2463.6305555555555
862.1998190830549, 2463.6305555555555
862.5789169590645, 2441.7855555555557
862.9579454755236, 2390.813888888889
863.3369046119107, 2463.6305555555555
863.7157943477033, 2412.6588888888887
864.0946146623794, 2407.8044444444445
864.4733655354167, 2441.7855555555557
864.8520469462933, 2453.9216666666666
865.2306588744871, 2432.076666666667
865.609201299476, 2480.621111111111
865.9876742007377, 2497.6116666666667
866.3660775577501, 2427.222222222222
866.7444113499912, 2441.7855555555557
867.1226755569388, 2451.4944444444445
867.500870158071, 2495.1844444444446
867.8789951328655, 2429.6494444444443
868.2570504608001, 2444.212777777778
868.6350361213526, 2427.222222222222
869.0129520940013, 2398.0955555555556
869.3907983582237, 2439.358333333333
869.7685748934982, 2458.7761111111113
870.146281679302, 2553.4377777777777
870.5239186951134, 2444.212777777778
870.90148592041, 2483.048333333333
871.27898333467, 2551.0105555555556
871.6564109173712, 2429.6494444444443
872.0337686479913, 2458.7761111111113
872.4110565060084, 2495.1844444444446
872.7882744709003, 2436.931111111111
873.1654225221448, 2436.931111111111
873.5425006392201, 2492.757222222222
873.9195088016037, 2449.0672222222224
874.2964469887736, 2444.212777777778
874.6733151802077, 2347.123888888889
875.050113355384, 2400.5227777777777
875.4268414937803, 2402.95
875.8034995748744, 2429.6494444444443
876.1800875781444, 2451.4944444444445
876.5566054830679, 2398.0955555555556
876.9330532691229, 2478.193888888889
877.3094309157873, 2466.0577777777776
877.6857384025392, 2463.6305555555555
878.061975708856, 2456.3488888888887
878.438142814216, 2497.6116666666667
878.8142396980969, 2424.795
879.1902663399766, 2531.592777777778
879.5662227193332, 2480.621111111111
879.9421088156442, 2463.6305555555555
880.3179246083878, 2453.9216666666666
880.6936700770416, 2480.621111111111
881.0693452010837, 2475.766666666667
881.4449499599921, 2436.931111111111
881.8204843332443, 2480.621111111111
882.1959483003185, 2456.3488888888887
882.5713418406924, 2422.367777777778
882.9466649338441, 2439.358333333333
883.3219175592512, 2487.902777777778
883.6970996963919, 2436.931111111111
884.0722113247438, 2424.795
884.4472524237849, 2441.7855555555557
884.822222972993, 2376.2505555555554
885.1971229518462, 2468.485
885.5719523398224, 2463.6305555555555
885.9467111163991, 2480.621111111111
886.3213992610544, 2485.4755555555557
886.6960167532662, 2563.1466666666665
887.0705635725126, 2361.6872222222223
887.4450396982711, 2461.2033333333334
887.8194451100198, 2470.912222222222
888.1937797872365, 2419.9405555555554
888.568043709399, 2487.902777777778
888.9422368559856, 2429.6494444444443
889.3163592064737, 2451.4944444444445
889.6904107403415, 2393.241111111111
890.0643914370667, 2429.6494444444443
890.438301276127, 2468.485
890.8121402370008, 2512.175
891.1859082991656, 2412.6588888888887
891.5596054420996, 2456.3488888888887
891.9332316452803, 2453.9216666666666
892.3067868881857, 2444.212777777778
892.6802711502938, 2451.4944444444445
893.0536844110824, 2412.6588888888887
893.4270266500296, 2395.6683333333335
893.8002978466128, 2427.222222222222
894.1734979803103, 2436.931111111111
894.5466270305999, 2466.0577777777776
894.9196849769595, 2480.621111111111
895.2926717988669, 2490.33
895.6655874758, 2415.086111111111
896.0384319872365, 2521.883888888889
896.4112053126547, 2468.485
896.7839074315323, 2422.367777777778
897.156538323347, 2412.6588888888887
897.529097967577, 2451.4944444444445
897.9015863436998, 2500.038888888889
898.2740034311936, 2478.193888888889
898.6463492095362, 2422.367777777778
899.0186236582055, 2436.931111111111
899.3908267566794, 2441.7855555555557
899.7629584844356, 2359.26
900.1350188209522, 2449.0672222222224
900.5070077457069, 2466.0577777777776
900.8789252381778, 2463.6305555555555
901.2507712778427, 2475.766666666667
901.6225458441793, 2410.2316666666666
901.9942489166658, 2424.795
902.3658804747797, 2463.6305555555555
902.7374404979993, 2441.7855555555557
903.1089289658024, 2453.9216666666666
903.4803458576665, 2434.503888888889
903.8516911530699, 2412.6588888888887
904.2229648314902, 2534.02
904.5941668724056, 2402.95
904.9652972552939, 2407.8044444444445
905.3363559596327, 2456.3488888888887
905.7073429649, 2461.2033333333334
906.0782582505739, 2400.5227777777777
906.4491017961321, 2480.621111111111
906.8198735810525, 2429.6494444444443
907.1905735848133, 2405.3772222222224
907.5612017868917, 2470.912222222222
907.9317581667661, 2444.212777777778
908.3022427039143, 2563.1466666666665
908.6726553778141, 2424.795
909.0429961679436, 2480.621111111111
909.4132650537804, 2475.766666666667
909.7834620148025, 2456.3488888888887
910.1535870304876, 2449.0672222222224
910.523640080314, 2402.95
910.8936211437593, 2402.95
911.2635302003015, 2487.902777777778
911.6333672294182, 2478.193888888889
912.0031322105876, 2390.813888888889
912.3728251232876, 2451.4944444444445
912.742445946996, 2504.8933333333334
913.1119946611905, 2424.795
913.4814712453491, 2429.6494444444443
913.8508756789498, 2478.193888888889
914.2202079414703, 2446.64
914.5894680123887, 2444.212777777778
914.9586558711829, 2490.33
915.3277714973304, 2405.3772222222224
915.6968148703095, 2410.2316666666666
916.0657859695979, 2492.757222222222
916.4346847746734, 2500.038888888889
916.8035112650142, 2359.26
917.1722654200979, 2475.766666666667
917.5409472194023, 2468.485
917.9095566424055, 2461.2033333333334
918.2780936685854, 2470.912222222222
918.6465582774198, 2424.795
919.0149504483866, 2473.3394444444443
919.3832701609637, 2429.6494444444443
919.7515173946289, 2470.912222222222
920.1196921288599, 2470.912222222222
920.4877943431352, 2383.532222222222
920.8558240169323, 2524.311111111111
921.223781129729, 2424.795
921.5916656610033, 2373.8233333333333
921.9594775902328, 2417.5133333333333
922.327216896896, 2451.4944444444445
922.6948835604703, 2453.9216666666666
923.0624775604338, 2402.95
923.4299988762641, 2402.95
923.7974474874394, 2434.503888888889
924.1648233734376, 2543.728888888889
924.5321265137363, 2417.5133333333333
924.8993568878135, 2475.766666666667
925.2665144751472, 2451.4944444444445
925.6335992552152, 2422.367777777778
926.0006112074952, 2463.6305555555555
926.3675503114656, 2473.3394444444443
926.7344165466038, 2463.6305555555555
927.1012098923877, 2475.766666666667
927.4679303282956, 2480.621111111111
927.8345778338048, 2456.3488888888887
928.2011523883937, 2475.766666666667
928.5676539715399, 2441.7855555555557
928.9340825627213, 2483.048333333333
929.300438141416, 2446.64
929.6667206871015, 2419.9405555555554
930.032930179256, 2410.2316666666666
930.3990665973574, 2456.3488888888887
930.7651299208834, 2514.6022222222223
931.131120129312, 2473.3394444444443
931.497037202121, 2439.358333333333
931.8628811187882, 2526.7383333333332
932.2286518587919, 2415.086111111111
932.5943494016095, 2502.4661111111113
932.959973726719, 2470.912222222222
933.3255248135985, 2366.5416666666665
933.6910026417256, 2492.757222222222
934.0564071905786, 2432.076666666667
934.421738439635, 2456.3488888888887
934.7869963683726, 2504.8933333333334
935.1521809562696, 2538.8744444444446
935.5172921828038, 2466.0577777777776
935.882330027453, 2470.912222222222
936.2472944696952, 2439.358333333333
936.6121854890082, 2439.358333333333
936.9770030648699, 2432.076666666667
937.3417471767581, 2381.105
937.7064178041509, 2568.001111111111
938.071014926526, 2463.6305555555555
938.4355385233613, 2487.902777777778
938.7999885741348, 2466.0577777777776
939.1643650583242, 2453.9216666666666
939.5286679554074, 2504.8933333333334
939.8928972448628, 2466.0577777777776
940.2570529061674, 2449.0672222222224
940.6211349187996, 2415.086111111111
940.9851432622372, 2422.367777777778
941.3490779159583, 2478.193888888889
941.7129388594406, 2449.0672222222224
942.0767260721618, 2410.2316666666666
942.4404395336, 2461.2033333333334
942.8040792232331, 2344.6966666666667
943.1676451205389, 2507.3205555555555
943.5311372049953, 2439.358333333333
943.8945554560802, 2405.3772222222224
944.2578998532713, 2432.076666666667
944.621170376047, 2514.6022222222223
944.9843670038847, 2507.3205555555555
945.3474897162623, 2458.7761111111113
945.710538492658, 2402.95
946.0735133125493, 2446.64
946.4364141554144, 2410.2316666666666
946.7992410007312, 2424.795
947.1619938279771, 2497.6116666666667
947.5246726166306, 2407.8044444444445
947.8872773461691, 2497.6116666666667
948.2498079960709, 2385.9594444444447
948.6122645458137, 2441.7855555555557
948.9746469748751, 2424.795
949.3369552627336, 2381.105
949.6991893888663, 2483.048333333333
950.0613493327519, 2402.95
950.4234350738678, 2490.33
950.7854465916919, 2432.076666666667
951.1473838657021, 2419.9405555555554
951.5092468753764, 2432.076666666667
951.871035600193, 2436.931111111111
952.2327500196291, 2470.912222222222
952.5943901131628, 2495.1844444444446
952.9559558602721, 2463.6305555555555
953.3174472404351, 2402.95
953.6788642331294, 2463.6305555555555
954.040206817833, 2475.766666666667
954.4014749740235, 2419.9405555555554
954.7626686811789, 2407.8044444444445
955.1237879187775, 2436.931111111111
955.4848326662968, 2359.26
955.8458029032148, 2502.4661111111113
956.2066986090091, 2541.3016666666667
956.5675197631579, 2463.6305555555555
956.9282663451391, 2463.6305555555555
957.2889383344307, 2453.9216666666666
957.6495357105102, 2466.0577777777776
958.0100584528556, 2475.766666666667
958.3705065409446, 2422.367777777778
958.7308799542557, 2407.8044444444445
959.0911786722664, 2451.4944444444445
959.4514026744546, 2381.105
959.8115519402979, 2473.3394444444443
960.1716264492745, 2470.912222222222
960.5316261808625, 2453.9216666666666
960.8915511145395, 2480.621111111111
961.2514012297835, 2410.2316666666666
961.6111765060718, 2412.6588888888887
961.9708769228831, 2441.7855555555557
962.330502459695, 2470.912222222222
962.6900530959854, 2519.4566666666665
963.0495288112322, 2507.3205555555555
963.4089295849129, 2466.0577777777776
963.7682553965058, 2461.2033333333334
964.1275062254888, 2441.7855555555557
964.4866820513397, 2432.076666666667
964.8457828535363, 2419.9405555555554
965.2048086115565, 2468.485
965.5637593048781, 2432.076666666667
965.9226349129792, 2422.367777777778
966.2814354153378, 2398.0955555555556
966.6401607914315, 2429.6494444444443
966.998811020738, 2434.503888888889
967.3573860827355, 2470.912222222222
967.715885956902, 2480.621111111111
968.0743106227152, 2410.2316666666666
968.4326600596529, 2405.3772222222224
968.7909342471929, 2417.5133333333333
969.1491331648133, 2383.532222222222
969.5072567919922, 2398.0955555555556
969.8653051082072, 2468.485
970.2232780929362, 2490.33
970.5811757256569, 2478.193888888889
970.9389979858473, 2451.4944444444445
971.2967448529856, 2415.086111111111
971.6544163065495, 2390.813888888889
972.0120123260166, 2470.912222222222
972.3695328908652, 2463.6305555555555
972.7269779805728, 2432.076666666667
973.0843475746177, 2432.076666666667
973.4416416524775, 2458.7761111111113
973.7988601936299, 2480.621111111111
974.1560031775534, 2407.8044444444445
974.5130705837252, 2393.241111111111
974.8700623916237, 2378.677777777778
975.2269785807267, 2444.212777777778
975.5838191305116, 2480.621111111111
975.940584020457, 2483.048333333333
976.2972732300401, 2436.931111111111
976.6538867387394, 2347.123888888889
977.0104245260326, 2461.2033333333334
977.366886571397, 2412.6588888888887
977.7232728543113, 2495.1844444444446
978.079583354253, 2449.0672222222224
978.4358180507, 2456.3488888888887
978.7919769231304, 2432.076666666667
979.1480599510217, 2417.5133333333333
979.5040671138518, 2429.6494444444443
979.8599983910992, 2419.9405555555554
980.2158537622412, 2400.5227777777777
980.5716332067559, 2402.95
980.9273367041209, 2487.902777777778
981.2829642338144, 2415.086111111111
981.6385157753143, 2400.5227777777777
981.9939913080984, 2473.3394444444443
982.3493908116445, 2461.2033333333334
982.7047142654303, 2424.795
983.0599616489342, 2451.4944444444445
983.4151329416338, 2526.7383333333332
983.770228123007, 2461.2033333333334
984.1252471725317, 2470.912222222222
984.4801900696855, 2417.5133333333333
984.8350567939466, 2446.64
985.189847324793, 2444.212777777778
985.5445616417024, 2509.7477777777776
985.8991997241528, 2490.33
986.2537615516217, 2453.9216666666666
986.6082471035874, 2366.5416666666665
986.9626563595276, 2427.222222222222
987.3169892989204, 2495.1844444444446
987.6712459012435, 2432.076666666667
988.0254261459746, 2427.222222222222
988.3795300125918, 2441.7855555555557
988.733557480573, 2449.0672222222224
989.0875085293962, 2424.795
989.4413831385392, 2441.7855555555557
989.7951812874794, 2385.9594444444447
990.1489029556951, 2417.5133333333333
990.5025481226647, 2395.6683333333335
990.8561167678653, 2466.0577777777776
991.2096088707751, 2441.7855555555557
991.5630244108718, 2446.64
991.9163633676334, 2468.485
992.269625720538, 2436.931111111111
992.6228114490633, 2453.9216666666666
992.9759205326872, 2378.677777777778
993.3289529508872, 2376.2505555555554
993.6819086831417, 2453.9216666666666
994.0347877089287, 2449.0672222222224
994.3875900077255, 2436.931111111111
994.7403155590106, 2473.3394444444443
995.0929643422612, 2373.8233333333333
995.4455363369556, 2456.3488888888887
995.7980315225718, 2468.485
996.1504498785876, 2502.4661111111113
996.5027913844808, 2451.4944444444445
996.8550560197291, 2548.5833333333335
997.2072437638105, 2429.6494444444443
997.5593545962032, 2434.503888888889
997.9113884963849, 2441.7855555555557
998.2633454438334, 2417.5133333333333
998.6152254180263, 2451.4944444444445
998.967028398442, 2405.3772222222224
999.3187543645583, 2500.038888888889
999.6704032958529, 2446.64
1000.0219751718037, 2444.212777777778
1000.3734699718887, 2393.241111111111
1000.7248876755855, 2427.222222222222
1001.0762282623723, 2441.7855555555557
1001.4274917117272, 2449.0672222222224
1001.7786780031272, 2407.8044444444445
1002.1297871160513, 2441.7855555555557
1002.4808190299765, 2400.5227777777777
1002.831773724381, 2393.241111111111
1003.1826511787431, 2429.6494444444443
1003.5334513725397, 2405.3772222222224
1003.8841742852499, 2475.766666666667
1004.2348198963505, 2473.3394444444443
1004.58538818532, 2500.038888888889
1004.9358791316362, 2434.503888888889
1005.2862927147766, 2427.222222222222
1005.6366289142197, 2478.193888888889
1005.9868877094427, 2436.931111111111
1006.3370690799243, 2514.6022222222223
1006.6871730051417, 2475.766666666667
1007.0371994645731, 2453.9216666666666
1007.387148437696, 2473.3394444444443
1007.7370199039891, 2478.193888888889
1008.0868138429296, 2449.0672222222224
1008.4365302339957, 2390.813888888889
1008.7861690566647, 2495.1844444444446
1009.135730290415, 2393.241111111111
1009.4852139147247, 2400.5227777777777
1009.8346199090714, 2429.6494444444443
1010.183948252933, 2410.2316666666666
1010.5331989257868, 2473.3394444444443
1010.8823719071117, 2432.076666666667
1011.2314671763851, 2492.757222222222
1011.5804847130852, 2473.3394444444443
1011.9294244966892, 2415.086111111111
1012.2782865066753, 2466.0577777777776
1012.6270707225216, 2470.912222222222
1012.9757771237059, 2383.532222222222
1013.3244056897063, 2422.367777777778
1013.6729564000002, 2480.621111111111
1014.0214292340655, 2371.396111111111
1014.3698241713803, 2466.0577777777776
1014.7181411914225, 2470.912222222222
1015.0663802736703, 2500.038888888889
1015.414541397601, 2475.766666666667
1015.7626245426926, 2415.086111111111
1016.1106296884232, 2473.3394444444443
1016.4585568142705, 2495.1844444444446
1016.8064058997128, 2334.987777777778
1017.1541769242275, 2458.7761111111113
1017.5018698672923, 2524.311111111111
1017.8494847083857, 2383.532222222222
1018.1970214269853, 2434.503888888889
1018.544480002569, 2393.241111111111
1018.8918604146148, 2453.9216666666666
1019.2391626426003, 2478.193888888889
1019.5863866660034, 2446.64
1019.9335324643024, 2480.621111111111
1020.2806000169747, 2446.64
1020.6275893034986, 2466.0577777777776
1020.9745003033515, 2424.795
1021.3213329960116, 2429.6494444444443
1021.6680873609569, 2451.4944444444445
1022.0147633776651, 2405.3772222222224
1022.3613610256143, 2419.9405555555554
1022.7078802842818, 2451.4944444444445
1023.054321133146, 2410.2316666666666
1023.4006835516849, 2553.4377777777777
1023.7469675193759, 2485.4755555555557
1024.0931730156972, 2449.0672222222224
1024.4393000201267, 2436.931111111111
1024.785348512142, 2376.2505555555554
1025.1313184712212, 2400.5227777777777
1025.4772098768424, 2410.2316666666666
1025.8230227084832, 2434.503888888889
1026.1687569456215, 2385.9594444444447
1026.5144125677348, 2398.0955555555556
1026.8599895543018, 2453.9216666666666
1027.2054878848003, 2463.6305555555555
1027.5509075387072, 2378.677777777778
1027.8962484955014, 2359.26
1028.2415107346603, 2439.358333333333
1028.586694235662, 2456.3488888888887
1028.9317989779845, 2407.8044444444445
1029.2768249411054, 2463.6305555555555
1029.6217721045025, 2463.6305555555555
1029.9666404476538, 2463.6305555555555
