# FLAME spectrum data format
# Time of snapshot: 2021-06-01T15:35:06Eastern Standard Time
# Number of frames accumulated: 0
# Scan time per exposure [us]: 100000
# Wavelength [nm], Intensity [count]:
189.1861363086452, 26.699444444444453
189.64926416366848, 9.70888888888885
190.11235512512943, -43.6899999999996
190.57540917250594, -41.2627777777775
191.03842628527582, -53.398888888888905
191.50140644291702, -150.48777777777786
191.9643496249074, -48.54444444444425
192.4272558107249, -109.22500000000036
192.89012497984731, 53.398888888888905
193.35295711175254, -94.66166666666686
193.81575218591854, -128.64277777777806
194.27851018182312, -19.4177777777777
194.7412310789442, -38.83555555555586
195.20391485675964, -2.4272222222225537
195.66656149474733, -38.83555555555586
196.12917097238517, -19.417777777778156
196.59174326915107, 19.417777777778156
197.05427836452282, -14.563333333333048
197.51677623797838, -24.2722222222219
197.97923686899566, -19.4177777777777
198.44166023705247, -53.398888888888905
198.9040463216267, 29.12666666666655
199.36639510219626, -65.53499999999985
199.82870655823908, -99.51611111111106
200.29098066923297, -14.563333333333503
200.7532174146558, 60.68055555555566
201.21541677398554, -72.8166666666666
201.6775787267, 0.0
202.13970325227712, -7.2816666666667516
202.60179033019475, -84.95277777777756
203.06383993993072, -77.6711111111108
203.52585206096302, 16.990555555555602
203.9878266727695, 9.70888888888885
204.44976375482798, 101.94333333333316
204.91166328661643, 7.2816666666667516
205.3735252476127, -87.38000000000011
205.83534961729464, -9.70888888888885
206.2971363751402, 116.50666666666666
206.75888550062717, 41.262777777777956
207.22059697323357, 24.272222222222354
207.68227077243716, 33.98111111111075
208.14390687771592, 0.0
208.6055052685476, 48.54444444444425
209.0670659244102, -63.107777777777756
209.5285888247816, 12.13611111111095
209.99007394913966, -60.68055555555566
210.4515212769622, 150.48777777777786
210.9129307877272, 58.2533333333331
211.3743024609125, -55.826111111111004
211.835636275996, 43.690000000000055
212.29693221245557, 0.0
212.7581902497691, 7.2816666666667516
213.21941036741444, 19.4177777777777
213.68059254486954, -38.8355555555554
214.14173676161224, 12.13611111111095
214.60284299712043, -4.854444444444198
215.06391123087198, 9.70888888888885
215.52494144234484, -67.96222222222195
215.9859336110168, 63.107777777777756
216.4468877163658, 31.55388888888865
216.9078037378697, -36.4083333333333
217.36868165500644, -4.854444444444653
217.82952144725382, 4.854444444444653
218.29032309408976, 7.281666666666297
218.75108657499214, -63.107777777777756
219.2118118694389, -9.70888888888885
219.67249895690784, 36.4083333333333
220.13314781687689, 21.8449999999998
220.5937584288239, -48.54444444444471
221.0543307722268, 21.845000000000255
221.51486482656347, -97.0888888888885
221.97536057131174, -29.12666666666655
222.43581798594948, -9.70888888888885
222.8962370499547, -38.8355555555554
223.35661774280518, 53.398888888888905
223.81696004397878, -38.83555555555586
224.2772639329535, 14.563333333333048
224.73752938920714, 24.272222222222354
225.1977563922176, -38.8355555555554
225.65794492146279, -7.2816666666667516
226.1180949564205, 48.54444444444425
226.57820647656874, -84.95277777777801
227.03827946138532, 70.3894444444445
227.4983138903481, 38.83555555555586
227.95830974293503, 12.136111111111404
228.418266998624, -38.8355555555554
228.87818563689282, -48.54444444444425
229.33806563721944, -43.690000000000055
229.79790697908172, -38.8355555555554
230.25770964195752, -2.427222222222099
230.71747360532476, -19.4177777777777
231.1771988486613, -9.708888888889305
231.63688535144504, -60.68055555555566
232.09653309315385, -29.12666666666655
232.5561420532656, 2.427222222222099
233.01571221125823, 29.12666666666655
233.4752435466096, 14.563333333333048
233.93473603879755, 38.83555555555586
234.3941896673, 33.98111111111075
234.85360441159483, 67.96222222222241
235.31298025115996, 19.4177777777777
235.77231716547317, 65.53499999999985
236.23161513401246, -43.690000000000055
236.69087413625567, -41.262777777777956
237.15009415168063, 4.854444444444198
237.60927515976533, 29.12666666666655
238.0684171399876, -24.272222222222354
238.52752007182528, 46.11722222222215
238.9865839347563, -19.417777777778156
239.44560870825856, -26.699444444444453
239.90459437180988, -67.96222222222241
240.36354090488823, 41.2627777777775
240.82244828697142, 24.2722222222219
241.28131649753738, 58.2533333333331
241.740145516064, 4.854444444444198
242.1989353220291, 48.54444444444471
242.65768589491063, -21.8449999999998
243.1163972141864, 36.4083333333333
243.5750692593344, -33.981111111111204
244.03370200983244, -12.136111111111404
244.49229544515842, 24.2722222222219
244.95084954479023, 72.8166666666666
245.40936428820572, -48.54444444444471
245.8678396548828, 26.699444444444453
246.3262756242994, -33.981111111111204
246.7846721759333, -50.971666666666806
247.2430292892625, -21.845000000000255
247.7013469437648, 33.981111111111204
248.15962511891811, 84.95277777777756
248.61786379420033, -50.971666666666806
249.0760629490893, 0.0
249.53422256306294, 31.55388888888865
249.9923426155991, 70.3894444444445
250.4504230861757, 31.553888888889105
250.90846395427067, 50.971666666666806
251.3664651993618, -48.54444444444471
251.82442680092703, -26.699444444444453
252.2823487384442, 33.981111111111204
252.7402309913912, -7.2816666666667516
253.19807353924597, 26.699444444444453
253.65587636148632, 24.272222222222354
254.1136394375902, 58.2533333333331
254.57136274703547, -2.427222222222099
255.02904626929998, -67.96222222222241
255.48668998386165, -7.281666666666297
255.94429387019835, -70.3894444444445
256.401857907788, 0.0
256.8593820761084, -7.2816666666667516
257.3168663546375, -29.12666666666655
257.77431072285316, 67.96222222222195
258.2317151602333, 43.690000000000055
258.6890796462558, 0.0
259.14640416039845, 14.563333333333048
259.6036886821393, 0.0
260.0609331909561, 24.2722222222219
260.51813766632677, -2.4272222222225537
260.9753020877292, 0.0
261.4324264346412, 60.68055555555566
261.8895106865408, -72.8166666666666
262.3465548229058, 2.427222222222099
262.8035588232141, 2.427222222222099
263.26052266694353, -24.272222222222354
263.717446333572, -19.4177777777777
264.1743298025776, 109.22499999999991
264.6311730534378, 19.4177777777777
265.0879760656308, 43.690000000000055
265.5447388186344, -36.4083333333333
266.00146129192643, 53.398888888888905
266.4581434649849, 0.0
266.91478531728757, 0.0
267.3713868283124, 26.699444444444453
267.82794797753724, -38.8355555555554
268.28446874443995, -36.4083333333333
268.7409491084984, 77.67111111111126
269.19738904919063, 53.398888888888905
269.6537885459943, -24.2722222222219
270.1101475783875, 14.563333333333503
270.56646612584797, -26.699444444444453
271.0227441678536, 19.4177777777777
271.4789816838824, -12.136111111111404
271.93517865341204, 75.2438888888887
272.3913350559207, -16.990555555555602
272.84745087088595, -77.67111111111126
273.3035260777859, -29.12666666666655
273.7595606560983, 36.4083333333333
274.2155545853011, 126.21555555555551
274.6715078448722, 4.854444444444653
275.1274204142894, -4.854444444444198
275.58329227303074, 19.4177777777777
276.0391234005739, -33.981111111111204
276.4949137763969, 53.398888888888905
276.9506633799776, 41.2627777777775
277.4063721907939, 16.990555555555602
277.8620401883236, -67.96222222222195
278.3176673520446, 21.8449999999998
278.773253661435, -60.68055555555566
279.22879909597236, 4.854444444444198
279.68430363513477, 36.4083333333333
280.1397672584, -4.854444444444653
280.595189945246, -26.699444444444453
281.05057167515076, 53.398888888888905
281.5059124275919, -16.990555555555147
281.9612121820476, 77.6711111111108
282.4164709179954, 26.699444444444453
282.87168861491347, 36.4083333333333
283.3268652522797, 50.971666666666806
283.78200080957174, -48.54444444444425
284.2370952662677, -9.70888888888885
284.6921486018453, 24.272222222222354
285.14716079578255, -41.2627777777775
285.60213182755723, 29.12666666666655
286.0570616766474, -9.70888888888885
286.5119503225307, -38.8355555555554
286.9667977446852, 21.8449999999998
287.4216039225886, -21.845000000000255
287.87636883571895, -4.854444444444653
288.33109246355417, -53.398888888888905
288.785774785572, -24.272222222222354
289.2404157812505, 14.563333333333503
289.6950154300672, -43.690000000000055
290.14957371150035, -16.990555555555602
290.60409060502775, 46.11722222222215
291.05856609012716, -12.136111111111404
291.51300014627657, -41.2627777777775
291.96739275295386, -12.13611111111095
292.42174388963684, -41.262777777777956
292.8760535358034, 33.98111111111075
293.3303216709316, 46.11722222222261
293.7845482744991, 60.6805555555552
294.2387333259839, -80.09833333333336
294.6928768048639, -114.07944444444456
295.14697869061683, 31.553888888889105
295.6010389627208, -77.6711111111108
296.05505760065347, -43.690000000000055
296.50903458389297, 31.553888888889105
296.9629698919169, 12.13611111111095
297.4168635042034, 99.51611111111106
297.8707154002302, -33.981111111111204
298.32452555947515, 60.68055555555566
298.7782939614164, 16.990555555555602
299.2320205855315, -38.83555555555586
299.6857054112985, -77.67111111111126
300.1393484181953, 80.09833333333336
300.5929495856997, -2.427222222222099
301.0465088932897, 41.262777777777956
301.50002632044306, 9.70888888888885
301.9535018466377, -24.2722222222219
302.40693545135156, 67.96222222222195
302.8603271140625, 50.97166666666635
303.31367681424837, -4.854444444444653
303.7669845313871, 33.981111111111204
304.2202502449565, -16.990555555555602
304.6734739344345, -4.854444444444653
305.12665557929904, -14.563333333333048
305.57979515902787, 94.66166666666686
306.03289265309905, 26.699444444444453
306.4859480409903, -9.70888888888885
306.93896130217956, 12.13611111111095
307.39193241614487, 16.990555555555602
307.8448613623638, 84.95277777777756
308.2977481203145, 53.398888888888905
308.75059266947466, -24.2722222222219
309.20339498932225, -43.690000000000055
309.6561550593353, 104.37055555555571
310.10887285899145, -24.272222222222354
310.56154836776875, -80.0983333333329
311.01418156514495, 36.4083333333333
311.46677243059804, -12.13611111111095
311.9193209436059, -21.8449999999998
312.37182708364634, -16.990555555555602
312.8242908301973, -2.4272222222225537
313.27671216273677, -19.417777777778156
313.7290910607424, 82.52555555555591
314.1814275036922, 58.2533333333331
314.63372147106406, -58.25333333333356
315.08597294233584, -29.126666666667006
315.53818189698546, -72.8166666666666
315.99034831449075, 50.971666666666806
316.44247217432957, -14.563333333333503
316.8945534559799, -53.398888888888905
317.3465921389196, -24.272222222222354
317.7985882026266, 7.2816666666667516
318.2505416265786, -104.37055555555526
318.7024523902536, 41.2627777777775
319.1543204731295, -46.11722222222215
319.6061458546842, 7.281666666666297
320.0579285143956, -19.4177777777777
320.50966843174143, 21.8449999999998
320.9613655861997, -14.563333333333503
321.4130199572483, -46.11722222222261
321.86463152436505, -4.854444444444653
322.3162002670279, -29.12666666666655
322.76772616471476, -106.79777777777781
323.2192091969033, 7.2816666666667516
323.6706493430717, 36.4083333333333
324.1220465826977, -21.845000000000255
324.5734008952591, -58.25333333333356
325.0247122602339, 14.563333333333503
325.4759806571, 43.6899999999996
325.9272060653352, -118.93388888888876
326.3783884644174, -14.563333333333503
326.8295278338246, -29.12666666666655
327.2806241530346, -26.699444444444453
327.7316774015252, 36.4083333333333
328.1826875587743, -118.93388888888921
328.63365460425996, -7.2816666666667516
329.08457851745993, -24.2722222222219
329.5354592778521, -72.8166666666666
329.9862968649143, 118.93388888888921
330.4370912581245, -33.981111111111204
330.88784243696057, -21.845000000000255
331.3385503809005, -16.990555555555602
331.78921506942197, -46.11722222222215
332.2398364820029, 14.563333333333048
332.69041459812127, 31.553888888889105
333.1409493972549, 7.2816666666667516
333.59144085888175, -46.11722222222215
334.0418889624796, -21.845000000000255
334.49229368752646, -75.2438888888887
334.94265501350003, 55.82611111111146
335.3929729198783, -46.11722222222215
335.8432473861392, -26.699444444444453
336.29347839176063, 9.70888888888885
336.7436659162204, 72.81666666666706
337.19380993899625, -14.563333333333503
337.6439104395663, -55.82611111111146
338.0939673974084, 65.53500000000031
338.5439807920004, -4.854444444444653
338.9939506028201, -7.2816666666667516
339.4438768093455, -46.11722222222215
339.89375939105446, 14.563333333333503
340.34359832742473, 9.70888888888885
340.7933935979344, -36.4083333333333
341.24314518206126, 24.272222222222354
341.69285305928315, -16.990555555555147
342.14251720907805, -104.37055555555526
342.5921376109237, -48.54444444444425
343.0417142442982, 19.4177777777777
343.4912470886792, -2.4272222222225537
343.9407361235448, 111.65222222222246
344.39018132837265, 14.563333333333503
344.8395826826408, 82.52555555555546
345.2889401658271, 131.07000000000016
345.73825375740944, 14.563333333333503
346.1875234368658, -26.699444444443998
346.63674918367377, -21.8449999999998
347.0859309773115, 46.11722222222215
347.53506879725677, 55.826111111111004
347.9841626229875, -7.2816666666667516
348.4332124339816, 126.21555555555551
348.8822182097168, -29.12666666666655
349.33117992967124, -24.2722222222219
349.78009757332256, 29.12666666666655
350.2289711201488, -50.971666666666806
350.67780054962776, 140.778888888889
351.1265858412374, -97.08888888888896
351.5753269744555, -50.97166666666635
352.02402392876, -165.05111111111137
352.47267668362883, 24.272222222222354
352.92128521853977, 75.2438888888887
353.36984951297086, 29.126666666667006
353.81836954639977, 53.398888888888905
354.26684529830453, -53.398888888888905
354.715276748163, -46.11722222222261
355.1636638754531, -9.70888888888885
355.61200665965265, -9.70888888888885
356.0603050802395, 46.11722222222215
356.50855911669163, 12.13611111111095
356.9567687484869, 84.95277777777756
357.4049339551032, -58.25333333333356
357.85305471601833, 24.272222222222354
358.30113101071026, 2.427222222222099
358.7491628186568, -80.09833333333336
359.1971501193359, -109.22499999999991
359.64509289222553, 19.4177777777777
360.0929911168034, 46.11722222222215
360.5408447725474, 29.12666666666655
360.98865383893553, -19.4177777777777
361.4364182954456, 29.12666666666655
361.88413812155545, 53.398888888888905
362.3318132967432, 43.690000000000055
362.7794438004865, -19.4177777777777
363.2270296122632, 38.8355555555554
363.6745707115514, 0.0
364.1220670778288, 7.2816666666667516
364.5695186905733, -80.09833333333336
365.01692552926295, -63.107777777777756
365.46428757337543, -4.854444444444653
365.9116048023887, 97.08888888888896
366.3588771957806, -114.0794444444441
366.80610473302926, 2.427222222222099
367.25328739361225, 21.845000000000255
367.7004251570076, 16.990555555555602
368.14751800269306, -24.272222222222354
368.59456591014674, -75.2438888888887
369.0415688588464, -26.699444444444453
369.4885268282698, 16.990555555555602
369.9354397978952, -48.54444444444425
370.3823077472, 50.97166666666635
370.82913065566237, 29.12666666666655
371.2759085027602, -2.427222222222099
371.7226412679713, 43.6899999999996
372.1693289307736, 72.8166666666666
372.615971470645, -19.4177777777777
373.0625688670632, 4.854444444444653
373.5091210995062, 4.854444444444653
373.95562814745205, -50.97166666666635
374.4020899903785, -46.11722222222215
374.8485066077633, -43.690000000000055
375.29487797908456, 2.427222222222099
375.74120408382, 31.553888888889105
376.1874849014476, -41.2627777777775
376.6337204114452, 75.2438888888887
377.07991059329066, -80.09833333333336
377.52605542646194, 121.36111111111131
377.9721548904368, 65.53500000000031
378.41820896469335, -101.94333333333361
378.8642176287092, 33.981111111111204
379.31018086196246, 31.55388888888865
379.75609864393084, 21.8449999999998
380.2019709540923, 140.77888888888856
380.64779777192473, -36.4083333333333
381.093579076906, -138.35166666666646
381.5393148485141, -12.13611111111095
381.98500506622673, -33.981111111111204
382.43064970952184, -2.4272222222225537
382.87624875787736, 9.708888888889305
383.32180219077117, -48.54444444444425
383.76730998768113, -89.80722222222221
384.2127721280851, -60.68055555555566
384.658188591461, 77.67111111111126
385.1035593572866, -72.8166666666666
385.54888440504004, -9.70888888888885
385.994163714199, -50.971666666666806
386.4393972642414, 9.70888888888885
386.8845850346451, -9.70888888888885
387.32972700488807, 50.971666666666806
387.77482315444814, 77.6711111111108
388.2198734628032, 16.990555555555147
388.66487790943114, 67.96222222222195
389.1098364738098, 14.563333333333503
389.55474913541707, -16.990555555555602
389.99961587373093, -48.54444444444425
390.44443666822923, 14.563333333333503
390.8892114983898, -58.25333333333356
391.3339403436905, 26.699444444444453
391.7786231836093, 16.990555555555602
392.2232599976239, -9.70888888888885
392.6678507652125, -31.553888888889105
393.11239546585284, -72.8166666666666
393.55689407902264, 33.98111111111075
394.0013465841999, -31.55388888888865
394.4457529608626, 29.12666666666655
394.89011318848856, -26.699444444444453
395.3344272465556, -12.136111111111404
395.77869511454173, -36.4083333333333
396.22291677192464, -43.690000000000055
396.6670921981824, -29.12666666666655
397.1112213727928, -29.12666666666655
397.55530427523377, 9.708888888889305
397.99934088498316, 12.13611111111095
398.4433311815189, 12.13611111111095
398.8872751443188, -53.398888888888905
399.33117275286077, -4.854444444444198
399.7750239866227, -48.54444444444471
400.2188288250826, -97.08888888888896
400.6625872477181, -2.427222222222099
401.1062992340072, -133.49722222222226
401.5499647634279, -80.09833333333336
401.99358381545795, 0.0
402.43715636957535, 14.563333333333503
402.8806824052578, 7.2816666666667516
403.3241619019833, -43.690000000000055
403.7675948392297, 24.272222222222354
404.2109811964749, 24.2722222222219
404.6543209531968, -84.95277777777756
405.0976140888734, 48.54444444444471
405.5408605829823, -7.281666666666297
405.9840604150016, 41.262777777777956
406.4272135644091, 2.4272222222225537
406.87032001068275, -21.845000000000255
407.3133797333004, 72.8166666666666
407.7563927117399, -21.845000000000255
408.1993589254791, 65.53500000000031
408.64227835399595, -43.690000000000055
409.08515097676843, -21.845000000000255
409.52797677327436, 46.11722222222261
409.97075572299144, 82.52555555555546
410.4134878053977, -16.990555555555602
410.856172999971, 7.281666666666297
411.2988112861894, 12.13611111111095
411.74140264353053, -133.4972222222218
412.18394705147244, 80.09833333333336
412.6264444894928, 67.96222222222241
413.0688949370698, -4.854444444444653
413.5112983736811, -48.54444444444471
413.9536547788046, 26.699444444444453
414.39596413191833, 21.8449999999998
414.83822641250003, 14.563333333333503
415.2804416000276, 2.4272222222225537
415.722609673979, -48.54444444444425
416.16473061383203, 41.262777777777956
416.6068043990647, -48.54444444444425
417.0488310091547, -118.93388888888876
417.49081042358, 9.70888888888885
417.93274262181853, 38.83555555555586
418.37462758334823, 38.83555555555586
418.8164652876469, 82.52555555555546
419.25825571419233, -77.6711111111108
419.6999988424625, -38.83555555555586
420.1416946519353, 63.107777777777756
420.58334312208865, 24.2722222222219
421.02494423240046, -16.990555555555147
421.46649796234846, 72.8166666666666
421.9080042914106, 24.272222222222354
422.34946319906476, -94.6616666666664
422.7908746647889, 36.4083333333333
423.2322386680608, -55.826111111111004
423.6735551883584, -12.13611111111095
424.1148242051596, -41.2627777777775
424.55604569794224, 14.563333333333503
424.99721964618425, 53.398888888888905
425.43834602936346, 89.80722222222221
425.87942482695786, -16.990555555555602
426.32045601844516, -12.136111111111404
426.7614395833034, -41.262777777777956
427.20237550101035, 46.11722222222215
427.643263751044, 29.12666666666655
428.0841043128821, 2.4272222222225537
428.5248971660027, -24.272222222222354
428.96564228988353, -77.67111111111126
429.4063396640026, -9.70888888888885
429.8469892678377, 67.96222222222241
430.2875910808667, 24.272222222222354
430.72814508256766, 50.971666666666806
431.1686512524183, -58.2533333333331
431.6091095698964, -29.12666666666655
432.04952001448015, 14.563333333333048
432.48988256564724, 26.699444444444453
432.93019720287555, 46.11722222222215
433.37046390564296, 33.981111111111204
433.8106826534275, -14.563333333333503
434.2508534257068, -26.699444444444453
434.690976201959, -7.2816666666667516
435.13105096166186, -14.563333333333503
435.57107768429324, -55.826111111111004
436.011056349331, -65.53499999999985
436.4509869362532, 126.21555555555551
436.8908694245375, 53.398888888888905
437.330703793662, -75.2438888888887
437.7704900231044, 145.6333333333332
438.2102280923426, -26.699444444444453
438.64991798085464, -106.79777777777781
439.0895596681183, 7.2816666666667516
439.52915313361143, -33.981111111111204
439.968698356812, 33.98111111111075
440.4081953171978, -21.8449999999998
440.84764399424677, 38.8355555555554
441.28704436743686, -72.8166666666666
441.7263964162458, 50.971666666666806
442.1657001201515, -36.4083333333333
442.604955458632, -182.04166666666697
443.044162411165, 9.70888888888885
443.48332095722856, -12.13611111111095
443.92243107630037, 38.8355555555554
444.36149274785845, 75.24388888888916
444.80050595138067, 0.0
445.2394706663448, 135.92444444444436
445.67838687222894, -4.854444444444198
446.11725454851074, 4.854444444444653
446.5560736746682, 172.33277777777766
446.99484423017924, -4.854444444445107
447.4335661945217, 48.54444444444471
447.8722395471734, 123.78833333333387
448.3108642676124, -109.22499999999945
448.74944033531636, -16.990555555555147
449.18796772976333, -7.2816666666667516
449.6264464304311, 111.65222222222201
450.0648764167976, 101.9433333333327
450.5032576683408, -199.03222222222303
450.94159016453835, 281.557777777778
451.37987388486823, 101.94333333333361
451.8181088088085, 138.35166666666646
452.25629491583686, 191.75055555555628
452.6944321854313, 182.04166666666606
453.1325205970696, 131.07000000000062
453.5705601302296, 75.24388888888825
454.00855076438944, 177.18722222222186
454.44649247902674, 283.9850000000006
454.8843852536195, 145.63333333333412
455.32222906764554, 65.53499999999985
455.76002390058284, 131.0699999999997
456.19776973190926, 133.49722222222226
456.63546654110263, 194.177777777777
457.07311430764076, -14.563333333333503
457.5107130110018, -53.398888888888905
457.9482626306634, 94.66166666666686
458.38576314610356, 254.85833333333176
458.82321453680004, 582.5333333333347
459.2606167822308, 478.1627777777794
459.69796986187373, 235.44055555555497
460.13527375520675, 167.47833333333256
460.5725284417076, 169.9055555555551
461.0097339008544, 359.22888888888883
461.44689011212483, 701.4672222222216
461.8839970549969, 1128.658333333331
462.3210547089484, 536.4161111111098
462.7580630534572, 541.2705555555549
463.1950220680013, 208.7411111111105
463.63193173205855, 694.1855555555558
464.0687920251067, 735.4483333333301
464.5056029266238, 759.7205555555556
464.9423644160876, 1014.5788888888892
465.3790764729762, 851.9549999999981
465.8157390767672, 1254.873888888891
466.2523522069386, 890.7905555555553
466.6889158429684, 932.0533333333333
467.12542996433433, 949.0438888888893
467.5618945505144, 803.4105555555543
467.9983095809864, 1031.5694444444416
468.4346750352282, 791.2744444444434
468.8709908927178, 922.3444444444431
469.30725713293293, 966.0344444444454
469.7434737353516, 1046.132777777777
470.1796406794516, 895.6450000000004
470.6157579447109, 1055.8416666666672
471.05182551060733, 1131.0855555555572
471.4878433566188, 652.9227777777778
471.9238114622231, 871.3727777777785
472.35972980689826, 689.3311111111107
472.7955983701221, 827.6827777777798
473.23141713137244, 1075.259444444444
473.66718607012734, 1189.3388888888876
474.1029051658645, 1468.469444444443
474.53857439806194, 689.3311111111143
474.97419374619733, 1446.6244444444455
475.4097631897488, 1315.5544444444458
475.84528270819413, 808.2649999999994
476.28075228101125, 847.100555555553
476.71617188767794, 1082.5411111111134
477.15154150767216, 1160.2122222222206
477.5868611204718, 968.4616666666661
478.0221307055547, 779.138333333336
478.4573502423987, 1070.4049999999988
478.89251971048185, 944.1894444444442
479.3276390892819, 1118.9494444444426
479.76270835827677, 978.1705555555563
480.19772749694437, 1046.132777777777
480.6326964847625, 1007.2972222222234
481.0676153012091, 834.964444444442
481.50248392576214, 941.7622222222235
481.9373023378993, 966.0344444444454
482.3720705170987, 708.7488888888911
482.80678844283807, 762.1477777777764
483.2414560945953, 762.1477777777764
483.6760734518483, 276.70333333333474
484.110640494075, 502.4349999999977
484.5451572007532, 752.4388888888898
484.9796235513608, 769.4294444444458
485.41403952537576, 788.8472222222226
485.8484051022759, 885.9361111111102
486.2827202615391, 1058.2688888888897
486.7169849826432, 788.8472222222208
487.1511992450663, 679.6222222222223
487.585363028286, 745.1572222222221
488.01947631178035, 963.6072222222228
488.4535390750272, 635.9322222222236
488.88755129750444, 694.1855555555558
489.32151295868994, 742.7299999999996
489.75542403806156, 902.9266666666681
490.1892845150972, 767.0022222222215
490.6230943692748, 735.4483333333337
491.05685358007213, 366.5105555555565
491.4905621269672, 216.02277777777817
491.9242199894378, 388.35555555555584
492.3578271469619, 655.3500000000004
492.7913835790173, 504.86222222222204
493.2248892650819, 373.79222222222234
493.65834418463356, 531.5616666666665
494.09174831715035, 145.6333333333332
494.52510164210986, 381.07388888889
494.9584041389902, 305.8299999999999
495.3916557872692, 410.2005555555552
495.8248565664246, 308.2572222222225
496.25800645593455, 422.33666666666613
496.69110543527665, 191.75055555555446
497.124153483929, 283.9849999999997
497.5571505813694, 223.30444444444402
497.99009670707574, 150.48777777777832
498.42299184052587, 337.3838888888886
498.8558359611977, 182.04166666666697
499.28862904856913, 179.61444444444442
499.72137108211814, 199.03222222222212
500.15406204132233, 206.31388888888887
500.5867019056598, 254.85833333333267
501.01929065460854, 152.91499999999996
501.45182826764614, 453.8905555555557
501.8843147242507, 75.24388888888916
502.3167500039, 157.76944444444507
502.749134086072, 92.23444444444522
503.1814669502445, 201.45944444444467
503.6137485758955, 48.54444444444471
504.04597894250264, 89.80722222222266
504.4781580295442, 148.06055555555577
504.9102858164977, 26.699444444444453
505.3423622828412, -140.778888888889
505.7743874080526, 29.12666666666655
506.20636117160956, 121.36111111111086
506.63828355299034, 19.4177777777777
507.07015453167253, 33.981111111111204
507.50197408713404, 7.2816666666667516
507.93374219885294, -43.690000000000055
508.36545884630686, -80.09833333333336
508.7971240089739, -29.12666666666655
509.2287376663318, 70.3894444444445
509.66029979785856, 0.0
510.0918103830321, -36.4083333333333
510.5232694013299, -7.2816666666667516
510.9546768322305, 82.52555555555546
511.3860326552112, -43.690000000000055
511.81733684975023, -67.96222222222195
512.2485893953253, -31.553888888889105
512.6797902714144, -63.107777777777756
513.1109394574953, 36.4083333333333
513.5420369330461, 2.4272222222225537
513.9730826775443, 9.70888888888885
514.4040766704684, -36.4083333333333
514.8350188912955, -2.427222222222099
515.2659093195042, 55.826111111111004
515.6967479345718, 12.13611111111095
516.1275347159767, 63.107777777777756
516.5582696431964, -14.563333333333503
516.9889526957089, -75.24388888888916
517.4195838529922, -33.981111111111204
517.8501630945242, -41.262777777777956
518.2806903997824, 36.4083333333333
518.7111657482452, 152.91499999999996
519.1415891193901, -26.699444444444453
519.5719604926952, 31.55388888888865
520.0022798476382, -48.54444444444471
520.4325471636973, 101.94333333333316
520.8627624203501, 26.699444444444453
521.2929255970745, -21.845000000000255
521.7230366733485, -75.24388888888916
522.1530956286498, -67.96222222222241
522.5831024424566, -26.699444444444453
523.0130570942465, 19.417777777778156
523.4429595634975, 92.2344444444443
523.8728098296876, -24.2722222222219
524.3026078722943, 58.2533333333331
524.732353670796, 31.55388888888865
525.1620472046701, -63.10777777777821
525.5916884533947, -2.427222222222099
526.0212773964479, 21.845000000000255
526.4508140133071, -38.8355555555554
526.8802982834507, 9.708888888889305
527.3097301863561, -7.2816666666667516
527.7391097015015, 4.854444444444198
528.168436808365, -21.8449999999998
528.5977114864237, 4.854444444444198
529.0269337151562, -53.398888888888905
529.4561034740402, 94.66166666666686
529.8852207425534, 12.13611111111095
530.314285500174, -24.2722222222219
530.7432977263796, -2.4272222222225537
531.1722574006484, 2.427222222222099
531.6011645024578, -46.11722222222215
532.030019011286, 53.398888888888905
532.458820906611, -60.68055555555566
532.8875701679102, 82.52555555555591
533.3162667746622, -12.13611111111095
533.7449107063443, 9.70888888888885
534.1735019424347, 36.4083333333333
534.602040462411, -9.70888888888885
535.0305262457513, 70.3894444444445
535.4589592719335, -63.10777777777821
535.8873395204353, -14.563333333333503
536.3156669707347, 55.826111111111004
536.7439416023096, -155.34222222222206
537.1721633946379, -33.981111111111204
537.6003323271975, -80.09833333333336
538.028448379466, 26.699444444444453
538.4565115309218, 19.417777777778156
538.8845217610424, -101.94333333333316
539.3124790493057, -41.2627777777775
539.7403833751898, -29.12666666666655
540.1682347181724, -24.2722222222219
540.5960330577315, -82.52555555555546
541.0237783733447, -21.8449999999998
541.4514706444902, -26.699444444444453
541.8791098506459, 43.690000000000055
542.3066959712894, -114.07944444444456
542.7342289858989, -16.990555555555602
543.1617088739521, 16.990555555555602
543.5891356149269, -31.55388888888865
544.0165091883014, -7.2816666666667516
544.4438295735529, -16.990555555555602
544.8710967501598, 26.699444444444453
545.2983106976, 14.563333333333503
545.7254713953512, 29.12666666666655
546.1525788228913, 14.563333333333048
546.5796329596982, 38.83555555555586
547.0066337852497, -48.54444444444471
547.4335812790239, -41.262777777777956
547.8604754204986, -33.981111111111204
548.2873161891516, -21.8449999999998
548.7141035644607, 24.272222222222354
549.140837525904, 29.12666666666655
549.5675180529594, 29.12666666666655
549.9941451251045, -12.13611111111095
550.4207187218174, -2.427222222222099
550.847238822576, 70.3894444444445
551.2737054068582, 0.0
551.7001184541417, -29.126666666667006
552.1264779439044, -38.8355555555554
552.5527838556245, -16.990555555555602
552.9790361687795, 24.272222222222354
553.4052348628476, 43.6899999999996
553.8313799173064, 9.70888888888885
554.2574713116339, -19.4177777777777
554.6835090253081, -50.971666666666806
555.1094930378068, 46.11722222222215
555.5354233286079, -21.845000000000255
555.961299877189, 33.981111111111204
556.3871226630284, 58.2533333333331
556.8128916656038, -80.09833333333336
557.2386068643932, -33.981111111111204
557.6642682388743, 36.4083333333333
558.0898757685251, -2.4272222222225537
558.5154294328235, 63.107777777777756
558.9409292112473, -2.427222222222099
559.3663750832743, -41.262777777777956
559.7917670283828, -12.13611111111095
560.2171050260499, -7.2816666666667516
560.6423890557544, 60.68055555555566
561.0676190969735, 50.97166666666635
561.4927951291855, 70.38944444444405
561.9179171318682, 26.699444444444453
562.3429850844992, 14.563333333333048
562.7679989665568, -82.52555555555546
563.1929587575185, -12.13611111111095
563.6178644368624, -24.272222222222354
564.0427159840664, -31.55388888888865
564.4675133786083, -16.990555555555602
564.892256599966, 46.11722222222215
565.3169456276173, -31.553888888889105
565.7415804410404, 12.13611111111095
566.1661610197128, 29.12666666666655
566.5906873431126, 67.96222222222241
567.0151593907176, -65.53499999999985
567.4395771420056, 0.0
567.8639405764549, 9.70888888888885
568.2882496735427, -19.4177777777777
568.7125044127475, -19.4177777777777
569.136704773547, 31.553888888889105
569.560850735419, 53.398888888888905
569.9849422778414, 24.272222222222354
570.408979380292, -58.2533333333331
570.8329620222488, 9.70888888888885
571.2568901831899, -92.2344444444443
571.6807638425926, -36.4083333333333
572.1045829799353, 128.6427777777776
572.5283475746957, -19.4177777777777
572.9520576063518, 0.0
573.3757130543813, -21.845000000000255
573.7993138982621, 53.398888888888905
574.2228601174724, -36.4083333333333
574.6463516914896, -38.8355555555554
575.069788599792, 87.38000000000011
575.4931708218572, -21.845000000000255
575.916498337163, -21.845000000000255
576.3397711251878, 4.854444444444198
576.7629891654091, -67.96222222222241
577.1861524373047, -48.54444444444471
577.6092609203528, 21.845000000000255
578.0323145940308, -58.2533333333331
578.4553134378172, -2.427222222222099
578.8782574311896, -33.981111111111204
579.3011465536257, -72.8166666666666
579.7239807846037, 46.11722222222215
580.146760103601, -33.98111111111075
580.5694844900961, 97.0888888888885
580.9921539235664, 16.990555555555602
581.4147683834901, -26.699444444444453
581.8373278493451, 24.272222222222354
582.2598323006089, 104.37055555555571
582.6822817167598, -19.4177777777777
583.1046760772754, -24.272222222222354
583.5270153616337, 36.4083333333333
583.9492995493126, 65.53499999999985
584.3715286197901, 43.690000000000055
584.7937025525439, 43.690000000000055
585.2158213270517, -2.427222222222099
585.6378849227918, 14.563333333333048
586.059893319242, 75.2438888888887
586.4818464958798, -16.990555555555602
586.9037444321838, -16.990555555555602
587.3255871076311, 29.126666666667006
587.7473745017, 89.80722222222221
588.1691065938684, -70.3894444444445
588.590783363614, 101.94333333333316
589.0124047904148, -58.25333333333356
589.4339708537487, -29.12666666666655
589.8554815330937, 92.2344444444443
590.2769368079274, 58.25333333333356
590.6983366577279, -50.971666666666806
591.1196810619729, -24.272222222222354
591.5409700001403, 0.0
591.9622034517083, 104.37055555555571
592.3833813961545, -19.4177777777777
592.8045038129568, -38.8355555555554
593.2255706815931, -46.11722222222215
593.6465819815413, 38.8355555555554
594.0675376922794, -36.4083333333333
594.488437793285, 53.398888888888905
594.9092822640364, 38.8355555555554
595.3300710840113, 80.09833333333336
595.7508042326872, 29.12666666666655
596.1714816895425, -94.6616666666664
596.5921034340548, -2.427222222222099
597.0126694457022, 135.92444444444436
597.4331797039623, -9.70888888888885
597.8536341883132, 43.690000000000055
598.2740328782329, -16.990555555555602
598.6943757531989, -118.93388888888876
599.1146627926894, -48.54444444444425
599.5348939761823, 87.38000000000011
599.9550692831551, -99.51611111111106
600.3751886930862, -58.2533333333331
600.795252185453, -77.67111111111126
601.2152597397338, 14.563333333333048
601.6352113354062, 4.854444444444653
602.0551069519482, -9.70888888888885
602.4749465688378, 29.12666666666655
602.8947301655527, -29.12666666666655
603.3144577215706, -36.4083333333333
603.7341292163699, 12.136111111111404
604.153744629428, -38.83555555555586
604.5733039402232, 24.2722222222219
604.9928071282329, 63.107777777777756
605.4122541729356, -2.427222222222099
605.8316450538086, -24.272222222222354
606.2509797503302, 19.4177777777777
606.670258241978, -50.971666666666806
607.0894805082299, 70.3894444444445
607.5086465285641, -36.4083333333333
607.9277562824581, -16.990555555555602
608.3468097493899, 4.854444444444198
608.7658069088376, -65.53500000000031
609.1847477402787, 19.4177777777777
609.6036322231914, 19.4177777777777
610.0224603370534, 19.4177777777777
610.4412320613428, -41.262777777777956
610.8599473755373, 82.52555555555546
611.2786062591147, -77.6711111111108
611.6972086915533, -43.690000000000055
612.1157546523305, 72.8166666666666
612.5342441209243, 50.971666666666806
612.952677076813, -41.2627777777775
613.3710534994736, 19.4177777777777
613.789373368385, -65.53500000000031
614.2076366630243, 7.2816666666667516
614.62584336287, -16.990555555555602
615.0439934473997, 58.25333333333356
615.4620868960909, -63.107777777777756
615.8801236884221, 48.54444444444471
616.298103803871, 26.699444444444453
616.7160272219153, -21.8449999999998
617.1338939220329, -92.23444444444476
617.5517038837019, 7.2816666666667516
617.9694570864001, 97.08888888888896
618.3871535096054, -84.95277777777756
618.8047931327956, -33.981111111111204
619.2223759354484, -65.53500000000031
619.6399018970421, -89.80722222222221
620.0573709970545, 4.854444444444653
620.4747832149632, 97.08888888888896
620.8921385302463, -46.11722222222215
621.3094369223816, 48.54444444444471
621.7266783708471, -36.4083333333333
622.1438628551207, 80.09833333333336
622.5609903546799, -82.52555555555591
622.9780608490031, 33.981111111111204
623.395074317568, -4.854444444444198
623.8120307398522, -2.427222222222099
624.228930095334, -80.09833333333336
624.645772363491, -21.845000000000255
625.0625575238014, -46.11722222222215
625.4792855557428, -55.826111111111004
625.8959564387931, 36.40833333333376
626.3125701524302, 43.690000000000055
626.7291266761321, -58.25333333333356
627.1456259893766, -31.55388888888865
627.5620680716416, 16.990555555555147
627.978452902405, -84.95277777777756
628.3947804611447, -36.4083333333333
628.8110507273384, 4.854444444444653
629.2272636804644, -29.12666666666655
629.6434193000001, -7.2816666666667516
630.0595175654236, -24.272222222222354
630.4755584562129, 24.2722222222219
630.8915419518455, 31.553888888889105
631.3074680317999, 33.981111111111204
631.7233366755535, -33.98111111111075
632.1391478625843, -36.4083333333333
632.5549015723702, 12.13611111111095
632.9705977843889, 7.281666666666297
633.3862364781188, -21.845000000000255
633.8018176330373, -41.2627777777775
634.2173412286224, -19.4177777777777
634.6328072443522, -14.563333333333048
635.0482156597042, -33.98111111111075
635.4635664541566, 55.826111111111004
635.8788596071872, -7.2816666666667516
636.2940950982738, 72.81666666666706
636.7092729068943, -65.53499999999985
637.1243930125266, -55.82611111111146
637.5394553946488, -87.37999999999965
637.9544600327383, 12.13611111111095
638.3694069062735, -172.33277777777766
638.784295994732, -38.8355555555554
639.1991272775919, -19.4177777777777
639.6139007343309, -24.2722222222219
640.0286163444265, 24.2722222222219
640.4432740873574, -77.6711111111108
640.857873942601, 9.70888888888885
641.2724158896351, -53.398888888888905
641.686899907938, 12.13611111111095
642.101325976987, -2.427222222222099
642.5156940762606, -4.854444444444653
642.9300041852364, -92.2344444444443
643.344256283392, -46.11722222222215
643.758450350206, -7.2816666666667516
644.1725863651554, 94.6616666666664
644.5866643077189, 21.8449999999998
645.0006841573738, 7.2816666666667516
645.4146458935983, 19.4177777777777
645.8285494958702, -48.54444444444471
646.2423949436671, 72.81666666666706
646.6561822164675, -101.94333333333316
647.0699112937488, -29.12666666666655
647.483582154989, 0.0
647.897194779666, -67.96222222222195
648.3107491472578, -16.990555555555602
648.724245237242, -12.136111111111404
649.1376830290968, -63.107777777777756
649.5510625022998, -58.25333333333356
649.964383636329, -24.272222222222354
650.3776464106625, -19.4177777777777
650.790850804778, 16.990555555555602
651.2039967981532, 31.553888888889105
651.6170843702662, -58.2533333333331
652.0301135005949, 7.281666666666297
652.443084168617, -72.8166666666666
652.8559963538107, 16.990555555555602
653.2688500356536, -36.4083333333333
653.6816451936236, 38.8355555555554
654.0943818071987, -87.38000000000011
654.5070598558568, 36.4083333333333
654.9196793190757, 84.95277777777756
655.3322401763332, 46.11722222222215
655.7447424071077, -72.8166666666666
656.1571859908762, 38.8355555555554
656.5695709071173, 4.854444444444653
656.9818971353087, -82.52555555555546
657.394164654928, 50.971666666666806
657.8063734454535, -60.68055555555566
658.2185234863628, -53.398888888888905
658.6306147571338, -50.971666666666806
659.0426472372449, -12.136111111111404
659.454620906173, 92.23444444444476
659.8665357433969, 31.553888888889105
660.2783917283939, 2.427222222222099
660.6901888406422, -38.8355555555554
661.1019270596197, 82.52555555555546
661.5136063648039, 16.990555555555602
661.9252267356732, -55.82611111111146
662.336788151705, -24.2722222222219
662.7482905923775, 14.563333333333503
663.1597340371688, -16.990555555555602
663.5711184655561, -43.690000000000055
663.9824438570179, -12.13611111111095
664.3937101910318, -7.2816666666667516
664.8049174470756, 50.971666666666806
665.2160656046276, 60.68055555555566
665.627154643165, -2.427222222222099
666.0381845421665, -67.96222222222241
666.4491552811094, -99.51611111111106
666.8600668394716, -21.8449999999998
667.2709191967314, -97.08888888888896
667.6817123323663, -67.96222222222241
668.0924462258544, 43.690000000000055
668.5031208566734, 0.0
668.9137362043014, 14.563333333333048
669.324292248216, 0.0
669.7347889678953, 4.854444444444653
670.1452263428172, 21.8449999999998
670.5556043524593, 48.54444444444425
670.9659229763, 123.78833333333341
671.3761821938167, -67.96222222222195
671.7863819844875, 12.136111111111404
672.1965223277904, 9.70888888888885
672.6066032032028, -38.83555555555586
673.0166245902033, -46.11722222222215
673.4265864682691, -77.6711111111108
673.8364888168785, -31.55388888888865
674.2463316155092, 9.708888888889305
674.6561148436392, -72.8166666666666
675.0658384807463, -60.68055555555566
675.4755025063084, 67.96222222222195
675.8851068998035, -116.50666666666666
676.2946516407094, -67.96222222222195
676.7041367085039, -46.11722222222261
677.1135620826649, 16.990555555555602
677.5229277426704, 19.417777777778156
677.9322336679982, 92.23444444444476
678.3414798381262, -4.854444444444198
678.7506662325325, 24.272222222222354
679.1597928306944, -2.4272222222225537
679.5688596120904, 9.70888888888885
679.977866556198, 12.136111111111404
680.3868136424953, 16.990555555555147
680.7957008504601, -21.8449999999998
681.2045281595704, -31.553888888889105
681.6132955493039, 38.8355555555554
682.0220029991384, -58.2533333333331
682.430650488552, -19.4177777777777
682.8392379970227, -50.97166666666635
683.2477655040282, -70.3894444444445
683.6562329890462, -82.52555555555591
684.064640431555, 4.854444444444653
684.472987811032, -29.12666666666655
684.8812751069555, -4.854444444444653
685.2895022988033, -109.22499999999991
685.6976693660531, 7.2816666666667516
686.1057762881829, 46.11722222222215
686.5138230446706, -19.4177777777777
686.9218096149941, 2.427222222222099
687.3297359786312, -7.2816666666667516
687.7376021150599, -43.690000000000055
688.145408003758, -89.80722222222221
688.5531536242033, -4.854444444444653
688.9608389558739, 12.13611111111095
689.3684639782474, -33.981111111111204
689.7760286708021, -21.845000000000255
690.1835330130154, 14.563333333333048
690.5909769843656, -152.91499999999996
690.9983605643303, 7.2816666666667516
691.4056837323875, 104.37055555555571
691.8129464680152, -46.11722222222261
692.220148750691, 7.2816666666667516
692.6272905598929, -101.94333333333316
693.0343718750988, -70.3894444444445
693.4413926757868, -12.13611111111095
693.8483529414345, -67.96222222222241
694.25525265152, 16.990555555555602
694.6620917855208, 84.95277777777801
695.0688703229151, 60.68055555555566
695.4755882431808, 104.37055555555571
695.8822455257957, -53.398888888888905
696.2888421502378, 33.981111111111204
696.6953780959847, -63.107777777777756
697.1018533425145, -43.6899999999996
697.5082678693051, -31.55388888888865
697.9146216558341, 70.3894444444445
698.3209146815799, -2.4272222222225537
698.72714692602, 99.51611111111106
699.1333183686324, -31.55388888888865
699.5394289888949, -46.11722222222261
699.9454787662854, -9.70888888888885
700.3514676802821, -94.6616666666664
700.7573957103624, 87.38000000000011
701.1632628360044, -9.70888888888885
701.569069036686, -7.2816666666667516
701.9748142918851, -63.107777777777756
702.3804985810796, -9.70888888888885
702.7861218837471, -4.854444444444198
703.1916841793659, 72.8166666666666
703.5971854474136, 24.272222222222354
704.0026256673683, -55.826111111111004
704.4080048187078, -14.563333333333048
704.8133228809098, -55.82611111111146
705.2185798334524, -2.427222222222099
705.6237756558133, 7.2816666666667516
706.0289103274706, 87.38000000000011
706.4339838279021, -36.4083333333333
706.8389961365859, -36.4083333333333
707.2439472329994, -46.11722222222215
707.6488370966208, -43.690000000000055
708.0536657069279, 0.0
708.4584330433985, -106.79777777777781
708.8631390855107, 31.55388888888865
709.2677838127423, 29.126666666667006
709.6723672045712, -55.826111111111004
710.0768892404751, -38.83555555555586
710.4813498999321, 48.54444444444471
710.88574916242, -4.854444444444198
711.2900870074167, -19.4177777777777
711.6943634144001, 7.2816666666667516
712.0985783628479, -38.8355555555554
712.5027318322383, -43.690000000000055
712.906823802049, 7.2816666666667516
713.310854251758, 0.0
713.7148231608429, 31.55388888888865
714.1187305087819, -33.981111111111204
714.5225762750528, 26.699444444444453
714.9263604391333, -65.53499999999985
715.3300829805016, -33.981111111111204
715.7337438786353, 53.39888888888845
716.1373431130124, -36.4083333333333
716.5408806631108, 46.11722222222215
716.9443565084084, -70.3894444444445
717.3477706283832, 75.2438888888887
717.7511230025127, -12.136111111111404
718.1544136102751, -58.2533333333331
718.5576424311482, -2.4272222222225537
718.9608094446097, 2.427222222222099
719.363914630138, -29.126666666667006
719.7669579672105, -12.136111111111404
720.1699394353052, 38.8355555555554
720.5728590138999, -70.3894444444445
720.9757166824728, 72.8166666666666
721.3785124205016, -43.690000000000055
721.7812462074642, 19.4177777777777
722.1839180228383, 58.25333333333356
722.586527846102, 70.3894444444445
722.989075656733, 31.553888888889105
723.3915614342095, -41.2627777777775
723.7939851580091, -92.2344444444443
724.1963468076099, -19.4177777777777
724.5986463624895, 21.8449999999998
725.0008838021259, -14.563333333333048
725.4030591059972, 50.971666666666806
725.8051722535811, 21.8449999999998
726.2072232243553, -19.417777777778156
726.6092119977981, 0.0
727.011138553387, 7.281666666666297
727.4130028706, 63.107777777777756
727.8148049289152, -4.854444444444198
728.2165447078104, -38.8355555555554
728.6182221867631, -92.2344444444443
729.0198373452516, -26.699444444444453
729.4213901627536, 21.8449999999998
729.8228806187471, 16.990555555555602
730.2243086927101, -43.690000000000055
730.6256743641202, 65.53500000000031
731.0269776124553, 43.690000000000055
731.4282184171935, -46.11722222222261
731.8293967578126, 21.8449999999998
732.2305126137903, -7.2816666666667516
732.6315659646046, 70.3894444444445
733.0325567897337, -16.990555555555147
733.4334850686549, -4.854444444444653
733.8343507808465, 87.37999999999965
734.2351539057863, -26.699444444444453
734.6358944229522, -9.70888888888885
735.0365723118219, 33.981111111111204
735.4371875518735, -7.2816666666667516
735.8377401225848, 4.854444444444653
736.2382300034338, -92.2344444444443
736.6386571738981, -33.981111111111204
737.0390216134557, -7.2816666666667516
737.4393233015847, -67.96222222222241
737.8395622177627, 84.95277777777801
738.2397383414677, 26.699444444444453
738.6398516521779, -2.427222222222099
739.0399021293706, -36.4083333333333
739.439889752524, 19.4177777777777
739.8398145011159, -7.2816666666667516
740.2396763546243, 21.8449999999998
740.639475292527, 43.690000000000055
741.0392112943019, -60.68055555555566
741.4388843394269, -38.83555555555586
741.8384944073797, -38.83555555555586
742.2380414776385, 7.2816666666667516
742.637525529681, 21.8449999999998
743.0369465429851, -19.4177777777777
743.4363044970287, 24.2722222222219
743.8355993712896, -4.854444444444198
744.2348311452458, -67.96222222222195
744.6339997983753, -63.107777777777756
745.0331053101557, 67.96222222222241
745.432147660065, -70.3894444444445
745.8311268275811, 55.826111111111004
746.230042792182, 53.398888888888905
746.6288955333454, 21.8449999999998
747.0276850305493, 19.4177777777777
747.4264112632713, -2.4272222222225537
747.8250742109897, 9.708888888889305
748.2236738531822, -143.2061111111111
748.6222101693266, 77.67111111111126
749.0206831389012, -9.70888888888885
749.4190927413832, -33.98111111111075
749.817438956251, 9.70888888888885
750.2157217629822, 60.68055555555566
750.6139411410547, 82.52555555555546
751.0120970699468, 0.0
751.4101895291359, 21.8449999999998
751.8082184981, -116.50666666666666
752.2061839563171, 21.8449999999998
752.604085883265, -50.971666666666806
753.0019242584217, -29.12666666666655
753.399699061265, 0.0
753.7974102712727, -4.854444444444653
754.1950578679227, 84.95277777777756
754.5926418306931, -46.11722222222215
754.9901621390615, 33.981111111111204
755.387618772506, -33.981111111111204
755.7850117105044, 2.427222222222099
756.1823409325345, -65.53499999999985
756.5796064180743, 55.826111111111004
756.9768081466016, -2.427222222222099
757.3739460975944, 2.4272222222225537
757.7710202505305, 29.12666666666655
758.1680305848877, -26.699444444444453
758.564977080144, 19.4177777777777
758.9618597157773, 41.2627777777775
759.3586784712656, -48.54444444444425
759.7554333260865, 0.0
760.1521242597179, -4.854444444444198
760.5487512516379, -43.690000000000055
760.9453142813243, -94.66166666666686
761.341813328255, -14.563333333333503
761.738248371908, -48.54444444444425
762.1346193917608, 12.13611111111095
762.5309263672914, 31.55388888888865
762.927169277978, 7.2816666666667516
763.3233481032983, 60.6805555555552
763.7194628227302, 77.6711111111108
764.1155134157514, 118.93388888888876
764.5114998618401, -111.65222222222246
764.9074221404738, -2.427222222222099
765.3032802311308, -46.11722222222215
765.6990741132888, -33.981111111111204
766.0948037664257, -53.398888888888905
766.4904691700191, 2.427222222222099
766.8860703035473, 43.690000000000055
767.2816071464881, -75.24388888888916
767.6770796783193, -12.136111111111404
768.0724878785187, -80.09833333333336
768.4678317265643, -9.70888888888885
768.8631112019339, -46.11722222222215
769.2583262841056, 92.2344444444443
769.653476952557, 65.53499999999985
770.0485631867662, -58.2533333333331
770.4435849662109, -14.563333333333048
770.8385422703691, 19.4177777777777
771.2334350787187, 7.2816666666667516
771.6282633707374, -2.427222222222099
772.0230271259036, 97.08888888888896
772.4177263236944, -46.11722222222215
772.8123609435884, -14.563333333333503
773.2069309650631, -7.281666666666297
773.6014363675963, 75.2438888888887
773.9958771306663, 14.563333333333048
774.3902532337505, -19.4177777777777
774.7845646563271, 36.4083333333333
775.1788113778739, -53.398888888888905
775.5729933778688, 67.96222222222241
775.9671106357898, 21.8449999999998
776.3611631311144, -4.854444444444198
776.755150843321, -7.2816666666667516
777.1490737518869, -21.845000000000255
777.5429318362906, -33.981111111111204
777.9367250760095, 46.11722222222261
778.3304534505218, -46.11722222222261
778.7241169393052, -70.3894444444445
779.1177155218376, 19.4177777777777
779.5112491775968, -89.80722222222221
779.904717886061, -26.699444444444453
780.2981216267079, 31.553888888889105
780.6914603790154, 29.12666666666655
781.0847341224612, -53.398888888888905
781.4779428365234, 70.3894444444445
781.8710865006798, -7.2816666666667516
782.2641650944086, 29.12666666666655
782.657178597187, 38.8355555555554
783.0501269884934, -70.3894444444445
783.4430102478057, -111.65222222222246
783.8358283546014, 9.70888888888885
784.2285812883588, -58.25333333333356
784.6212690285556, 87.37999999999965
785.0138915546697, 38.8355555555554
785.4064488461789, 21.8449999999998
785.7989408825612, -63.107777777777756
786.1913676432944, 48.54444444444471
786.5837291078566, 38.8355555555554
786.9760252557254, -33.981111111111204
787.3682560663788, 2.427222222222099
787.7604215192946, -114.07944444444456
788.1525215939508, -58.25333333333356
788.5445562698254, 4.854444444444653
788.9365255263959, 46.11722222222215
789.3284293431406, -21.8449999999998
789.7202676995372, -2.427222222222099
790.1120405750635, -29.126666666667006
790.5037479491975, 31.55388888888865
790.8953898014171, 43.690000000000055
791.2869661112001, 65.53499999999985
791.6784768580243, 48.54444444444425
792.0699220213678, 43.690000000000055
792.4613015807084, 19.4177777777777
792.852615515524, 70.3894444444445
793.2438638052924, 53.398888888888905
793.6350464294916, -29.126666666667006
794.0261633675993, 55.826111111111004
794.4172145990937, 33.981111111111204
794.8082001034524, 9.70888888888885
795.1991198601534, 55.826111111111004
795.5899738486744, -106.79777777777736
795.9807620484936, -46.11722222222215
796.3714844390886, 26.699444444444453
796.7621409999376, 72.8166666666666
797.1527317105182, -2.427222222222099
797.5432565503083, 63.107777777777756
797.933715498786, -26.699444444444453
798.3241085354289, 70.3894444444445
798.7144356397151, 65.53500000000031
799.1046967911225, 4.854444444444198
799.4948919691287, -89.80722222222221
799.8850211532119, 75.2438888888887
800.2750843228498, -60.68055555555566
800.6650814575204, -67.96222222222241
801.0550125367017, -16.990555555555602
801.4448775398711, -89.80722222222221
801.8346764465069, -9.70888888888885
802.224409236087, -9.70888888888885
802.614075888089, -43.690000000000055
803.0036763819912, -48.54444444444425
803.393210697271, 0.0
803.7826788134066, -77.67111111111126
804.1720807098758, 24.2722222222219
804.5614163661564, -60.68055555555566
804.9506857617265, 77.67111111111126
805.3398888760638, 72.81666666666706
805.7290256886463, 24.272222222222354
806.1180961789518, 50.971666666666806
806.507100326458, -75.2438888888887
806.8960381106433, 43.690000000000055
807.2849095109851, -46.11722222222215
807.6737145069615, -12.136111111111404
808.0624530780502, -116.50666666666666
808.4511252037294, -29.12666666666655
808.8397308634767, -123.78833333333341
809.2282700367703, -16.990555555555602
809.6167427030877, -58.25333333333356
810.0051488419068, -38.8355555555554
810.3934884327059, 29.12666666666655
810.7817614549624, 21.845000000000255
811.1699678881547, 31.55388888888865
811.5581077117603, 67.96222222222241
811.946180905257, 67.96222222222195
812.3341874481231, -43.690000000000055
812.722127319836, -14.563333333333503
813.1100004998741, -70.3894444444445
813.4978069677148, 29.126666666667006
813.8855467028363, 19.4177777777777
814.2732196847163, 50.971666666666806
814.6608258928328, 21.8449999999998
815.0483653066638, 109.22500000000036
815.4358379056869, -67.96222222222241
815.82324366938, -24.272222222222354
816.2105825772212, 67.96222222222241
816.5978546086883, -43.690000000000055
816.9850597432592, 12.13611111111095
817.3721979604117, -14.563333333333503
817.7592692396238, -2.427222222222099
818.1462735603732, 67.96222222222241
818.5332109021379, 41.2627777777775
818.9200812443959, -2.427222222222099
819.306884566625, -2.4272222222225537
819.6936208483029, 80.09833333333336
820.0802900689077, -38.8355555555554
820.4668922079172, 2.427222222222099
820.8534272448094, 84.95277777777801
821.239895159062, 63.107777777777756
821.626295930153, -60.68055555555566
822.0126295375603, 43.690000000000055
822.3988959607616, 4.854444444444198
822.785095179235, 4.854444444444198
823.1712271724583, -7.281666666666297
823.5572919199096, -36.4083333333333
823.9432894010663, -16.990555555555602
824.3292195954066, -55.826111111111004
824.7150824824083, 55.826111111111004
825.1008780415495, -53.398888888888905
825.486606252308, -46.11722222222215
825.8722670941613, -43.690000000000055
826.2578605465877, -21.8449999999998
826.643386589065, 16.990555555555602
827.028845201071, 104.37055555555571
827.4142363620837, -48.54444444444425
827.7995600515808, 80.09833333333336
828.1848162490403, 19.4177777777777
828.5700049339401, 36.4083333333333
828.9551260857583, -9.70888888888885
829.3401796839723, 63.107777777777756
829.7251657080603, 92.2344444444443
830.1100841375, 4.854444444444653
830.4949349517696, -36.4083333333333
830.8797181303465, -19.4177777777777
831.264433652709, -104.37055555555571
831.649081498335, -99.51611111111106
832.0336616467022, 16.990555555555602
832.4181740772884, -21.8449999999998
832.8026187695717, -14.563333333333048
833.1869957030299, 106.79777777777781
833.5713048571408, 60.6805555555552
833.9555462113824, 82.52555555555546
834.3397197452325, 46.11722222222261
834.723825438169, 16.990555555555147
835.1078632696698, 53.398888888888905
835.4918332192129, -50.97166666666635
835.875735266276, -2.427222222222099
836.259569390337, 72.8166666666666
836.6433355708738, -2.427222222222099
837.0270337873644, 16.990555555555602
837.4106640192867, 26.699444444444453
837.7942262461185, 72.8166666666666
838.1777204473375, 36.4083333333333
838.5611466024219, -24.2722222222219
838.9445046908494, 65.53499999999985
839.3277946920979, -101.94333333333361
839.7110165856454, 114.07944444444456
840.0941703509696, 77.6711111111108
840.4772559675484, -55.826111111111004
840.8602734148599, -43.690000000000055
841.2432226723819, 94.6616666666664
841.6261037195922, -26.699444444444453
842.0089165359686, 0.0
842.3916611009893, -9.70888888888885
842.7743373941316, -7.2816666666667516
843.156945394874, -67.96222222222241
843.5394850826943, -29.12666666666655
843.9219564370701, -14.563333333333503
844.3043594374793, -24.272222222222354
844.6866940634001, 9.70888888888885
845.06896029431, 14.563333333333048
845.4511581096873, 14.563333333333048
845.8332874890094, -26.699444444444453
846.2153484117546, 12.13611111111095
846.5973408574006, 14.563333333333503
846.9792648054253, -12.13611111111095
847.3611202353064, -46.11722222222215
847.7429071265223, -94.66166666666686
848.1246254585504, -50.97166666666635
848.5062752108686, 80.09833333333336
848.8878563629551, 46.11722222222215
849.2693688942875, -7.2816666666667516
849.6508127843439, 2.427222222222099
850.0321880126021, -38.83555555555586
850.4134945585397, -72.8166666666666
850.7947324016351, -60.68055555555566
851.1759015213659, 116.50666666666666
851.55700189721, 19.4177777777777
851.9380335086452, -9.70888888888885
852.3189963351494, -7.2816666666667516
852.6998903562007, 4.854444444444198
853.0807155512767, 9.70888888888885
853.4614718998556, 97.08888888888896
853.8421593814152, 9.70888888888885
854.2227779754331, 138.35166666666646
854.6033276613874, -26.699444444443998
854.983808418756, 58.2533333333331
855.3642202270167, -58.25333333333356
855.7445630656476, -67.96222222222195
856.1248369141263, -46.11722222222215
856.5050417519308, -14.563333333333048
856.8851775585389, 92.23444444444476
857.2652443134286, -48.54444444444425
857.6452419960779, -58.2533333333331
858.0251705859644, 9.70888888888885
858.4050300625662, -89.80722222222221
858.784820405361, -26.699444444444453
859.1645415938268, 48.54444444444425
859.5441936074416, 9.70888888888885
859.923776425683, 72.8166666666666
860.3032900280291, 186.89611111111117
860.6827343939576, 50.971666666666806
861.0621095029466, 4.854444444444198
861.441415334474, -48.54444444444471
861.8206518680174, 50.971666666666806
862.1998190830549, 24.2722222222219
862.5789169590645, 7.2816666666667516
862.9579454755236, -36.4083333333333
863.3369046119107, -58.25333333333356
863.7157943477033, -41.2627777777775
864.0946146623794, -7.2816666666667516
864.4733655354167, -16.990555555555147
864.8520469462933, 24.272222222222354
865.2306588744871, 33.98111111111075
865.609201299476, 104.37055555555571
865.9876742007377, -4.854444444444653
866.3660775577501, -4.854444444444198
866.7444113499912, -84.95277777777756
867.1226755569388, 16.990555555555602
867.500870158071, 48.54444444444471
867.8789951328655, -60.68055555555566
868.2570504608001, 60.6805555555552
868.6350361213526, -70.3894444444445
869.0129520940013, -36.4083333333333
869.3907983582237, 0.0
869.7685748934982, -46.11722222222215
870.146281679302, 29.12666666666655
870.5239186951134, -29.12666666666655
870.90148592041, 7.2816666666667516
871.27898333467, 24.272222222222354
871.6564109173712, -4.854444444444198
872.0337686479913, 97.08888888888896
872.4110565060084, -9.70888888888885
872.7882744709003, 89.80722222222221
873.1654225221448, 2.427222222222099
873.5425006392201, 12.13611111111095
873.9195088016037, 58.25333333333356
874.2964469887736, -77.67111111111126
874.6733151802077, -9.70888888888885
875.050113355384, 33.981111111111204
875.4268414937803, 41.262777777777956
875.8034995748744, -82.52555555555546
876.1800875781444, -29.12666666666655
876.5566054830679, 72.81666666666706
876.9330532691229, -36.4083333333333
877.3094309157873, -38.8355555555554
877.6857384025392, 46.11722222222261
878.061975708856, -19.4177777777777
878.438142814216, -36.4083333333333
878.8142396980969, 67.96222222222195
879.1902663399766, -53.398888888888905
879.5662227193332, -14.563333333333503
879.9421088156442, -24.2722222222219
880.3179246083878, -31.55388888888865
880.6936700770416, 14.563333333333503
881.0693452010837, 46.11722222222215
881.4449499599921, -7.2816666666667516
881.8204843332443, -36.4083333333333
882.1959483003185, 94.66166666666686
882.5713418406924, 41.2627777777775
882.9466649338441, 21.8449999999998
883.3219175592512, -14.563333333333048
883.6970996963919, 31.55388888888865
884.0722113247438, -4.854444444444198
884.4472524237849, 53.398888888888905
884.822222972993, 7.2816666666667516
885.1971229518462, -80.09833333333336
885.5719523398224, -29.126666666667006
885.9467111163991, -26.699444444444453
886.3213992610544, 7.281666666666297
886.6960167532662, -21.8449999999998
887.0705635725126, 21.845000000000255
887.4450396982711, 92.2344444444443
887.8194451100198, -26.699444444444453
888.1937797872365, 33.981111111111204
888.568043709399, -26.699444444443998
888.9422368559856, 0.0
889.3163592064737, 80.09833333333336
889.6904107403415, -43.690000000000055
890.0643914370667, -94.66166666666686
890.438301276127, -14.563333333333503
890.8121402370008, -38.83555555555586
891.1859082991656, 126.21555555555551
891.5596054420996, -31.553888888889105
891.9332316452803, 38.83555555555586
892.3067868881857, -41.262777777777956
892.6802711502938, 0.0
893.0536844110824, 101.94333333333316
893.4270266500296, 2.4272222222225537
893.8002978466128, -33.981111111111204
894.1734979803103, 9.70888888888885
894.5466270305999, 72.8166666666666
894.9196849769595, -41.262777777777956
895.2926717988669, -4.854444444444198
895.6655874758, 26.699444444444453
896.0384319872365, -63.107777777777756
896.4112053126547, 60.68055555555566
896.7839074315323, 99.51611111111151
897.156538323347, -7.2816666666667516
897.529097967577, 89.80722222222221
897.9015863436998, 123.78833333333341
898.2740034311936, 41.2627777777775
898.6463492095362, 2.427222222222099
899.0186236582055, -33.981111111111204
899.3908267566794, -104.37055555555526
899.7629584844356, 16.990555555555602
900.1350188209522, 0.0
900.5070077457069, 16.990555555555147
900.8789252381778, -31.553888888889105
901.2507712778427, 82.52555555555591
901.6225458441793, -19.4177777777777
901.9942489166658, -4.854444444444198
902.3658804747797, -24.2722222222219
902.7374404979993, 70.3894444444445
903.1089289658024, 16.990555555555147
903.4803458576665, -24.272222222222354
903.8516911530699, 104.37055555555571
904.2229648314902, -75.2438888888887
904.5941668724056, 21.8449999999998
904.9652972552939, 9.70888888888885
905.3363559596327, -50.971666666666806
905.7073429649, 48.54444444444425
906.0782582505739, 67.96222222222195
906.4491017961321, 77.6711111111108
906.8198735810525, 77.6711111111108
907.1905735848133, 2.4272222222225537
907.5612017868917, 67.96222222222195
907.9317581667661, -4.854444444444653
908.3022427039143, 14.563333333333503
908.6726553778141, 29.12666666666655
909.0429961679436, -24.272222222222354
909.4132650537804, -43.6899999999996
909.7834620148025, -16.990555555555602
910.1535870304876, -50.971666666666806
910.523640080314, 19.4177777777777
910.8936211437593, -2.427222222222099
911.2635302003015, 75.24388888888916
911.6333672294182, -67.96222222222241
912.0031322105876, 53.398888888888905
912.3728251232876, -97.08888888888896
912.742445946996, 16.990555555555602
913.1119946611905, 21.8449999999998
913.4814712453491, 82.52555555555591
913.8508756789498, -75.2438888888887
914.2202079414703, -77.6711111111108
914.5894680123887, 36.4083333333333
914.9586558711829, 58.25333333333356
915.3277714973304, 7.281666666666297
915.6968148703095, 9.70888888888885
916.0657859695979, -14.563333333333048
916.4346847746734, 84.95277777777756
916.8035112650142, 0.0
917.1722654200979, -38.8355555555554
917.5409472194023, 29.12666666666655
917.9095566424055, 46.11722222222215
918.2780936685854, -80.09833333333336
918.6465582774198, 4.854444444444198
919.0149504483866, -24.2722222222219
919.3832701609637, 101.94333333333361
919.7515173946289, -9.70888888888885
920.1196921288599, 2.427222222222099
920.4877943431352, 2.427222222222099
920.8558240169323, -55.826111111111004
921.223781129729, 46.11722222222261
921.5916656610033, 82.52555555555591
921.9594775902328, -14.563333333333503
922.327216896896, -16.990555555555602
922.6948835604703, 41.2627777777775
923.0624775604338, -46.11722222222215
923.4299988762641, 7.2816666666667516
923.7974474874394, -41.2627777777775
924.1648233734376, -24.272222222222354
924.5321265137363, 53.39888888888845
924.8993568878135, 29.126666666667006
925.2665144751472, 82.52555555555546
925.6335992552152, 7.2816666666667516
926.0006112074952, 2.427222222222099
926.3675503114656, 2.427222222222099
926.7344165466038, -72.8166666666666
927.1012098923877, 60.68055555555566
927.4679303282956, -60.6805555555552
927.8345778338048, -43.690000000000055
928.2011523883937, 55.826111111111004
928.5676539715399, 21.845000000000255
928.9340825627213, -7.2816666666667516
929.300438141416, -4.854444444444653
929.6667206871015, -7.2816666666667516
930.032930179256, -41.2627777777775
930.3990665973574, 24.272222222222354
930.7651299208834, -84.95277777777801
931.131120129312, 55.826111111111004
931.497037202121, -29.126666666667006
931.8628811187882, 92.2344444444443
932.2286518587919, 46.11722222222215
932.5943494016095, 16.990555555555602
932.959973726719, -26.699444444444453
933.3255248135985, 67.96222222222241
933.6910026417256, -21.8449999999998
934.0564071905786, -21.8449999999998
934.421738439635, -16.990555555555602
934.7869963683726, 46.11722222222261
935.1521809562696, -33.98111111111075
935.5172921828038, -53.398888888888905
935.882330027453, -126.21555555555551
936.2472944696952, 0.0
936.6121854890082, 38.8355555555554
936.9770030648699, -36.4083333333333
937.3417471767581, -46.11722222222215
937.7064178041509, 0.0
938.071014926526, -43.690000000000055
938.4355385233613, 29.126666666667006
938.7999885741348, -14.563333333333503
939.1643650583242, 4.854444444444198
939.5286679554074, 43.690000000000055
939.8928972448628, 26.699444444444453
940.2570529061674, -48.54444444444425
940.6211349187996, 89.80722222222221
940.9851432622372, -41.262777777777956
941.3490779159583, -26.699444444444453
941.7129388594406, 43.690000000000055
942.0767260721618, -14.563333333333048
942.4404395336, 65.53499999999985
942.8040792232331, 29.126666666667006
943.1676451205389, -12.13611111111095
943.5311372049953, 26.699444444444453
943.8945554560802, 55.82611111111146
944.2578998532713, -53.398888888888905
944.621170376047, -53.398888888888905
944.9843670038847, -16.990555555555602
945.3474897162623, -50.971666666666806
945.710538492658, -9.708888888889305
946.0735133125493, 94.66166666666686
946.4364141554144, 31.553888888889105
946.7992410007312, 43.690000000000055
947.1619938279771, -97.08888888888896
947.5246726166306, 72.81666666666706
947.8872773461691, -2.4272222222225537
948.2498079960709, -82.52555555555546
948.6122645458137, 41.2627777777775
948.9746469748751, -9.70888888888885
949.3369552627336, -84.95277777777801
949.6991893888663, 21.845000000000255
950.0613493327519, -114.07944444444456
950.4234350738678, -101.94333333333361
950.7854465916919, -4.854444444444653
951.1473838657021, -55.82611111111146
951.5092468753764, -43.690000000000055
951.871035600193, 55.826111111111004
952.2327500196291, -26.699444444444453
952.5943901131628, -21.845000000000255
952.9559558602721, -48.54444444444425
953.3174472404351, 41.2627777777775
953.6788642331294, 43.690000000000055
954.040206817833, 4.854444444444198
954.4014749740235, 9.70888888888885
954.7626686811789, -33.981111111111204
955.1237879187775, -46.11722222222215
955.4848326662968, 21.845000000000255
955.8458029032148, -12.13611111111095
956.2066986090091, -63.107777777777756
956.5675197631579, -26.699444444444453
956.9282663451391, -31.55388888888865
957.2889383344307, 50.971666666666806
957.6495357105102, 29.12666666666655
958.0100584528556, -65.53499999999985
958.3705065409446, -21.8449999999998
958.7308799542557, 31.553888888889105
959.0911786722664, -53.398888888888905
959.4514026744546, 67.96222222222195
959.8115519402979, -138.35166666666692
960.1716264492745, -9.70888888888885
960.5316261808625, 7.281666666666297
960.8915511145395, 41.262777777777956
961.2514012297835, 101.94333333333316
961.6111765060718, 80.09833333333336
961.9708769228831, 101.94333333333361
962.330502459695, -2.427222222222099
962.6900530959854, -67.96222222222241
963.0495288112322, 84.95277777777756
963.4089295849129, -41.262777777777956
963.7682553965058, -16.990555555555602
964.1275062254888, 16.990555555555602
964.4866820513397, 48.54444444444425
964.8457828535363, 4.854444444444198
965.2048086115565, 94.66166666666686
965.5637593048781, 21.8449999999998
965.9226349129792, -9.70888888888885
966.2814354153378, 0.0
966.6401607914315, -55.826111111111004
966.998811020738, -16.990555555555602
967.3573860827355, -16.990555555555602
967.715885956902, -9.70888888888885
968.0743106227152, -82.52555555555546
968.4326600596529, -7.2816666666667516
968.7909342471929, 14.563333333333503
969.1491331648133, -33.981111111111204
969.5072567919922, -29.12666666666655
969.8653051082072, 60.68055555555566
970.2232780929362, 36.4083333333333
970.5811757256569, 12.13611111111095
970.9389979858473, 16.990555555555602
971.2967448529856, 0.0
971.6544163065495, 12.13611111111095
972.0120123260166, -19.4177777777777
972.3695328908652, 36.4083333333333
972.7269779805728, -94.6616666666664
973.0843475746177, 33.981111111111204
973.4416416524775, -36.4083333333333
973.7988601936299, 24.272222222222354
974.1560031775534, 50.971666666666806
974.5130705837252, -77.67111111111126
974.8700623916237, -2.4272222222225537
975.2269785807267, 36.4083333333333
975.5838191305116, 16.990555555555602
975.940584020457, 60.6805555555552
976.2972732300401, -53.398888888888905
976.6538867387394, 33.981111111111204
977.0104245260326, 48.54444444444425
977.366886571397, 55.826111111111004
977.7232728543113, -89.80722222222221
978.079583354253, 65.53499999999985
978.4358180507, 75.2438888888887
978.7919769231304, 106.79777777777781
979.1480599510217, 26.699444444444453
979.5040671138518, -38.8355555555554
979.8599983910992, -99.51611111111106
980.2158537622412, -128.64277777777806
980.5716332067559, 121.36111111111131
980.9273367041209, 43.690000000000055
981.2829642338144, 19.4177777777777
981.6385157753143, 26.699444444444453
981.9939913080984, -7.2816666666667516
982.3493908116445, 80.0983333333329
982.7047142654303, -36.4083333333333
983.0599616489342, 14.563333333333503
983.4151329416338, 7.2816666666667516
983.770228123007, -53.398888888888905
984.1252471725317, 16.990555555555147
984.4801900696855, 75.2438888888887
984.8350567939466, 31.55388888888865
985.189847324793, -60.68055555555566
985.5445616417024, 16.990555555555602
985.8991997241528, -41.262777777777956
986.2537615516217, 48.54444444444471
986.6082471035874, -16.990555555555602
986.9626563595276, -14.563333333333503
987.3169892989204, -12.13611111111095
987.6712459012435, 2.427222222222099
988.0254261459746, -63.107777777777756
988.3795300125918, -53.398888888888905
988.733557480573, 123.78833333333341
989.0875085293962, 186.89611111111117
989.4413831385392, 55.826111111111004
989.7951812874794, 50.971666666666806
990.1489029556951, -2.427222222222099
990.5025481226647, 38.8355555555554
990.8561167678653, 26.699444444444453
991.2096088707751, 0.0
991.5630244108718, 7.2816666666667516
991.9163633676334, 12.13611111111095
992.269625720538, -53.398888888888905
992.6228114490633, 65.53499999999985
992.9759205326872, -33.981111111111204
993.3289529508872, 24.272222222222354
993.6819086831417, 38.83555555555586
994.0347877089287, -2.427222222222099
994.3875900077255, -4.854444444444198
994.7403155590106, -70.3894444444445
995.0929643422612, -50.97166666666635
995.4455363369556, 14.563333333333503
995.7980315225718, -48.54444444444425
996.1504498785876, 65.53499999999985
996.5027913844808, 4.854444444444198
996.8550560197291, 118.93388888888876
997.2072437638105, -12.13611111111095
997.5593545962032, -53.398888888888905
997.9113884963849, 29.12666666666655
998.2633454438334, -84.95277777777756
998.6152254180263, 58.25333333333356
998.967028398442, -16.990555555555602
999.3187543645583, 60.68055555555566
999.6704032958529, -4.854444444444653
1000.0219751718037, 4.854444444444198
1000.3734699718887, -9.70888888888885
1000.7248876755855, -94.66166666666686
1001.0762282623723, -106.79777777777781
1001.4274917117272, -36.4083333333333
1001.7786780031272, -21.845000000000255
1002.1297871160513, -67.96222222222241
1002.4808190299765, -36.4083333333333
1002.831773724381, 4.854444444444653
1003.1826511787431, 67.96222222222241
1003.5334513725397, 36.4083333333333
1003.8841742852499, 53.398888888888905
1004.2348198963505, 29.12666666666655
1004.58538818532, 2.427222222222099
1004.9358791316362, 33.981111111111204
1005.2862927147766, -48.54444444444425
1005.6366289142197, -12.136111111111404
1005.9868877094427, 33.981111111111204
1006.3370690799243, 72.8166666666666
1006.6871730051417, -21.845000000000255
1007.0371994645731, 155.34222222222252
1007.387148437696, 63.107777777777756
1007.7370199039891, -31.55388888888865
1008.0868138429296, -7.2816666666667516
1008.4365302339957, -2.427222222222099
1008.7861690566647, 24.272222222222354
1009.135730290415, 21.845000000000255
1009.4852139147247, -67.96222222222241
1009.8346199090714, 29.126666666667006
1010.183948252933, -48.54444444444425
1010.5331989257868, -31.553888888889105
1010.8823719071117, 116.50666666666666
1011.2314671763851, -19.417777777778156
1011.5804847130852, 58.25333333333356
1011.9294244966892, -48.54444444444471
1012.2782865066753, 19.4177777777777
1012.6270707225216, 48.54444444444425
1012.9757771237059, 9.70888888888885
1013.3244056897063, 87.38000000000011
1013.6729564000002, -19.417777777778156
1014.0214292340655, -14.563333333333048
1014.3698241713803, 33.981111111111204
1014.7181411914225, 33.981111111111204
1015.0663802736703, 19.4177777777777
1015.414541397601, 14.563333333333503
1015.7626245426926, -26.699444444444453
1016.1106296884232, -31.553888888889105
1016.4585568142705, 31.55388888888865
1016.8064058997128, 77.67111111111126
1017.1541769242275, 41.262777777777956
1017.5018698672923, 72.8166666666666
1017.8494847083857, 89.80722222222221
1018.1970214269853, 99.51611111111151
1018.544480002569, 38.8355555555554
1018.8918604146148, -77.6711111111108
1019.2391626426003, -109.22499999999991
1019.5863866660034, 48.54444444444471
1019.9335324643024, -29.12666666666655
1020.2806000169747, 58.2533333333331
1020.6275893034986, 97.08888888888896
1020.9745003033515, 87.38000000000011
1021.3213329960116, -9.70888888888885
1021.6680873609569, -33.98111111111075
1022.0147633776651, -43.690000000000055
1022.3613610256143, 63.107777777777756
1022.7078802842818, 43.690000000000055
1023.054321133146, -9.70888888888885
1023.4006835516849, 16.990555555555602
1023.7469675193759, 94.66166666666686
1024.0931730156972, 41.2627777777775
1024.4393000201267, 60.68055555555566
1024.785348512142, 53.398888888888905
1025.1313184712212, 50.971666666666806
1025.4772098768424, -84.95277777777801
1025.8230227084832, -67.96222222222241
1026.1687569456215, -53.398888888888905
1026.5144125677348, 36.4083333333333
1026.8599895543018, -9.70888888888885
1027.2054878848003, 19.4177777777777
1027.5509075387072, -67.96222222222241
1027.8962484955014, -2.427222222222099
1028.2415107346603, -38.83555555555586
1028.586694235662, -19.4177777777777
1028.9317989779845, -38.8355555555554
1029.2768249411054, -53.398888888888905
1029.6217721045025, -53.398888888888905
1029.9666404476538, -53.398888888888905
