# FLAME spectrum data format
# Time of snapshot: 2021-04-19T18:40:42Eastern Standard Time
# Number of frames accumulated: 0
# Scan time per exposure [us]: 100000
# Wavelength [nm], Intensity [count]:
189.1861363086452, 1902.9422222222222
189.64926416366848, 1912.651111111111
190.11235512512943, 1922.36
190.57540917250594, 1788.8627777777779
191.03842628527582, 1900.515
191.50140644291702, 1941.7777777777778
191.9643496249074, 1958.7683333333334
192.4272558107249, 2017.0216666666668
192.89012497984731, 1934.496111111111
193.35295711175254, 2009.74
193.81575218591854, 1987.895
194.27851018182312, 1980.6133333333332
194.7412310789442, 2000.0311111111112
195.20391485675964, 2109.2561111111113
195.66656149474733, 2055.8572222222224
196.12917097238517, 2058.2844444444445
196.59174326915107, 2138.382777777778
197.05427836452282, 2216.053888888889
197.51677623797838, 2148.0916666666667
197.97923686899566, 2145.6644444444446
198.44166023705247, 2172.363888888889
198.9040463216267, 2182.072777777778
199.36639510219626, 2264.5983333333334
199.82870655823908, 2254.8894444444445
200.29098066923297, 2254.8894444444445
200.7532174146558, 2325.278888888889
201.21541677398554, 2334.987777777778
201.6775787267, 2274.307222222222
202.13970325227712, 2308.2883333333334
202.60179033019475, 2254.8894444444445
203.06383993993072, 2301.0066666666667
203.52585206096302, 2325.278888888889
203.9878266727695, 2274.307222222222
204.44976375482798, 2349.551111111111
204.91166328661643, 2342.2694444444446
205.3735252476127, 2259.7438888888887
205.83534961729464, 2334.987777777778
206.2971363751402, 2332.5605555555558
206.75888550062717, 2361.6872222222223
207.22059697323357, 2356.8327777777777
207.68227077243716, 2320.4244444444444
208.14390687771592, 2436.931111111111
208.6055052685476, 2376.2505555555554
209.0670659244102, 2308.2883333333334
209.5285888247816, 2320.4244444444444
209.99007394913966, 2308.2883333333334
210.4515212769622, 2405.3772222222224
210.9129307877272, 2344.6966666666667
211.3743024609125, 2393.241111111111
211.835636275996, 2322.8516666666665
212.29693221245557, 2301.0066666666667
212.7581902497691, 2315.57
213.21941036741444, 2330.133333333333
213.68059254486954, 2339.842222222222
214.14173676161224, 2342.2694444444446
214.60284299712043, 2274.307222222222
215.06391123087198, 2354.4055555555556
215.52494144234484, 2308.2883333333334
215.9859336110168, 2308.2883333333334
216.4468877163658, 2313.1427777777776
216.9078037378697, 2308.2883333333334
217.36868165500644, 2339.842222222222
217.82952144725382, 2330.133333333333
218.29032309408976, 2213.6266666666666
218.75108657499214, 2254.8894444444445
219.2118118694389, 2286.443333333333
219.67249895690784, 2274.307222222222
220.13314781687689, 2361.6872222222223
220.5937584288239, 2361.6872222222223
221.0543307722268, 2415.086111111111
221.51486482656347, 2349.551111111111
221.97536057131174, 2347.123888888889
222.43581798594948, 2298.5794444444446
222.8962370499547, 2322.8516666666665
223.35661774280518, 2320.4244444444444
223.81696004397878, 2313.1427777777776
224.2772639329535, 2354.4055555555556
224.73752938920714, 2281.588888888889
225.1977563922176, 2230.617222222222
225.65794492146279, 2308.2883333333334
226.1180949564205, 2298.5794444444446
226.57820647656874, 2247.6077777777778
227.03827946138532, 2332.5605555555558
227.4983138903481, 2296.152222222222
227.95830974293503, 2310.7155555555555
228.418266998624, 2344.6966666666667
228.87818563689282, 2349.551111111111
229.33806563721944, 2347.123888888889
229.79790697908172, 2242.7533333333336
230.25770964195752, 2322.8516666666665
230.71747360532476, 2354.4055555555556
231.1771988486613, 2308.2883333333334
231.63688535144504, 2388.3866666666668
232.09653309315385, 2327.706111111111
232.5561420532656, 2381.105
233.01571221125823, 2320.4244444444444
233.4752435466096, 2305.8611111111113
233.93473603879755, 2327.706111111111
234.3941896673, 2373.8233333333333
234.85360441159483, 2284.016111111111
235.31298025115996, 2298.5794444444446
235.77231716547317, 2349.551111111111
236.23161513401246, 2315.57
236.69087413625567, 2281.588888888889
237.15009415168063, 2327.706111111111
237.60927515976533, 2262.1711111111113
238.0684171399876, 2356.8327777777777
238.52752007182528, 2325.278888888889
238.9865839347563, 2288.8705555555557
239.44560870825856, 2296.152222222222
239.90459437180988, 2317.9972222222223
240.36354090488823, 2388.3866666666668
240.82244828697142, 2349.551111111111
241.28131649753738, 2334.987777777778
241.740145516064, 2310.7155555555555
242.1989353220291, 2291.297777777778
242.65768589491063, 2269.4527777777776
243.1163972141864, 2284.016111111111
243.5750692593344, 2281.588888888889
244.03370200983244, 2298.5794444444446
244.49229544515842, 2366.5416666666665
244.95084954479023, 2305.8611111111113
245.40936428820572, 2284.016111111111
245.8678396548828, 2308.2883333333334
246.3262756242994, 2373.8233333333333
246.7846721759333, 2305.8611111111113
247.2430292892625, 2305.8611111111113
247.7013469437648, 2317.9972222222223
248.15962511891811, 2286.443333333333
248.61786379420033, 2330.133333333333
249.0760629490893, 2373.8233333333333
249.53422256306294, 2339.842222222222
249.9923426155991, 2349.551111111111
250.4504230861757, 2315.57
250.90846395427067, 2327.706111111111
251.3664651993618, 2320.4244444444444
251.82442680092703, 2254.8894444444445
252.2823487384442, 2351.9783333333335
252.7402309913912, 2310.7155555555555
253.19807353924597, 2339.842222222222
253.65587636148632, 2313.1427777777776
254.1136394375902, 2381.105
254.57136274703547, 2356.8327777777777
255.02904626929998, 2347.123888888889
255.48668998386165, 2376.2505555555554
255.94429387019835, 2371.396111111111
256.401857907788, 2381.105
256.8593820761084, 2305.8611111111113
257.3168663546375, 2330.133333333333
257.77431072285316, 2388.3866666666668
258.2317151602333, 2284.016111111111
258.6890796462558, 2230.617222222222
259.14640416039845, 2252.4622222222224
259.6036886821393, 2288.8705555555557
260.0609331909561, 2351.9783333333335
260.51813766632677, 2254.8894444444445
260.9753020877292, 2276.7344444444443
261.4324264346412, 2332.5605555555558
261.8895106865408, 2373.8233333333333
262.3465548229058, 2337.415
262.8035588232141, 2293.725
263.26052266694353, 2349.551111111111
263.717446333572, 2322.8516666666665
264.1743298025776, 2349.551111111111
264.6311730534378, 2364.1144444444444
265.0879760656308, 2317.9972222222223
265.5447388186344, 2308.2883333333334
266.00146129192643, 2366.5416666666665
266.4581434649849, 2337.415
266.91478531728757, 2291.297777777778
267.3713868283124, 2330.133333333333
267.82794797753724, 2427.222222222222
268.28446874443995, 2334.987777777778
268.7409491084984, 2296.152222222222
269.19738904919063, 2342.2694444444446
269.6537885459943, 2337.415
270.1101475783875, 2308.2883333333334
270.56646612584797, 2320.4244444444444
271.0227441678536, 2368.968888888889
271.4789816838824, 2371.396111111111
271.93517865341204, 2344.6966666666667
272.3913350559207, 2378.677777777778
272.84745087088595, 2361.6872222222223
273.3035260777859, 2288.8705555555557
273.7595606560983, 2298.5794444444446
274.2155545853011, 2378.677777777778
274.6715078448722, 2337.415
275.1274204142894, 2337.415
275.58329227303074, 2325.278888888889
276.0391234005739, 2339.842222222222
276.4949137763969, 2361.6872222222223
276.9506633799776, 2296.152222222222
277.4063721907939, 2334.987777777778
277.8620401883236, 2364.1144444444444
278.3176673520446, 2395.6683333333335
278.773253661435, 2405.3772222222224
279.22879909597236, 2388.3866666666668
279.68430363513477, 2359.26
280.1397672584, 2339.842222222222
280.595189945246, 2388.3866666666668
281.05057167515076, 2354.4055555555556
281.5059124275919, 2259.7438888888887
281.9612121820476, 2376.2505555555554
282.4164709179954, 2332.5605555555558
282.87168861491347, 2293.725
283.3268652522797, 2281.588888888889
283.78200080957174, 2305.8611111111113
284.2370952662677, 2301.0066666666667
284.6921486018453, 2313.1427777777776
285.14716079578255, 2390.813888888889
285.60213182755723, 2347.123888888889
286.0570616766474, 2344.6966666666667
286.5119503225307, 2356.8327777777777
286.9667977446852, 2351.9783333333335
287.4216039225886, 2327.706111111111
287.87636883571895, 2402.95
288.33109246355417, 2320.4244444444444
288.785774785572, 2436.931111111111
289.2404157812505, 2366.5416666666665
289.6950154300672, 2296.152222222222
290.14957371150035, 2364.1144444444444
290.60409060502775, 2313.1427777777776
291.05856609012716, 2366.5416666666665
291.51300014627657, 2373.8233333333333
291.96739275295386, 2354.4055555555556
292.42174388963684, 2402.95
292.8760535358034, 2337.415
293.3303216709316, 2383.532222222222
293.7845482744991, 2325.278888888889
294.2387333259839, 2349.551111111111
294.6928768048639, 2301.0066666666667
295.14697869061683, 2432.076666666667
295.6010389627208, 2276.7344444444443
296.05505760065347, 2344.6966666666667
296.50903458389297, 2385.9594444444447
296.9629698919169, 2385.9594444444447
297.4168635042034, 2368.968888888889
297.8707154002302, 2368.968888888889
298.32452555947515, 2368.968888888889
298.7782939614164, 2315.57
299.2320205855315, 2281.588888888889
299.6857054112985, 2385.9594444444447
300.1393484181953, 2366.5416666666665
300.5929495856997, 2347.123888888889
301.0465088932897, 2398.0955555555556
301.50002632044306, 2332.5605555555558
301.9535018466377, 2315.57
302.40693545135156, 2398.0955555555556
302.8603271140625, 2320.4244444444444
303.31367681424837, 2293.725
303.7669845313871, 2342.2694444444446
304.2202502449565, 2373.8233333333333
304.6734739344345, 2366.5416666666665
305.12665557929904, 2361.6872222222223
305.57979515902787, 2385.9594444444447
306.03289265309905, 2366.5416666666665
306.4859480409903, 2359.26
306.93896130217956, 2388.3866666666668
307.39193241614487, 2376.2505555555554
307.8448613623638, 2325.278888888889
308.2977481203145, 2383.532222222222
308.75059266947466, 2444.212777777778
309.20339498932225, 2303.4338888888888
309.6561550593353, 2344.6966666666667
310.10887285899145, 2301.0066666666667
310.56154836776875, 2354.4055555555556
311.01418156514495, 2383.532222222222
311.46677243059804, 2376.2505555555554
311.9193209436059, 2436.931111111111
312.37182708364634, 2274.307222222222
312.8242908301973, 2368.968888888889
313.27671216273677, 2325.278888888889
313.7290910607424, 2301.0066666666667
314.1814275036922, 2337.415
314.63372147106406, 2385.9594444444447
315.08597294233584, 2381.105
315.53818189698546, 2310.7155555555555
315.99034831449075, 2381.105
316.44247217432957, 2320.4244444444444
316.8945534559799, 2364.1144444444444
317.3465921389196, 2313.1427777777776
317.7985882026266, 2337.415
318.2505416265786, 2415.086111111111
318.7024523902536, 2274.307222222222
319.1543204731295, 2334.987777777778
319.6061458546842, 2274.307222222222
320.0579285143956, 2373.8233333333333
320.50966843174143, 2276.7344444444443
320.9613655861997, 2371.396111111111
321.4130199572483, 2325.278888888889
321.86463152436505, 2327.706111111111
322.3162002670279, 2402.95
322.76772616471476, 2315.57
323.2192091969033, 2347.123888888889
323.6706493430717, 2407.8044444444445
324.1220465826977, 2383.532222222222
324.5734008952591, 2339.842222222222
325.0247122602339, 2359.26
325.4759806571, 2325.278888888889
325.9272060653352, 2288.8705555555557
326.3783884644174, 2339.842222222222
326.8295278338246, 2347.123888888889
327.2806241530346, 2419.9405555555554
327.7316774015252, 2305.8611111111113
328.1826875587743, 2339.842222222222
328.63365460425996, 2313.1427777777776
329.08457851745993, 2301.0066666666667
329.5354592778521, 2288.8705555555557
329.9862968649143, 2325.278888888889
330.4370912581245, 2293.725
330.88784243696057, 2381.105
331.3385503809005, 2361.6872222222223
331.78921506942197, 2320.4244444444444
332.2398364820029, 2286.443333333333
332.69041459812127, 2313.1427777777776
333.1409493972549, 2381.105
333.59144085888175, 2385.9594444444447
334.0418889624796, 2332.5605555555558
334.49229368752646, 2334.987777777778
334.94265501350003, 2342.2694444444446
335.3929729198783, 2410.2316666666666
335.8432473861392, 2296.152222222222
336.29347839176063, 2371.396111111111
336.7436659162204, 2368.968888888889
337.19380993899625, 2337.415
337.6439104395663, 2298.5794444444446
338.0939673974084, 2334.987777777778
338.5439807920004, 2313.1427777777776
338.9939506028201, 2463.6305555555555
339.4438768093455, 2286.443333333333
339.89375939105446, 2412.6588888888887
340.34359832742473, 2378.677777777778
340.7933935979344, 2395.6683333333335
341.24314518206126, 2402.95
341.69285305928315, 2349.551111111111
342.14251720907805, 2393.241111111111
342.5921376109237, 2342.2694444444446
343.0417142442982, 2378.677777777778
343.4912470886792, 2407.8044444444445
343.9407361235448, 2342.2694444444446
344.39018132837265, 2383.532222222222
344.8395826826408, 2317.9972222222223
345.2889401658271, 2361.6872222222223
345.73825375740944, 2322.8516666666665
346.1875234368658, 2371.396111111111
346.63674918367377, 2359.26
347.0859309773115, 2330.133333333333
347.53506879725677, 2308.2883333333334
347.9841626229875, 2317.9972222222223
348.4332124339816, 2317.9972222222223
348.8822182097168, 2303.4338888888888
349.33117992967124, 2332.5605555555558
349.78009757332256, 2364.1144444444444
350.2289711201488, 2383.532222222222
350.67780054962776, 2291.297777777778
351.1265858412374, 2351.9783333333335
351.5753269744555, 2410.2316666666666
352.02402392876, 2349.551111111111
352.47267668362883, 2412.6588888888887
352.92128521853977, 2371.396111111111
353.36984951297086, 2376.2505555555554
353.81836954639977, 2381.105
354.26684529830453, 2376.2505555555554
354.715276748163, 2305.8611111111113
355.1636638754531, 2371.396111111111
355.61200665965265, 2393.241111111111
356.0603050802395, 2356.8327777777777
356.50855911669163, 2320.4244444444444
356.9567687484869, 2368.968888888889
357.4049339551032, 2405.3772222222224
357.85305471601833, 2296.152222222222
358.30113101071026, 2393.241111111111
358.7491628186568, 2434.503888888889
359.1971501193359, 2376.2505555555554
359.64509289222553, 2330.133333333333
360.0929911168034, 2393.241111111111
360.5408447725474, 2291.297777777778
360.98865383893553, 2334.987777777778
361.4364182954456, 2286.443333333333
361.88413812155545, 2351.9783333333335
362.3318132967432, 2325.278888888889
362.7794438004865, 2351.9783333333335
363.2270296122632, 2383.532222222222
363.6745707115514, 2383.532222222222
364.1220670778288, 2288.8705555555557
364.5695186905733, 2359.26
365.01692552926295, 2371.396111111111
365.46428757337543, 2310.7155555555555
365.9116048023887, 2427.222222222222
366.3588771957806, 2349.551111111111
366.80610473302926, 2376.2505555555554
367.25328739361225, 2351.9783333333335
367.7004251570076, 2366.5416666666665
368.14751800269306, 2376.2505555555554
368.59456591014674, 2351.9783333333335
369.0415688588464, 2320.4244444444444
369.4885268282698, 2366.5416666666665
369.9354397978952, 2407.8044444444445
370.3823077472, 2441.7855555555557
370.82913065566237, 2405.3772222222224
371.2759085027602, 2381.105
371.7226412679713, 2349.551111111111
372.1693289307736, 2313.1427777777776
372.615971470645, 2373.8233333333333
373.0625688670632, 2257.3166666666666
373.5091210995062, 2381.105
373.95562814745205, 2415.086111111111
374.4020899903785, 2385.9594444444447
374.8485066077633, 2383.532222222222
375.29487797908456, 2286.443333333333
375.74120408382, 2390.813888888889
376.1874849014476, 2339.842222222222
376.6337204114452, 2325.278888888889
377.07991059329066, 2281.588888888889
377.52605542646194, 2325.278888888889
377.9721548904368, 2351.9783333333335
378.41820896469335, 2322.8516666666665
378.8642176287092, 2296.152222222222
379.31018086196246, 2332.5605555555558
379.75609864393084, 2417.5133333333333
380.2019709540923, 2395.6683333333335
380.64779777192473, 2351.9783333333335
381.093579076906, 2407.8044444444445
381.5393148485141, 2395.6683333333335
381.98500506622673, 2347.123888888889
382.43064970952184, 2393.241111111111
382.87624875787736, 2356.8327777777777
383.32180219077117, 2284.016111111111
383.76730998768113, 2359.26
384.2127721280851, 2330.133333333333
384.658188591461, 2334.987777777778
385.1035593572866, 2378.677777777778
385.54888440504004, 2308.2883333333334
385.994163714199, 2337.415
386.4393972642414, 2322.8516666666665
386.8845850346451, 2330.133333333333
387.32972700488807, 2395.6683333333335
387.77482315444814, 2325.278888888889
388.2198734628032, 2398.0955555555556
388.66487790943114, 2332.5605555555558
389.1098364738098, 2371.396111111111
389.55474913541707, 2388.3866666666668
389.99961587373093, 2291.297777777778
390.44443666822923, 2332.5605555555558
390.8892114983898, 2381.105
391.3339403436905, 2351.9783333333335
391.7786231836093, 2356.8327777777777
392.2232599976239, 2424.795
392.6678507652125, 2351.9783333333335
393.11239546585284, 2395.6683333333335
393.55689407902264, 2376.2505555555554
394.0013465841999, 2334.987777777778
394.4457529608626, 2393.241111111111
394.89011318848856, 2313.1427777777776
395.3344272465556, 2393.241111111111
395.77869511454173, 2378.677777777778
396.22291677192464, 2349.551111111111
396.6670921981824, 2441.7855555555557
397.1112213727928, 2400.5227777777777
397.55530427523377, 2325.278888888889
397.99934088498316, 2449.0672222222224
398.4433311815189, 2434.503888888889
398.8872751443188, 2315.57
399.33117275286077, 2400.5227777777777
399.7750239866227, 2427.222222222222
400.2188288250826, 2410.2316666666666
400.6625872477181, 2339.842222222222
401.1062992340072, 2378.677777777778
401.5499647634279, 2405.3772222222224
401.99358381545795, 2395.6683333333335
402.43715636957535, 2342.2694444444446
402.8806824052578, 2478.193888888889
403.3241619019833, 2390.813888888889
403.7675948392297, 2393.241111111111
404.2109811964749, 2436.931111111111
404.6543209531968, 2327.706111111111
405.0976140888734, 2351.9783333333335
405.5408605829823, 2337.415
405.9840604150016, 2388.3866666666668
406.4272135644091, 2487.902777777778
406.87032001068275, 2446.64
407.3133797333004, 2434.503888888889
407.7563927117399, 2402.95
408.1993589254791, 2385.9594444444447
408.64227835399595, 2371.396111111111
409.08515097676843, 2390.813888888889
409.52797677327436, 2373.8233333333333
409.97075572299144, 2422.367777777778
410.4134878053977, 2436.931111111111
410.856172999971, 2381.105
411.2988112861894, 2473.3394444444443
411.74140264353053, 2509.7477777777776
412.18394705147244, 2524.311111111111
412.6264444894928, 2483.048333333333
413.0688949370698, 2483.048333333333
413.5112983736811, 2490.33
413.9536547788046, 2572.8555555555554
414.39596413191833, 2512.175
414.83822641250003, 2480.621111111111
415.2804416000276, 2529.1655555555553
415.722609673979, 2597.1277777777777
416.16473061383203, 2594.7005555555556
416.6068043990647, 2597.1277777777777
417.0488310091547, 2655.3811111111113
417.49081042358, 2694.2166666666667
417.93274262181853, 2762.178888888889
418.37462758334823, 2657.8083333333334
418.8164652876469, 2781.596666666667
419.25825571419233, 2776.742222222222
419.6999988424625, 2820.432222222222
420.1416946519353, 2922.3755555555554
420.58334312208865, 2888.3944444444446
421.02494423240046, 2932.0844444444447
421.46649796234846, 2987.9105555555557
421.9080042914106, 3038.882222222222
422.34946319906476, 3070.436111111111
422.7908746647889, 3165.097777777778
423.2322386680608, 3143.2527777777777
423.6735551883584, 3335.0033333333336
424.1148242051596, 3332.576111111111
424.55604569794224, 3293.7405555555556
424.99721964618425, 3327.721666666667
425.43834602936346, 3436.9466666666667
425.87942482695786, 3529.181111111111
426.32045601844516, 3555.8805555555555
426.7614395833034, 3652.9694444444444
427.20237550101035, 3713.65
427.643263751044, 3730.6405555555557
428.0841043128821, 3873.846666666667
428.5248971660027, 3827.7294444444447
428.96564228988353, 4007.343888888889
429.4063396640026, 4029.188888888889
429.8469892678377, 4211.230555555556
430.2875910808667, 4230.6483333333335
430.72814508256766, 4356.863888888889
431.1686512524183, 4344.727777777778
431.6091095698964, 4521.915
432.04952001448015, 4553.468888888889
432.48988256564724, 4548.614444444444
432.93019720287555, 4703.956666666667
433.37046390564296, 4801.045555555555
433.8106826534275, 5009.786666666667
434.2508534257068, 5036.486111111111
434.690976201959, 5262.217777777778
435.13105096166186, 5301.053333333333
435.57107768429324, 5500.085555555555
436.011056349331, 5589.892777777778
436.4509869362532, 5669.991111111111
436.8908694245375, 5808.342777777778
437.330703793662, 5944.267222222222
437.7704900231044, 6145.7266666666665
438.2102280923426, 6024.365555555555
438.64991798085464, 6327.768333333333
439.0895596681183, 6352.040555555555
439.52915313361143, 6609.3261111111115
439.968698356812, 6924.865
440.4081953171978, 6830.203333333333
440.84764399424677, 6961.2733333333335
441.28704436743686, 7196.7138888888885
441.7263964162458, 7102.052222222223
442.1657001201515, 7458.853888888889
442.604955458632, 7456.426666666666
443.044162411165, 7599.632777777778
443.48332095722856, 7832.646111111111
443.92243107630037, 7708.857777777778
444.36149274785845, 7997.697222222222
444.80050595138067, 8031.678333333333
445.2394706663448, 8271.973333333333
445.67838687222894, 8257.41
446.11725454851074, 8420.03388888889
446.5560736746682, 8529.25888888889
446.99484423017924, 8502.559444444445
447.4335661945217, 8536.540555555555
447.8722395471734, 8616.638888888889
448.3108642676124, 8754.990555555556
448.74944033531636, 8466.15111111111
449.18796772976333, 8708.873333333333
449.6264464304311, 8628.775
450.0648764167976, 8500.132222222222
450.5032576683408, 8393.334444444445
450.94159016453835, 8449.160555555556
451.37987388486823, 8449.160555555556
451.8181088088085, 8262.264444444445
452.25629491583686, 8087.504444444445
452.6944321854313, 7951.58
453.1325205970696, 7861.772777777778
453.5705601302296, 7711.285
454.00855076438944, 7701.5761111111115
454.44649247902674, 7415.163888888889
454.8843852536195, 7216.131666666667
455.32222906764554, 7165.16
455.76002390058284, 6953.991666666667
456.19776973190926, 6784.086111111111
456.63546654110263, 6534.082222222222
457.07311430764076, 6429.711666666667
457.5107130110018, 6342.331666666667
457.9482626306634, 6148.153888888889
458.38576314610356, 6087.473333333333
458.82321453680004, 5900.577222222222
459.2606167822308, 5788.925
459.69796986187373, 5822.906111111111
460.13527375520675, 5531.639444444444
460.5725284417076, 5405.4238888888885
461.0097339008544, 5286.49
461.44689011212483, 5201.537222222222
461.8839970549969, 4980.66
462.3210547089484, 4902.988888888889
462.7580630534572, 4985.514444444444
463.1950220680013, 4796.191111111111
463.63193173205855, 4805.9
464.0687920251067, 4730.656111111111
464.5056029266238, 4546.187222222222
464.9423644160876, 4534.051111111111
465.3790764729762, 4706.383888888889
465.8157390767672, 4483.079444444445
466.2523522069386, 4507.3516666666665
466.6889158429684, 4342.300555555556
467.12542996433433, 4356.863888888889
467.5618945505144, 4126.277777777777
467.9983095809864, 4203.948888888889
468.4346750352282, 4211.230555555556
468.8709908927178, 4157.831666666667
469.30725713293293, 4199.094444444445
469.7434737353516, 3944.2361111111113
470.1796406794516, 3949.0905555555555
470.6157579447109, 3902.9733333333334
471.05182551060733, 3885.9827777777778
471.4878433566188, 3917.536666666667
471.9238114622231, 3784.0394444444446
472.35972980689826, 3805.8844444444444
472.7955983701221, 3798.6027777777776
473.23141713137244, 3730.6405555555557
473.66718607012734, 3606.8522222222223
474.1029051658645, 3640.8333333333335
474.53857439806194, 3594.7161111111113
474.97419374619733, 3677.241666666667
475.4097631897488, 3541.3172222222224
475.84528270819413, 3660.251111111111
476.28075228101125, 3541.3172222222224
476.71617188767794, 3652.9694444444444
477.15154150767216, 3572.871111111111
477.5868611204718, 3572.871111111111
478.0221307055547, 3536.462777777778
478.4573502423987, 3466.0733333333333
478.89251971048185, 3492.7727777777777
479.3276390892819, 3463.646111111111
479.76270835827677, 3337.4305555555557
480.19772749694437, 3385.975
480.6326964847625, 3507.336111111111
481.0676153012091, 3475.782222222222
481.50248392576214, 3480.6366666666668
481.9373023378993, 3504.9088888888887
482.3720705170987, 3519.472222222222
482.80678844283807, 3521.8994444444443
483.2414560945953, 3589.8616666666667
483.6760734518483, 3553.4533333333334
484.110640494075, 3575.298333333333
484.5451572007532, 3631.1244444444446
484.9796235513608, 3635.978888888889
485.41403952537576, 3582.58
485.8484051022759, 3565.5894444444443
486.2827202615391, 3599.5705555555555
486.7169849826432, 3575.298333333333
487.1511992450663, 3684.5233333333335
487.585363028286, 3701.5138888888887
488.01947631178035, 3701.5138888888887
488.4535390750272, 3703.9411111111112
488.88755129750444, 3745.2038888888887
489.32151295868994, 3791.321111111111
489.75542403806156, 3798.6027777777776
490.1892845150972, 3803.4572222222223
490.6230943692748, 3927.2455555555557
491.05685358007213, 4038.8977777777777
491.4905621269672, 4048.6066666666666
491.9242199894378, 4123.850555555556
492.3578271469619, 4155.404444444444
492.7913835790173, 4111.714444444445
493.2248892650819, 4133.559444444444
493.65834418463356, 4288.901666666667
494.09174831715035, 4451.525555555556
494.52510164210986, 4541.332777777778
494.9584041389902, 4611.722222222223
495.3916557872692, 4592.304444444444
495.8248565664246, 4708.811111111111
496.25800645593455, 4873.862222222222
496.69110543527665, 4917.552222222223
497.124153483929, 4997.650555555556
497.5571505813694, 5167.556111111111
497.99009670707574, 5235.518333333333
498.42299184052587, 5259.790555555555
498.8558359611977, 5519.503333333333
499.28862904856913, 5480.667777777778
499.72137108211814, 5672.418333333333
500.15406204132233, 5701.545
500.5867019056598, 5883.586666666667
501.01929065460854, 5956.403333333334
501.45182826764614, 6087.473333333333
501.8843147242507, 6148.153888888889
502.3167500039, 6531.655
502.749134086072, 6594.762777777778
503.1814669502445, 6839.912222222222
503.6137485758955, 6866.611666666667
504.04597894250264, 7080.207222222222
504.4781580295442, 7189.432222222223
504.9102858164977, 7366.6194444444445
505.3423622828412, 7723.421111111111
505.7743874080526, 7779.247222222222
506.20636117160956, 7793.810555555556
506.63828355299034, 7975.852222222222
507.07015453167253, 8213.72
507.50197408713404, 8441.878888888888
507.93374219885294, 8497.705
508.36545884630686, 8626.347777777777
508.7971240089739, 9004.994444444445
509.2287376663318, 9075.38388888889
509.66029979785856, 9305.97
510.0918103830321, 9434.612777777778
510.5232694013299, 9820.541111111112
510.9546768322305, 9951.611111111111
511.3860326552112, 10087.535555555556
511.81733684975023, 10019.573333333334
512.2485893953253, 10388.511111111111
512.6797902714144, 10538.99888888889
513.1109394574953, 10347.248333333333
513.5420369330461, 10876.382777777777
513.9730826775443, 11080.269444444444
514.4040766704684, 10978.326111111111
514.8350188912955, 11441.925555555556
515.2659093195042, 11257.456666666667
515.6967479345718, 11594.840555555556
516.1275347159767, 11759.891666666666
516.5582696431964, 11873.971111111112
516.9889526957089, 11932.224444444444
517.4195838529922, 12208.927777777777
517.8501630945242, 12114.266111111112
518.2806903997824, 12293.880555555555
518.7111657482452, 12463.78611111111
519.1415891193901, 12750.198333333334
519.5719604926952, 12505.048888888889
520.0022798476382, 12844.86
520.4325471636973, 12687.090555555556
520.8627624203501, 12830.296666666667
521.2929255970745, 12881.268333333333
521.7230366733485, 12798.742777777778
522.1530956286498, 12793.888333333334
522.5831024424566, 12927.385555555555
523.0130570942465, 13029.32888888889
523.4429595634975, 13189.525555555556
523.8728098296876, 13119.136111111111
524.3026078722943, 12898.25888888889
524.732353670796, 13063.31
525.1620472046701, 13289.041666666666
525.5916884533947, 12907.967777777778
526.0212773964479, 12997.775
526.4508140133071, 13213.797777777778
526.8802982834507, 12946.803333333333
527.3097301863561, 13005.056666666667
527.7391097015015, 13019.62
528.168436808365, 12786.606666666667
528.5977114864237, 12920.103888888889
529.0269337151562, 12893.404444444444
529.4561034740402, 12956.512222222222
529.8852207425534, 12813.306111111111
530.314285500174, 12784.179444444444
530.7432977263796, 12791.461111111112
531.1722574006484, 12599.710555555555
531.6011645024578, 12573.011111111111
532.030019011286, 12602.137777777778
532.458820906611, 12543.884444444444
532.8875701679102, 12553.593333333334
533.3162667746622, 12354.56111111111
533.7449107063443, 12444.368333333334
534.1735019424347, 12245.336111111112
534.602040462411, 12250.190555555555
535.0305262457513, 12245.336111111112
535.4589592719335, 12213.782222222222
535.8873395204353, 12238.054444444444
536.3156669707347, 11954.069444444445
536.7439416023096, 12136.111111111111
537.1721633946379, 11905.525
537.6003323271975, 11929.797222222222
538.028448379466, 11893.388888888889
538.4565115309218, 11847.271666666667
538.8845217610424, 12007.468333333334
539.3124790493057, 11789.018333333333
539.7403833751898, 11674.93888888889
540.1682347181724, 11662.802777777777
540.5960330577315, 11575.422777777778
541.0237783733447, 11558.432222222222
541.4514706444902, 11512.315
541.8791098506459, 11529.305555555555
542.3066959712894, 11497.751666666667
542.7342289858989, 11337.555
543.1617088739521, 11451.634444444444
543.5891356149269, 11174.931111111111
544.0165091883014, 11272.02
544.4438295735529, 11269.592777777778
544.8710967501598, 11417.653333333334
545.2983106976, 11048.715555555556
545.7254713953512, 10973.471666666666
546.1525788228913, 11167.649444444445
546.5796329596982, 11053.57
547.0066337852497, 10968.617222222223
547.4335812790239, 11041.433888888889
547.8604754204986, 10837.547222222222
548.2873161891516, 10662.787222222221
548.7141035644607, 10912.791111111112
549.140837525904, 10674.923333333334
549.5675180529594, 10628.806111111111
549.9941451251045, 10750.167222222222
550.4207187218174, 10769.585
550.847238822576, 10677.350555555555
551.2737054068582, 10432.201111111111
551.7001184541417, 10480.745555555555
552.1264779439044, 10352.102777777778
552.5527838556245, 10322.976111111111
552.9790361687795, 10417.637777777778
553.4052348628476, 10412.783333333333
553.8313799173064, 10145.788888888888
554.2574713116339, 10235.596111111112
554.6835090253081, 10187.051666666666
555.1094930378068, 10172.488333333333
555.5354233286079, 10087.535555555556
555.961299877189, 10269.577222222222
556.3871226630284, 10075.399444444445
556.8128916656038, 9915.202777777778
557.2386068643932, 9917.63
557.6642682388743, 9978.310555555556
558.0898757685251, 9835.104444444445
558.5154294328235, 9985.592222222222
558.9409292112473, 9939.475
559.3663750832743, 9835.104444444445
559.7917670283828, 9684.616666666667
560.2171050260499, 9604.518333333333
560.6423890557544, 9606.945555555556
561.0676190969735, 9548.692222222222
561.4927951291855, 9716.170555555556
561.9179171318682, 9577.818888888889
562.3429850844992, 9599.663888888888
562.7679989665568, 9286.552222222223
563.1929587575185, 9466.166666666666
563.6178644368624, 9427.33111111111
564.0427159840664, 9335.096666666666
564.4675133786083, 9315.67888888889
564.892256599966, 9252.57111111111
565.3169456276173, 9162.763888888889
565.7415804410404, 9284.125
566.1661610197128, 9291.406666666666
566.5906873431126, 9291.406666666666
567.0151593907176, 9177.327222222222
567.4395771420056, 9369.077777777778
567.8639405764549, 9177.327222222222
568.2882496735427, 9051.111666666666
568.7125044127475, 9235.580555555556
569.136704773547, 9089.947222222223
569.560850735419, 8997.712777777779
569.9849422778414, 9036.548333333334
570.408979380292, 9119.073888888888
570.8329620222488, 9123.928333333333
571.2568901831899, 9021.985
571.6807638425926, 9029.266666666666
572.1045829799353, 8990.431111111111
572.5283475746957, 8832.661666666667
572.9520576063518, 9043.83
573.3757130543813, 8934.605
573.7993138982621, 8920.041666666666
574.2228601174724, 8701.591666666667
574.6463516914896, 8757.417777777779
575.069788599792, 8781.69
575.4931708218572, 8798.680555555555
575.916498337163, 8801.107777777777
576.3397711251878, 8856.933888888889
576.7629891654091, 8682.173888888889
577.1861524373047, 8611.784444444444
577.6092609203528, 8691.882777777777
578.0323145940308, 8611.784444444444
578.4553134378172, 8585.085
578.8782574311896, 8551.103888888889
579.3011465536257, 8376.343888888889
579.7239807846037, 8361.780555555555
580.146760103601, 8361.780555555555
580.5694844900961, 8153.039444444445
580.9921539235664, 8233.137777777778
581.4147683834901, 8315.663333333334
581.8373278493451, 8017.115
582.2598323006089, 8055.950555555555
582.6822817167598, 7941.8711111111115
583.1046760772754, 8002.551666666666
583.5270153616337, 7907.89
583.9492995493126, 7873.908888888889
584.3715286197901, 7796.237777777777
584.7937025525439, 7672.449444444444
585.2158213270517, 7735.557222222223
585.6378849227918, 7762.256666666667
586.059893319242, 7614.196111111111
586.4818464958798, 7502.543888888889
586.9037444321838, 7517.107222222222
587.3255871076311, 7553.515555555556
587.7473745017, 7446.717777777778
588.1691065938684, 7376.328333333333
588.590783363614, 7422.445555555556
589.0124047904148, 7410.309444444444
589.4339708537487, 7318.075
589.8554815330937, 7284.093888888889
590.2769368079274, 7262.248888888889
590.6983366577279, 7160.305555555556
591.1196810619729, 7119.042777777778
591.5409700001403, 7170.014444444444
591.9622034517083, 7114.1883333333335
592.3833813961545, 7104.479444444444
592.8045038129568, 7048.653333333334
593.2255706815931, 7070.498333333333
593.6465819815413, 6980.691111111111
594.0675376922794, 6878.747777777778
594.488437793285, 6839.912222222222
594.9092822640364, 6871.466111111111
595.3300710840113, 6837.485
595.7508042326872, 6924.865
596.1714816895425, 6878.747777777778
596.5921034340548, 6796.222222222223
597.0126694457022, 6626.316666666667
597.4331797039623, 6793.795
597.8536341883132, 6667.579444444445
598.2740328782329, 6563.208888888889
598.6943757531989, 6653.016111111111
599.1146627926894, 6713.696666666667
599.5348939761823, 6582.626666666667
599.9550692831551, 6670.006666666667
600.3751886930862, 6555.927222222223
600.795252185453, 6599.617222222222
601.2152597397338, 6388.448888888889
601.6352113354062, 6609.3261111111115
602.0551069519482, 6570.490555555555
602.4749465688378, 6473.401666666667
602.8947301655527, 6568.0633333333335
603.3144577215706, 6648.161666666667
603.7341292163699, 6597.19
604.153744629428, 6500.101111111111
604.5733039402232, 6558.354444444444
604.9928071282329, 6422.43
605.4122541729356, 6485.537777777778
605.8316450538086, 6417.575555555555
606.2509797503302, 6538.9366666666665
606.670258241978, 6504.955555555555
607.0894805082299, 6344.758888888889
607.5086465285641, 6259.806111111111
607.9277562824581, 6356.895
608.3468097493899, 6301.068888888889
608.7658069088376, 6138.445
609.1847477402787, 6213.688888888889
609.6036322231914, 6189.416666666667
610.0224603370534, 6199.125555555555
610.4412320613428, 6099.609444444444
610.8599473755373, 6114.172777777778
611.2786062591147, 6089.900555555556
611.6972086915533, 6024.365555555555
612.1157546523305, 5951.5488888888885
612.5342441209243, 5924.849444444444
612.952677076813, 5835.042222222222
613.3710534994736, 5876.305
613.789373368385, 5650.573333333334
614.2076366630243, 5691.836111111111
614.62584336287, 5686.981666666667
615.0439934473997, 5686.981666666667
615.4620868960909, 5672.418333333333
615.8801236884221, 5711.2538888888885
616.298103803871, 5405.4238888888885
616.7160272219153, 5553.484444444444
617.1338939220329, 5500.085555555555
617.5517038837019, 5376.297222222222
617.9694570864001, 5395.715
618.3871535096054, 5247.654444444444
618.8047931327956, 5220.955
619.2223759354484, 5199.11
619.6399018970421, 5242.8
620.0573709970545, 5097.166666666667
620.4747832149632, 5121.438888888889
620.8921385302463, 5218.527777777777
621.3094369223816, 4985.514444444444
621.7266783708471, 5060.758333333333
622.1438628551207, 4987.941666666667
622.5609903546799, 4961.242222222222
622.9780608490031, 4970.9511111111115
623.395074317568, 4835.026666666667
623.8120307398522, 4910.270555555556
624.228930095334, 4839.881111111111
624.645772363491, 4720.947222222222
625.0625575238014, 4754.928333333333
625.4792855557428, 4643.276111111111
625.8959564387931, 4669.975555555556
626.3125701524302, 4742.792222222222
626.7291266761321, 4604.440555555556
627.1456259893766, 4606.8677777777775
627.5620680716416, 4585.022777777778
627.978452902405, 4575.313888888889
628.3947804611447, 4456.38
628.8110507273384, 4551.041666666667
629.2272636804644, 4412.69
629.6434193000001, 4449.098333333333
630.0595175654236, 4502.497222222222
630.4755584562129, 4424.8261111111115
630.8915419518455, 4325.31
631.3074680317999, 4271.9111111111115
631.7233366755535, 4318.028333333334
632.1391478625843, 4310.746666666667
632.5549015723702, 4373.854444444444
632.9705977843889, 4111.714444444445
633.3862364781188, 4220.939444444444
633.8018176330373, 4262.202222222222
634.2173412286224, 4225.793888888889
634.6328072443522, 4189.385555555556
635.0482156597042, 4262.202222222222
635.4635664541566, 4145.695555555556
635.8788596071872, 4099.578333333333
636.2940950982738, 4143.268333333333
636.7092729068943, 4043.7522222222224
637.1243930125266, 4002.4894444444444
637.5394553946488, 4191.812777777778
637.9544600327383, 4007.343888888889
638.3694069062735, 3927.2455555555557
638.784295994732, 3970.9355555555558
639.1991272775919, 3944.2361111111113
639.6139007343309, 3980.6444444444446
640.0286163444265, 3898.1188888888887
640.4432740873574, 3878.701111111111
640.857873942601, 3827.7294444444447
641.2724158896351, 3842.2927777777777
641.686899907938, 3842.2927777777777
642.101325976987, 3815.5933333333332
642.5156940762606, 3665.1055555555554
642.9300041852364, 3754.9127777777776
643.344256283392, 3703.9411111111112
643.758450350206, 3776.757777777778
644.1725863651554, 3856.856111111111
644.5866643077189, 3825.302222222222
645.0006841573738, 3752.4855555555555
645.4146458935983, 3694.2322222222224
645.8285494958702, 3648.115
646.2423949436671, 3604.425
646.6561822164675, 3672.387222222222
647.0699112937488, 3650.5422222222223
647.483582154989, 3616.561111111111
647.897194779666, 3548.5988888888887
648.3107491472578, 3609.2794444444444
648.724245237242, 3551.0261111111113
649.1376830290968, 3521.8994444444443
649.5510625022998, 3441.801111111111
649.964383636329, 3485.491111111111
650.3776464106625, 3349.5666666666666
650.790850804778, 3485.491111111111
651.2039967981532, 3446.6555555555556
651.6170843702662, 3398.1111111111113
652.0301135005949, 3468.5005555555554
652.443084168617, 3424.8105555555558
652.8559963538107, 3463.646111111111
653.2688500356536, 3356.8483333333334
653.6816451936236, 3308.303888888889
654.0943818071987, 3376.266111111111
654.5070598558568, 3286.458888888889
654.9196793190757, 3364.13
655.3322401763332, 3344.7122222222224
655.7447424071077, 3315.5855555555554
656.1571859908762, 3257.3322222222223
656.5695709071173, 3296.1677777777777
656.9818971353087, 3267.041111111111
657.394164654928, 3296.1677777777777
657.8063734454535, 3339.8577777777778
658.2185234863628, 3252.4777777777776
658.6306147571338, 3349.5666666666666
659.0426472372449, 3257.3322222222223
659.454620906173, 3305.8766666666666
659.8665357433969, 3133.543888888889
660.2783917283939, 3196.6516666666666
660.6901888406422, 3148.1072222222224
661.1019270596197, 3145.68
661.5136063648039, 3160.2433333333333
661.9252267356732, 3179.661111111111
662.336788151705, 3220.923888888889
662.7482905923775, 3099.5627777777777
663.1597340371688, 3167.525
663.5711184655561, 3087.4266666666667
663.9824438570179, 3135.971111111111
664.3937101910318, 3126.262222222222
664.8049174470756, 3128.6894444444442
665.2160656046276, 3099.5627777777777
665.627154643165, 2924.802777777778
666.0381845421665, 2973.347222222222
666.4491552811094, 3099.5627777777777
666.8600668394716, 3094.7083333333335
667.2709191967314, 3162.6705555555554
667.6817123323663, 3017.037222222222
668.0924462258544, 3065.5816666666665
668.5031208566734, 2997.6194444444445
668.9137362043014, 3024.318888888889
669.324292248216, 2927.23
669.7347889678953, 3014.61
670.1452263428172, 3043.7366666666667
670.5556043524593, 2966.0655555555554
670.9659229763, 2907.8122222222223
671.3761821938167, 2975.7744444444443
671.7863819844875, 2936.938888888889
672.1965223277904, 2985.483333333333
672.6066032032028, 2936.938888888889
673.0166245902033, 2922.3755555555554
673.4265864682691, 2893.248888888889
673.8364888168785, 2912.6666666666665
674.2463316155092, 2922.3755555555554
674.6561148436392, 2825.286666666667
675.0658384807463, 2895.676111111111
675.4755025063084, 2885.967222222222
675.8851068998035, 2881.112777777778
676.2946516407094, 2851.9861111111113
676.7041367085039, 2822.8594444444443
677.1135620826649, 2769.4605555555554
677.5229277426704, 2818.005
677.9322336679982, 2805.8688888888887
678.3414798381262, 2805.8688888888887
678.7506662325325, 2854.4133333333334
679.1597928306944, 2808.2961111111113
679.5688596120904, 2837.422777777778
679.977866556198, 2827.713888888889
680.3868136424953, 2779.1694444444443
680.7957008504601, 2827.713888888889
681.2045281595704, 2885.967222222222
681.6132955493039, 2827.713888888889
682.0220029991384, 2803.4416666666666
682.430650488552, 2764.606111111111
682.8392379970227, 2764.606111111111
683.2477655040282, 2740.333888888889
683.6562329890462, 2788.8783333333336
684.064640431555, 2834.9955555555557
684.472987811032, 2796.16
684.8812751069555, 2733.052222222222
685.2895022988033, 2716.0616666666665
685.6976693660531, 2648.0994444444445
686.1057762881829, 2754.8972222222224
686.5138230446706, 2648.0994444444445
686.9218096149941, 2713.6344444444444
687.3297359786312, 2679.653333333333
687.7376021150599, 2650.5266666666666
688.145408003758, 2699.071111111111
688.5531536242033, 2708.78
688.9608389558739, 2728.197777777778
689.3684639782474, 2652.9538888888887
689.7760286708021, 2643.245
690.1835330130154, 2720.916111111111
690.5909769843656, 2672.3716666666664
690.9983605643303, 2609.2638888888887
691.4056837323875, 2618.972777777778
691.8129464680152, 2648.0994444444445
692.220148750691, 2609.2638888888887
692.6272905598929, 2599.555
693.0343718750988, 2597.1277777777777
693.4413926757868, 2650.5266666666666
693.8483529414345, 2645.6722222222224
694.25525265152, 2606.8366666666666
694.6620917855208, 2558.2922222222223
695.0688703229151, 2660.2355555555555
695.4755882431808, 2594.7005555555556
695.8822455257957, 2611.6911111111112
696.2888421502378, 2635.963333333333
696.6953780959847, 2597.1277777777777
697.1018533425145, 2628.681666666667
697.5082678693051, 2604.4094444444445
697.9146216558341, 2623.827222222222
698.3209146815799, 2611.6911111111112
698.72714692602, 2524.311111111111
699.1333183686324, 2534.02
699.5394289888949, 2555.865
699.9454787662854, 2560.7194444444444
700.3514676802821, 2551.0105555555556
700.7573957103624, 2628.681666666667
701.1632628360044, 2614.1183333333333
701.569069036686, 2526.7383333333332
701.9748142918851, 2592.2733333333335
702.3804985810796, 2529.1655555555553
702.7861218837471, 2611.6911111111112
703.1916841793659, 2575.282777777778
703.5971854474136, 2599.555
704.0026256673683, 2551.0105555555556
704.4080048187078, 2587.418888888889
704.8133228809098, 2492.757222222222
705.2185798334524, 2551.0105555555556
705.6237756558133, 2509.7477777777776
706.0289103274706, 2529.1655555555553
706.4339838279021, 2548.5833333333335
706.8389961365859, 2558.2922222222223
707.2439472329994, 2568.001111111111
707.6488370966208, 2582.5644444444442
708.0536657069279, 2553.4377777777777
708.4584330433985, 2553.4377777777777
708.8631390855107, 2538.8744444444446
709.2677838127423, 2509.7477777777776
709.6723672045712, 2521.883888888889
710.0768892404751, 2473.3394444444443
710.4813498999321, 2483.048333333333
710.88574916242, 2461.2033333333334
711.2900870074167, 2490.33
711.6943634144001, 2436.931111111111
712.0985783628479, 2485.4755555555557
712.5027318322383, 2524.311111111111
712.906823802049, 2470.912222222222
713.310854251758, 2529.1655555555553
713.7148231608429, 2555.865
714.1187305087819, 2478.193888888889
714.5225762750528, 2478.193888888889
714.9263604391333, 2495.1844444444446
715.3300829805016, 2504.8933333333334
715.7337438786353, 2439.358333333333
716.1373431130124, 2497.6116666666667
716.5408806631108, 2395.6683333333335
716.9443565084084, 2512.175
717.3477706283832, 2444.212777777778
717.7511230025127, 2434.503888888889
718.1544136102751, 2473.3394444444443
718.5576424311482, 2412.6588888888887
718.9608094446097, 2436.931111111111
719.363914630138, 2466.0577777777776
719.7669579672105, 2485.4755555555557
720.1699394353052, 2407.8044444444445
720.5728590138999, 2461.2033333333334
720.9757166824728, 2434.503888888889
721.3785124205016, 2463.6305555555555
721.7812462074642, 2502.4661111111113
722.1839180228383, 2483.048333333333
722.586527846102, 2456.3488888888887
722.989075656733, 2451.4944444444445
723.3915614342095, 2393.241111111111
723.7939851580091, 2436.931111111111
724.1963468076099, 2466.0577777777776
724.5986463624895, 2381.105
725.0008838021259, 2446.64
725.4030591059972, 2490.33
725.8051722535811, 2453.9216666666666
726.2072232243553, 2415.086111111111
726.6092119977981, 2371.396111111111
727.011138553387, 2449.0672222222224
727.4130028706, 2427.222222222222
727.8148049289152, 2509.7477777777776
728.2165447078104, 2509.7477777777776
728.6182221867631, 2405.3772222222224
729.0198373452516, 2429.6494444444443
729.4213901627536, 2463.6305555555555
729.8228806187471, 2422.367777777778
730.2243086927101, 2402.95
730.6256743641202, 2417.5133333333333
731.0269776124553, 2439.358333333333
731.4282184171935, 2451.4944444444445
731.8293967578126, 2446.64
732.2305126137903, 2378.677777777778
732.6315659646046, 2468.485
733.0325567897337, 2405.3772222222224
733.4334850686549, 2402.95
733.8343507808465, 2390.813888888889
734.2351539057863, 2395.6683333333335
734.6358944229522, 2444.212777777778
735.0365723118219, 2480.621111111111
735.4371875518735, 2480.621111111111
735.8377401225848, 2395.6683333333335
736.2382300034338, 2344.6966666666667
736.6386571738981, 2383.532222222222
737.0390216134557, 2500.038888888889
737.4393233015847, 2412.6588888888887
737.8395622177627, 2441.7855555555557
738.2397383414677, 2398.0955555555556
738.6398516521779, 2388.3866666666668
739.0399021293706, 2393.241111111111
739.439889752524, 2451.4944444444445
739.8398145011159, 2470.912222222222
740.2396763546243, 2429.6494444444443
740.639475292527, 2400.5227777777777
741.0392112943019, 2436.931111111111
741.4388843394269, 2383.532222222222
741.8384944073797, 2412.6588888888887
742.2380414776385, 2327.706111111111
742.637525529681, 2439.358333333333
743.0369465429851, 2400.5227777777777
743.4363044970287, 2368.968888888889
743.8355993712896, 2412.6588888888887
744.2348311452458, 2407.8044444444445
744.6339997983753, 2361.6872222222223
745.0331053101557, 2439.358333333333
745.432147660065, 2439.358333333333
745.8311268275811, 2378.677777777778
746.230042792182, 2381.105
746.6288955333454, 2361.6872222222223
747.0276850305493, 2376.2505555555554
747.4264112632713, 2395.6683333333335
747.8250742109897, 2342.2694444444446
748.2236738531822, 2366.5416666666665
748.6222101693266, 2424.795
749.0206831389012, 2364.1144444444444
749.4190927413832, 2354.4055555555556
749.817438956251, 2395.6683333333335
750.2157217629822, 2296.152222222222
750.6139411410547, 2354.4055555555556
751.0120970699468, 2422.367777777778
751.4101895291359, 2354.4055555555556
751.8082184981, 2393.241111111111
752.2061839563171, 2422.367777777778
752.604085883265, 2480.621111111111
753.0019242584217, 2407.8044444444445
753.399699061265, 2427.222222222222
753.7974102712727, 2364.1144444444444
754.1950578679227, 2349.551111111111
754.5926418306931, 2388.3866666666668
754.9901621390615, 2410.2316666666666
755.387618772506, 2381.105
755.7850117105044, 2373.8233333333333
756.1823409325345, 2385.9594444444447
756.5796064180743, 2342.2694444444446
756.9768081466016, 2381.105
757.3739460975944, 2410.2316666666666
757.7710202505305, 2451.4944444444445
758.1680305848877, 2349.551111111111
758.564977080144, 2390.813888888889
758.9618597157773, 2381.105
759.3586784712656, 2507.3205555555555
759.7554333260865, 2388.3866666666668
760.1521242597179, 2419.9405555555554
760.5487512516379, 2449.0672222222224
760.9453142813243, 2478.193888888889
761.341813328255, 2419.9405555555554
761.738248371908, 2415.086111111111
762.1346193917608, 2376.2505555555554
762.5309263672914, 2390.813888888889
762.927169277978, 2361.6872222222223
763.3233481032983, 2400.5227777777777
763.7194628227302, 2325.278888888889
764.1155134157514, 2388.3866666666668
764.5114998618401, 2366.5416666666665
764.9074221404738, 2385.9594444444447
765.3032802311308, 2361.6872222222223
765.6990741132888, 2393.241111111111
766.0948037664257, 2385.9594444444447
766.4904691700191, 2402.95
766.8860703035473, 2330.133333333333
767.2816071464881, 2429.6494444444443
767.6770796783193, 2373.8233333333333
768.0724878785187, 2407.8044444444445
768.4678317265643, 2320.4244444444444
768.8631112019339, 2429.6494444444443
769.2583262841056, 2400.5227777777777
769.653476952557, 2349.551111111111
770.0485631867662, 2332.5605555555558
770.4435849662109, 2405.3772222222224
770.8385422703691, 2347.123888888889
771.2334350787187, 2371.396111111111
771.6282633707374, 2366.5416666666665
772.0230271259036, 2385.9594444444447
772.4177263236944, 2402.95
772.8123609435884, 2407.8044444444445
773.2069309650631, 2356.8327777777777
773.6014363675963, 2339.842222222222
773.9958771306663, 2339.842222222222
774.3902532337505, 2417.5133333333333
774.7845646563271, 2371.396111111111
775.1788113778739, 2315.57
775.5729933778688, 2317.9972222222223
775.9671106357898, 2385.9594444444447
776.3611631311144, 2361.6872222222223
776.755150843321, 2313.1427777777776
777.1490737518869, 2339.842222222222
777.5429318362906, 2276.7344444444443
777.9367250760095, 2368.968888888889
778.3304534505218, 2419.9405555555554
778.7241169393052, 2351.9783333333335
779.1177155218376, 2395.6683333333335
779.5112491775968, 2344.6966666666667
779.904717886061, 2419.9405555555554
780.2981216267079, 2303.4338888888888
780.6914603790154, 2410.2316666666666
781.0847341224612, 2334.987777777778
781.4779428365234, 2364.1144444444444
781.8710865006798, 2429.6494444444443
782.2641650944086, 2376.2505555555554
782.657178597187, 2332.5605555555558
783.0501269884934, 2451.4944444444445
783.4430102478057, 2368.968888888889
783.8358283546014, 2308.2883333333334
784.2285812883588, 2383.532222222222
784.6212690285556, 2395.6683333333335
785.0138915546697, 2412.6588888888887
785.4064488461789, 2385.9594444444447
785.7989408825612, 2383.532222222222
786.1913676432944, 2334.987777777778
786.5837291078566, 2330.133333333333
786.9760252557254, 2456.3488888888887
787.3682560663788, 2412.6588888888887
787.7604215192946, 2305.8611111111113
788.1525215939508, 2315.57
788.5445562698254, 2458.7761111111113
788.9365255263959, 2395.6683333333335
789.3284293431406, 2354.4055555555556
789.7202676995372, 2325.278888888889
790.1120405750635, 2441.7855555555557
790.5037479491975, 2361.6872222222223
790.8953898014171, 2398.0955555555556
791.2869661112001, 2334.987777777778
791.6784768580243, 2354.4055555555556
792.0699220213678, 2364.1144444444444
792.4613015807084, 2327.706111111111
792.852615515524, 2351.9783333333335
793.2438638052924, 2383.532222222222
793.6350464294916, 2310.7155555555555
794.0261633675993, 2349.551111111111
794.4172145990937, 2320.4244444444444
794.8082001034524, 2342.2694444444446
795.1991198601534, 2305.8611111111113
795.5899738486744, 2298.5794444444446
795.9807620484936, 2293.725
796.3714844390886, 2395.6683333333335
796.7621409999376, 2288.8705555555557
797.1527317105182, 2373.8233333333333
797.5432565503083, 2301.0066666666667
797.933715498786, 2322.8516666666665
798.3241085354289, 2344.6966666666667
798.7144356397151, 2349.551111111111
799.1046967911225, 2344.6966666666667
799.4948919691287, 2337.415
799.8850211532119, 2303.4338888888888
800.2750843228498, 2373.8233333333333
800.6650814575204, 2366.5416666666665
801.0550125367017, 2417.5133333333333
801.4448775398711, 2422.367777777778
801.8346764465069, 2361.6872222222223
802.224409236087, 2354.4055555555556
802.614075888089, 2271.88
803.0036763819912, 2308.2883333333334
803.393210697271, 2320.4244444444444
803.7826788134066, 2347.123888888889
804.1720807098758, 2432.076666666667
804.5614163661564, 2293.725
804.9506857617265, 2378.677777777778
805.3398888760638, 2381.105
805.7290256886463, 2344.6966666666667
806.1180961789518, 2354.4055555555556
806.507100326458, 2337.415
806.8960381106433, 2284.016111111111
807.2849095109851, 2284.016111111111
807.6737145069615, 2373.8233333333333
808.0624530780502, 2368.968888888889
808.4511252037294, 2378.677777777778
808.8397308634767, 2351.9783333333335
809.2282700367703, 2371.396111111111
809.6167427030877, 2407.8044444444445
810.0051488419068, 2351.9783333333335
810.3934884327059, 2385.9594444444447
810.7817614549624, 2356.8327777777777
811.1699678881547, 2366.5416666666665
811.5581077117603, 2347.123888888889
811.946180905257, 2337.415
812.3341874481231, 2325.278888888889
812.722127319836, 2378.677777777778
813.1100004998741, 2378.677777777778
813.4978069677148, 2354.4055555555556
813.8855467028363, 2383.532222222222
814.2732196847163, 2364.1144444444444
814.6608258928328, 2385.9594444444447
815.0483653066638, 2347.123888888889
815.4358379056869, 2315.57
815.82324366938, 2354.4055555555556
816.2105825772212, 2339.842222222222
816.5978546086883, 2368.968888888889
816.9850597432592, 2368.968888888889
817.3721979604117, 2344.6966666666667
817.7592692396238, 2349.551111111111
818.1462735603732, 2361.6872222222223
818.5332109021379, 2351.9783333333335
818.9200812443959, 2356.8327777777777
819.306884566625, 2344.6966666666667
819.6936208483029, 2327.706111111111
820.0802900689077, 2332.5605555555558
820.4668922079172, 2332.5605555555558
820.8534272448094, 2359.26
821.239895159062, 2422.367777777778
821.626295930153, 2334.987777777778
822.0126295375603, 2390.813888888889
822.3988959607616, 2356.8327777777777
822.785095179235, 2317.9972222222223
823.1712271724583, 2359.26
823.5572919199096, 2378.677777777778
823.9432894010663, 2390.813888888889
824.3292195954066, 2271.88
824.7150824824083, 2354.4055555555556
825.1008780415495, 2337.415
825.486606252308, 2395.6683333333335
825.8722670941613, 2415.086111111111
826.2578605465877, 2342.2694444444446
826.643386589065, 2330.133333333333
827.028845201071, 2344.6966666666667
827.4142363620837, 2402.95
827.7995600515808, 2393.241111111111
828.1848162490403, 2434.503888888889
828.5700049339401, 2385.9594444444447
828.9551260857583, 2383.532222222222
829.3401796839723, 2451.4944444444445
829.7251657080603, 2325.278888888889
830.1100841375, 2344.6966666666667
830.4949349517696, 2398.0955555555556
830.8797181303465, 2359.26
831.264433652709, 2398.0955555555556
831.649081498335, 2291.297777777778
832.0336616467022, 2383.532222222222
832.4181740772884, 2366.5416666666665
832.8026187695717, 2381.105
833.1869957030299, 2376.2505555555554
833.5713048571408, 2356.8327777777777
833.9555462113824, 2305.8611111111113
834.3397197452325, 2320.4244444444444
834.723825438169, 2327.706111111111
835.1078632696698, 2383.532222222222
835.4918332192129, 2339.842222222222
835.875735266276, 2344.6966666666667
836.259569390337, 2405.3772222222224
836.6433355708738, 2398.0955555555556
837.0270337873644, 2349.551111111111
837.4106640192867, 2342.2694444444446
837.7942262461185, 2398.0955555555556
838.1777204473375, 2339.842222222222
838.5611466024219, 2342.2694444444446
838.9445046908494, 2444.212777777778
839.3277946920979, 2376.2505555555554
839.7110165856454, 2240.326111111111
840.0941703509696, 2293.725
840.4772559675484, 2298.5794444444446
840.8602734148599, 2325.278888888889
841.2432226723819, 2339.842222222222
841.6261037195922, 2301.0066666666667
842.0089165359686, 2400.5227777777777
842.3916611009893, 2276.7344444444443
842.7743373941316, 2393.241111111111
843.156945394874, 2381.105
843.5394850826943, 2371.396111111111
843.9219564370701, 2342.2694444444446
844.3043594374793, 2368.968888888889
844.6866940634001, 2320.4244444444444
845.06896029431, 2332.5605555555558
845.4511581096873, 2356.8327777777777
845.8332874890094, 2308.2883333333334
846.2153484117546, 2313.1427777777776
846.5973408574006, 2381.105
846.9792648054253, 2361.6872222222223
847.3611202353064, 2286.443333333333
847.7429071265223, 2276.7344444444443
848.1246254585504, 2308.2883333333334
848.5062752108686, 2415.086111111111
848.8878563629551, 2322.8516666666665
849.2693688942875, 2359.26
849.6508127843439, 2330.133333333333
850.0321880126021, 2325.278888888889
850.4134945585397, 2354.4055555555556
850.7947324016351, 2288.8705555555557
851.1759015213659, 2317.9972222222223
851.55700189721, 2361.6872222222223
851.9380335086452, 2315.57
852.3189963351494, 2364.1144444444444
852.6998903562007, 2320.4244444444444
853.0807155512767, 2359.26
853.4614718998556, 2371.396111111111
853.8421593814152, 2354.4055555555556
854.2227779754331, 2334.987777777778
854.6033276613874, 2322.8516666666665
854.983808418756, 2317.9972222222223
855.3642202270167, 2327.706111111111
855.7445630656476, 2354.4055555555556
856.1248369141263, 2325.278888888889
856.5050417519308, 2424.795
856.8851775585389, 2349.551111111111
857.2652443134286, 2296.152222222222
857.6452419960779, 2402.95
858.0251705859644, 2276.7344444444443
858.4050300625662, 2402.95
858.784820405361, 2395.6683333333335
859.1645415938268, 2364.1144444444444
859.5441936074416, 2291.297777777778
859.923776425683, 2325.278888888889
860.3032900280291, 2252.4622222222224
860.6827343939576, 2407.8044444444445
861.0621095029466, 2398.0955555555556
861.441415334474, 2376.2505555555554
861.8206518680174, 2373.8233333333333
862.1998190830549, 2356.8327777777777
862.5789169590645, 2327.706111111111
862.9579454755236, 2361.6872222222223
863.3369046119107, 2417.5133333333333
863.7157943477033, 2359.26
864.0946146623794, 2393.241111111111
864.4733655354167, 2291.297777777778
864.8520469462933, 2361.6872222222223
865.2306588744871, 2327.706111111111
865.609201299476, 2410.2316666666666
865.9876742007377, 2378.677777777778
866.3660775577501, 2395.6683333333335
866.7444113499912, 2284.016111111111
867.1226755569388, 2281.588888888889
867.500870158071, 2332.5605555555558
867.8789951328655, 2298.5794444444446
868.2570504608001, 2320.4244444444444
868.6350361213526, 2298.5794444444446
869.0129520940013, 2313.1427777777776
869.3907983582237, 2366.5416666666665
869.7685748934982, 2305.8611111111113
870.146281679302, 2347.123888888889
870.5239186951134, 2334.987777777778
870.90148592041, 2322.8516666666665
871.27898333467, 2402.95
871.6564109173712, 2354.4055555555556
872.0337686479913, 2334.987777777778
872.4110565060084, 2344.6966666666667
872.7882744709003, 2361.6872222222223
873.1654225221448, 2378.677777777778
873.5425006392201, 2310.7155555555555
873.9195088016037, 2271.88
874.2964469887736, 2388.3866666666668
874.6733151802077, 2351.9783333333335
875.050113355384, 2313.1427777777776
875.4268414937803, 2313.1427777777776
875.8034995748744, 2376.2505555555554
876.1800875781444, 2376.2505555555554
876.5566054830679, 2332.5605555555558
876.9330532691229, 2288.8705555555557
877.3094309157873, 2308.2883333333334
877.6857384025392, 2315.57
878.061975708856, 2368.968888888889
878.438142814216, 2366.5416666666665
878.8142396980969, 2378.677777777778
879.1902663399766, 2325.278888888889
879.5662227193332, 2368.968888888889
879.9421088156442, 2351.9783333333335
880.3179246083878, 2315.57
880.6936700770416, 2361.6872222222223
881.0693452010837, 2354.4055555555556
881.4449499599921, 2356.8327777777777
881.8204843332443, 2347.123888888889
882.1959483003185, 2378.677777777778
882.5713418406924, 2449.0672222222224
882.9466649338441, 2330.133333333333
883.3219175592512, 2330.133333333333
883.6970996963919, 2368.968888888889
884.0722113247438, 2288.8705555555557
884.4472524237849, 2434.503888888889
884.822222972993, 2332.5605555555558
885.1971229518462, 2342.2694444444446
885.5719523398224, 2274.307222222222
885.9467111163991, 2296.152222222222
886.3213992610544, 2325.278888888889
886.6960167532662, 2361.6872222222223
887.0705635725126, 2385.9594444444447
887.4450396982711, 2366.5416666666665
887.8194451100198, 2364.1144444444444
888.1937797872365, 2262.1711111111113
888.568043709399, 2322.8516666666665
888.9422368559856, 2320.4244444444444
889.3163592064737, 2334.987777777778
889.6904107403415, 2330.133333333333
890.0643914370667, 2385.9594444444447
890.438301276127, 2347.123888888889
890.8121402370008, 2366.5416666666665
891.1859082991656, 2364.1144444444444
891.5596054420996, 2284.016111111111
891.9332316452803, 2330.133333333333
892.3067868881857, 2247.6077777777778
892.6802711502938, 2354.4055555555556
893.0536844110824, 2368.968888888889
893.4270266500296, 2366.5416666666665
893.8002978466128, 2279.161666666667
894.1734979803103, 2276.7344444444443
894.5466270305999, 2305.8611111111113
894.9196849769595, 2410.2316666666666
895.2926717988669, 2359.26
895.6655874758, 2407.8044444444445
896.0384319872365, 2305.8611111111113
896.4112053126547, 2305.8611111111113
896.7839074315323, 2327.706111111111
897.156538323347, 2424.795
897.529097967577, 2317.9972222222223
897.9015863436998, 2388.3866666666668
898.2740034311936, 2334.987777777778
898.6463492095362, 2320.4244444444444
899.0186236582055, 2344.6966666666667
899.3908267566794, 2417.5133333333333
899.7629584844356, 2327.706111111111
900.1350188209522, 2354.4055555555556
900.5070077457069, 2332.5605555555558
900.8789252381778, 2344.6966666666667
901.2507712778427, 2284.016111111111
901.6225458441793, 2359.26
901.9942489166658, 2330.133333333333
902.3658804747797, 2308.2883333333334
902.7374404979993, 2339.842222222222
903.1089289658024, 2337.415
903.4803458576665, 2347.123888888889
903.8516911530699, 2327.706111111111
904.2229648314902, 2334.987777777778
904.5941668724056, 2327.706111111111
904.9652972552939, 2364.1144444444444
905.3363559596327, 2320.4244444444444
905.7073429649, 2398.0955555555556
906.0782582505739, 2325.278888888889
906.4491017961321, 2378.677777777778
906.8198735810525, 2364.1144444444444
907.1905735848133, 2337.415
907.5612017868917, 2327.706111111111
907.9317581667661, 2373.8233333333333
908.3022427039143, 2351.9783333333335
908.6726553778141, 2291.297777777778
909.0429961679436, 2271.88
909.4132650537804, 2383.532222222222
909.7834620148025, 2398.0955555555556
910.1535870304876, 2279.161666666667
910.523640080314, 2347.123888888889
910.8936211437593, 2429.6494444444443
911.2635302003015, 2305.8611111111113
911.6333672294182, 2390.813888888889
912.0031322105876, 2364.1144444444444
912.3728251232876, 2281.588888888889
912.742445946996, 2284.016111111111
913.1119946611905, 2398.0955555555556
913.4814712453491, 2356.8327777777777
913.8508756789498, 2344.6966666666667
914.2202079414703, 2264.5983333333334
914.5894680123887, 2322.8516666666665
914.9586558711829, 2327.706111111111
915.3277714973304, 2378.677777777778
915.6968148703095, 2412.6588888888887
916.0657859695979, 2342.2694444444446
916.4346847746734, 2347.123888888889
916.8035112650142, 2344.6966666666667
917.1722654200979, 2405.3772222222224
917.5409472194023, 2354.4055555555556
917.9095566424055, 2293.725
918.2780936685854, 2393.241111111111
918.6465582774198, 2368.968888888889
919.0149504483866, 2320.4244444444444
919.3832701609637, 2388.3866666666668
919.7515173946289, 2395.6683333333335
920.1196921288599, 2334.987777777778
920.4877943431352, 2337.415
920.8558240169323, 2342.2694444444446
921.223781129729, 2298.5794444444446
921.5916656610033, 2344.6966666666667
921.9594775902328, 2296.152222222222
922.327216896896, 2339.842222222222
922.6948835604703, 2308.2883333333334
923.0624775604338, 2378.677777777778
923.4299988762641, 2320.4244444444444
923.7974474874394, 2461.2033333333334
924.1648233734376, 2366.5416666666665
924.5321265137363, 2286.443333333333
924.8993568878135, 2371.396111111111
925.2665144751472, 2327.706111111111
925.6335992552152, 2281.588888888889
926.0006112074952, 2364.1144444444444
926.3675503114656, 2330.133333333333
926.7344165466038, 2395.6683333333335
927.1012098923877, 2417.5133333333333
927.4679303282956, 2327.706111111111
927.8345778338048, 2325.278888888889
928.2011523883937, 2366.5416666666665
928.5676539715399, 2364.1144444444444
928.9340825627213, 2327.706111111111
929.300438141416, 2378.677777777778
929.6667206871015, 2339.842222222222
930.032930179256, 2344.6966666666667
930.3990665973574, 2422.367777777778
930.7651299208834, 2359.26
931.131120129312, 2356.8327777777777
931.497037202121, 2390.813888888889
931.8628811187882, 2330.133333333333
932.2286518587919, 2344.6966666666667
932.5943494016095, 2308.2883333333334
932.959973726719, 2334.987777777778
933.3255248135985, 2332.5605555555558
933.6910026417256, 2337.415
934.0564071905786, 2344.6966666666667
934.421738439635, 2383.532222222222
934.7869963683726, 2373.8233333333333
935.1521809562696, 2317.9972222222223
935.5172921828038, 2354.4055555555556
935.882330027453, 2330.133333333333
936.2472944696952, 2364.1144444444444
936.6121854890082, 2378.677777777778
936.9770030648699, 2320.4244444444444
937.3417471767581, 2354.4055555555556
937.7064178041509, 2298.5794444444446
938.071014926526, 2388.3866666666668
938.4355385233613, 2356.8327777777777
938.7999885741348, 2303.4338888888888
939.1643650583242, 2427.222222222222
939.5286679554074, 2354.4055555555556
939.8928972448628, 2351.9783333333335
940.2570529061674, 2368.968888888889
940.6211349187996, 2317.9972222222223
940.9851432622372, 2347.123888888889
941.3490779159583, 2267.0255555555555
941.7129388594406, 2419.9405555555554
942.0767260721618, 2390.813888888889
942.4404395336, 2296.152222222222
942.8040792232331, 2436.931111111111
943.1676451205389, 2359.26
943.5311372049953, 2313.1427777777776
943.8945554560802, 2288.8705555555557
944.2578998532713, 2368.968888888889
944.621170376047, 2395.6683333333335
944.9843670038847, 2381.105
945.3474897162623, 2322.8516666666665
945.710538492658, 2296.152222222222
946.0735133125493, 2390.813888888889
946.4364141554144, 2368.968888888889
946.7992410007312, 2317.9972222222223
947.1619938279771, 2342.2694444444446
947.5246726166306, 2330.133333333333
947.8872773461691, 2400.5227777777777
948.2498079960709, 2284.016111111111
948.6122645458137, 2339.842222222222
948.9746469748751, 2298.5794444444446
949.3369552627336, 2347.123888888889
949.6991893888663, 2366.5416666666665
950.0613493327519, 2269.4527777777776
950.4234350738678, 2390.813888888889
950.7854465916919, 2388.3866666666668
951.1473838657021, 2339.842222222222
951.5092468753764, 2393.241111111111
951.871035600193, 2334.987777777778
952.2327500196291, 2342.2694444444446
952.5943901131628, 2395.6683333333335
952.9559558602721, 2347.123888888889
953.3174472404351, 2339.842222222222
953.6788642331294, 2368.968888888889
954.040206817833, 2284.016111111111
954.4014749740235, 2320.4244444444444
954.7626686811789, 2330.133333333333
955.1237879187775, 2313.1427777777776
955.4848326662968, 2419.9405555555554
955.8458029032148, 2317.9972222222223
956.2066986090091, 2371.396111111111
956.5675197631579, 2351.9783333333335
956.9282663451391, 2327.706111111111
957.2889383344307, 2317.9972222222223
957.6495357105102, 2334.987777777778
958.0100584528556, 2293.725
958.3705065409446, 2327.706111111111
958.7308799542557, 2325.278888888889
959.0911786722664, 2305.8611111111113
959.4514026744546, 2422.367777777778
959.8115519402979, 2356.8327777777777
960.1716264492745, 2301.0066666666667
960.5316261808625, 2330.133333333333
960.8915511145395, 2349.551111111111
961.2514012297835, 2359.26
961.6111765060718, 2383.532222222222
961.9708769228831, 2385.9594444444447
962.330502459695, 2332.5605555555558
962.6900530959854, 2371.396111111111
963.0495288112322, 2381.105
963.4089295849129, 2368.968888888889
963.7682553965058, 2432.076666666667
964.1275062254888, 2361.6872222222223
964.4866820513397, 2322.8516666666665
964.8457828535363, 2390.813888888889
965.2048086115565, 2337.415
965.5637593048781, 2344.6966666666667
965.9226349129792, 2308.2883333333334
966.2814354153378, 2322.8516666666665
966.6401607914315, 2390.813888888889
966.998811020738, 2276.7344444444443
967.3573860827355, 2398.0955555555556
967.715885956902, 2320.4244444444444
968.0743106227152, 2376.2505555555554
968.4326600596529, 2317.9972222222223
968.7909342471929, 2393.241111111111
969.1491331648133, 2342.2694444444446
969.5072567919922, 2317.9972222222223
969.8653051082072, 2305.8611111111113
970.2232780929362, 2339.842222222222
970.5811757256569, 2334.987777777778
970.9389979858473, 2288.8705555555557
971.2967448529856, 2359.26
971.6544163065495, 2325.278888888889
972.0120123260166, 2371.396111111111
972.3695328908652, 2359.26
972.7269779805728, 2315.57
973.0843475746177, 2366.5416666666665
973.4416416524775, 2383.532222222222
973.7988601936299, 2327.706111111111
974.1560031775534, 2279.161666666667
974.5130705837252, 2325.278888888889
974.8700623916237, 2320.4244444444444
975.2269785807267, 2330.133333333333
975.5838191305116, 2339.842222222222
975.940584020457, 2378.677777777778
976.2972732300401, 2354.4055555555556
976.6538867387394, 2347.123888888889
977.0104245260326, 2337.415
977.366886571397, 2351.9783333333335
977.7232728543113, 2303.4338888888888
978.079583354253, 2330.133333333333
978.4358180507, 2378.677777777778
978.7919769231304, 2368.968888888889
979.1480599510217, 2332.5605555555558
979.5040671138518, 2293.725
979.8599983910992, 2337.415
980.2158537622412, 2303.4338888888888
980.5716332067559, 2332.5605555555558
980.9273367041209, 2385.9594444444447
981.2829642338144, 2317.9972222222223
981.6385157753143, 2359.26
981.9939913080984, 2322.8516666666665
982.3493908116445, 2332.5605555555558
982.7047142654303, 2364.1144444444444
983.0599616489342, 2344.6966666666667
983.4151329416338, 2347.123888888889
983.770228123007, 2361.6872222222223
984.1252471725317, 2395.6683333333335
984.4801900696855, 2325.278888888889
984.8350567939466, 2315.57
985.189847324793, 2354.4055555555556
985.5445616417024, 2337.415
985.8991997241528, 2393.241111111111
986.2537615516217, 2330.133333333333
986.6082471035874, 2349.551111111111
986.9626563595276, 2378.677777777778
987.3169892989204, 2310.7155555555555
987.6712459012435, 2364.1144444444444
988.0254261459746, 2342.2694444444446
988.3795300125918, 2313.1427777777776
988.733557480573, 2410.2316666666666
989.0875085293962, 2366.5416666666665
989.4413831385392, 2301.0066666666667
989.7951812874794, 2395.6683333333335
990.1489029556951, 2376.2505555555554
990.5025481226647, 2376.2505555555554
990.8561167678653, 2267.0255555555555
991.2096088707751, 2337.415
991.5630244108718, 2412.6588888888887
991.9163633676334, 2339.842222222222
992.269625720538, 2378.677777777778
992.6228114490633, 2305.8611111111113
992.9759205326872, 2349.551111111111
993.3289529508872, 2339.842222222222
993.6819086831417, 2342.2694444444446
994.0347877089287, 2434.503888888889
994.3875900077255, 2334.987777777778
994.7403155590106, 2376.2505555555554
995.0929643422612, 2371.396111111111
995.4455363369556, 2327.706111111111
995.7980315225718, 2271.88
996.1504498785876, 2349.551111111111
996.5027913844808, 2364.1144444444444
996.8550560197291, 2308.2883333333334
997.2072437638105, 2320.4244444444444
997.5593545962032, 2240.326111111111
997.9113884963849, 2371.396111111111
998.2633454438334, 2334.987777777778
998.6152254180263, 2407.8044444444445
998.967028398442, 2332.5605555555558
999.3187543645583, 2368.968888888889
999.6704032958529, 2347.123888888889
1000.0219751718037, 2334.987777777778
1000.3734699718887, 2381.105
1000.7248876755855, 2400.5227777777777
1001.0762282623723, 2361.6872222222223
1001.4274917117272, 2364.1144444444444
1001.7786780031272, 2325.278888888889
1002.1297871160513, 2327.706111111111
1002.4808190299765, 2356.8327777777777
1002.831773724381, 2347.123888888889
1003.1826511787431, 2349.551111111111
1003.5334513725397, 2364.1144444444444
1003.8841742852499, 2398.0955555555556
1004.2348198963505, 2310.7155555555555
1004.58538818532, 2334.987777777778
1004.9358791316362, 2332.5605555555558
1005.2862927147766, 2349.551111111111
1005.6366289142197, 2366.5416666666665
1005.9868877094427, 2366.5416666666665
1006.3370690799243, 2364.1144444444444
1006.6871730051417, 2381.105
1007.0371994645731, 2288.8705555555557
1007.387148437696, 2325.278888888889
1007.7370199039891, 2364.1144444444444
1008.0868138429296, 2339.842222222222
1008.4365302339957, 2327.706111111111
1008.7861690566647, 2257.3166666666666
1009.135730290415, 2334.987777777778
1009.4852139147247, 2383.532222222222
1009.8346199090714, 2376.2505555555554
1010.183948252933, 2291.297777777778
1010.5331989257868, 2388.3866666666668
1010.8823719071117, 2276.7344444444443
1011.2314671763851, 2398.0955555555556
1011.5804847130852, 2305.8611111111113
1011.9294244966892, 2293.725
1012.2782865066753, 2303.4338888888888
1012.6270707225216, 2368.968888888889
1012.9757771237059, 2351.9783333333335
1013.3244056897063, 2368.968888888889
1013.6729564000002, 2298.5794444444446
1014.0214292340655, 2317.9972222222223
1014.3698241713803, 2395.6683333333335
1014.7181411914225, 2332.5605555555558
1015.0663802736703, 2342.2694444444446
1015.414541397601, 2373.8233333333333
1015.7626245426926, 2305.8611111111113
1016.1106296884232, 2291.297777777778
1016.4585568142705, 2371.396111111111
1016.8064058997128, 2337.415
1017.1541769242275, 2330.133333333333
1017.5018698672923, 2320.4244444444444
1017.8494847083857, 2327.706111111111
1018.1970214269853, 2376.2505555555554
1018.544480002569, 2378.677777777778
1018.8918604146148, 2410.2316666666666
1019.2391626426003, 2298.5794444444446
1019.5863866660034, 2315.57
1019.9335324643024, 2320.4244444444444
1020.2806000169747, 2385.9594444444447
1020.6275893034986, 2381.105
1020.9745003033515, 2378.677777777778
1021.3213329960116, 2276.7344444444443
1021.6680873609569, 2308.2883333333334
1022.0147633776651, 2402.95
1022.3613610256143, 2356.8327777777777
1022.7078802842818, 2288.8705555555557
1023.054321133146, 2339.842222222222
1023.4006835516849, 2354.4055555555556
1023.7469675193759, 2368.968888888889
1024.0931730156972, 2364.1144444444444
1024.4393000201267, 2368.968888888889
1024.785348512142, 2400.5227777777777
1025.1313184712212, 2233.0444444444443
1025.4772098768424, 2322.8516666666665
1025.8230227084832, 2344.6966666666667
1026.1687569456215, 2342.2694444444446
1026.5144125677348, 2279.161666666667
1026.8599895543018, 2284.016111111111
1027.2054878848003, 2308.2883333333334
1027.5509075387072, 2407.8044444444445
1027.8962484955014, 2371.396111111111
1028.2415107346603, 2354.4055555555556
1028.586694235662, 2332.5605555555558
1028.9317989779845, 2378.677777777778
1029.2768249411054, 2356.8327777777777
1029.6217721045025, 2356.8327777777777
1029.9666404476538, 2356.8327777777777
