# FLAME spectrum data format
# Time of snapshot: 2021-02-08T18:31:16Eastern Standard Time
# Number of frames accumulated: 0
# Scan time per exposure [us]: 100000
# Wavelength [nm], Intensity [count]:
189.1861363086452, 1953.9138888888888
189.64926416366848, 1983.0405555555556
190.11235512512943, 2041.293888888889
190.57540917250594, 2012.1672222222223
191.03842628527582, 2026.7305555555556
191.50140644291702, 1987.895
191.9643496249074, 2089.838333333333
192.4272558107249, 2041.293888888889
192.89012497984731, 2084.983888888889
193.35295711175254, 2150.518888888889
193.81575218591854, 2126.2466666666664
194.27851018182312, 2152.946111111111
194.7412310789442, 2206.345
195.20391485675964, 2208.7722222222224
195.66656149474733, 2194.208888888889
196.12917097238517, 2225.762777777778
196.59174326915107, 2344.6966666666667
197.05427836452282, 2254.8894444444445
197.51677623797838, 2271.88
197.97923686899566, 2322.8516666666665
198.44166023705247, 2351.9783333333335
198.9040463216267, 2291.297777777778
199.36639510219626, 2322.8516666666665
199.82870655823908, 2322.8516666666665
200.29098066923297, 2351.9783333333335
200.7532174146558, 2410.2316666666666
201.21541677398554, 2366.5416666666665
201.6775787267, 2434.503888888889
202.13970325227712, 2390.813888888889
202.60179033019475, 2356.8327777777777
203.06383993993072, 2400.5227777777777
203.52585206096302, 2432.076666666667
203.9878266727695, 2495.1844444444446
204.44976375482798, 2419.9405555555554
204.91166328661643, 2480.621111111111
205.3735252476127, 2424.795
205.83534961729464, 2383.532222222222
206.2971363751402, 2400.5227777777777
206.75888550062717, 2478.193888888889
207.22059697323357, 2427.222222222222
207.68227077243716, 2446.64
208.14390687771592, 2364.1144444444444
208.6055052685476, 2419.9405555555554
209.0670659244102, 2410.2316666666666
209.5285888247816, 2468.485
209.99007394913966, 2410.2316666666666
210.4515212769622, 2446.64
210.9129307877272, 2429.6494444444443
211.3743024609125, 2424.795
211.835636275996, 2424.795
212.29693221245557, 2449.0672222222224
212.7581902497691, 2351.9783333333335
213.21941036741444, 2434.503888888889
213.68059254486954, 2432.076666666667
214.14173676161224, 2441.7855555555557
214.60284299712043, 2439.358333333333
215.06391123087198, 2458.7761111111113
215.52494144234484, 2354.4055555555556
215.9859336110168, 2412.6588888888887
216.4468877163658, 2364.1144444444444
216.9078037378697, 2492.757222222222
217.36868165500644, 2463.6305555555555
217.82952144725382, 2407.8044444444445
218.29032309408976, 2461.2033333333334
218.75108657499214, 2368.968888888889
219.2118118694389, 2466.0577777777776
219.67249895690784, 2422.367777777778
220.13314781687689, 2449.0672222222224
220.5937584288239, 2368.968888888889
221.0543307722268, 2497.6116666666667
221.51486482656347, 2492.757222222222
221.97536057131174, 2364.1144444444444
222.43581798594948, 2429.6494444444443
222.8962370499547, 2483.048333333333
223.35661774280518, 2439.358333333333
223.81696004397878, 2490.33
224.2772639329535, 2412.6588888888887
224.73752938920714, 2424.795
225.1977563922176, 2422.367777777778
225.65794492146279, 2439.358333333333
226.1180949564205, 2451.4944444444445
226.57820647656874, 2451.4944444444445
227.03827946138532, 2436.931111111111
227.4983138903481, 2310.7155555555555
227.95830974293503, 2385.9594444444447
228.418266998624, 2407.8044444444445
228.87818563689282, 2402.95
229.33806563721944, 2400.5227777777777
229.79790697908172, 2487.902777777778
230.25770964195752, 2417.5133333333333
230.71747360532476, 2390.813888888889
231.1771988486613, 2422.367777777778
231.63688535144504, 2395.6683333333335
232.09653309315385, 2415.086111111111
232.5561420532656, 2381.105
233.01571221125823, 2429.6494444444443
233.4752435466096, 2451.4944444444445
233.93473603879755, 2422.367777777778
234.3941896673, 2398.0955555555556
234.85360441159483, 2531.592777777778
235.31298025115996, 2458.7761111111113
235.77231716547317, 2470.912222222222
236.23161513401246, 2485.4755555555557
236.69087413625567, 2439.358333333333
237.15009415168063, 2466.0577777777776
237.60927515976533, 2453.9216666666666
238.0684171399876, 2436.931111111111
238.52752007182528, 2390.813888888889
238.9865839347563, 2415.086111111111
239.44560870825856, 2424.795
239.90459437180988, 2417.5133333333333
240.36354090488823, 2415.086111111111
240.82244828697142, 2400.5227777777777
241.28131649753738, 2422.367777777778
241.740145516064, 2441.7855555555557
242.1989353220291, 2453.9216666666666
242.65768589491063, 2422.367777777778
243.1163972141864, 2395.6683333333335
243.5750692593344, 2553.4377777777777
244.03370200983244, 2393.241111111111
244.49229544515842, 2456.3488888888887
244.95084954479023, 2398.0955555555556
245.40936428820572, 2412.6588888888887
245.8678396548828, 2434.503888888889
246.3262756242994, 2461.2033333333334
246.7846721759333, 2419.9405555555554
247.2430292892625, 2347.123888888889
247.7013469437648, 2441.7855555555557
248.15962511891811, 2398.0955555555556
248.61786379420033, 2466.0577777777776
249.0760629490893, 2439.358333333333
249.53422256306294, 2432.076666666667
249.9923426155991, 2359.26
250.4504230861757, 2419.9405555555554
250.90846395427067, 2347.123888888889
251.3664651993618, 2453.9216666666666
251.82442680092703, 2417.5133333333333
252.2823487384442, 2502.4661111111113
252.7402309913912, 2390.813888888889
253.19807353924597, 2417.5133333333333
253.65587636148632, 2490.33
254.1136394375902, 2478.193888888889
254.57136274703547, 2383.532222222222
255.02904626929998, 2449.0672222222224
255.48668998386165, 2439.358333333333
255.94429387019835, 2470.912222222222
256.401857907788, 2444.212777777778
256.8593820761084, 2451.4944444444445
257.3168663546375, 2410.2316666666666
257.77431072285316, 2449.0672222222224
258.2317151602333, 2417.5133333333333
258.6890796462558, 2441.7855555555557
259.14640416039845, 2500.038888888889
259.6036886821393, 2366.5416666666665
260.0609331909561, 2400.5227777777777
260.51813766632677, 2439.358333333333
260.9753020877292, 2475.766666666667
261.4324264346412, 2509.7477777777776
261.8895106865408, 2456.3488888888887
262.3465548229058, 2468.485
262.8035588232141, 2444.212777777778
263.26052266694353, 2478.193888888889
263.717446333572, 2436.931111111111
264.1743298025776, 2429.6494444444443
264.6311730534378, 2492.757222222222
265.0879760656308, 2500.038888888889
265.5447388186344, 2351.9783333333335
266.00146129192643, 2410.2316666666666
266.4581434649849, 2453.9216666666666
266.91478531728757, 2451.4944444444445
267.3713868283124, 2470.912222222222
267.82794797753724, 2638.3905555555557
268.28446874443995, 2424.795
268.7409491084984, 2422.367777777778
269.19738904919063, 2461.2033333333334
269.6537885459943, 2402.95
270.1101475783875, 2412.6588888888887
270.56646612584797, 2364.1144444444444
271.0227441678536, 2480.621111111111
271.4789816838824, 2470.912222222222
271.93517865341204, 2359.26
272.3913350559207, 2378.677777777778
272.84745087088595, 2417.5133333333333
273.3035260777859, 2456.3488888888887
273.7595606560983, 2485.4755555555557
274.2155545853011, 2483.048333333333
274.6715078448722, 2453.9216666666666
275.1274204142894, 2444.212777777778
275.58329227303074, 2487.902777777778
276.0391234005739, 2424.795
276.4949137763969, 2504.8933333333334
276.9506633799776, 2461.2033333333334
277.4063721907939, 2432.076666666667
277.8620401883236, 2517.0294444444444
278.3176673520446, 2456.3488888888887
278.773253661435, 2487.902777777778
279.22879909597236, 2407.8044444444445
279.68430363513477, 2495.1844444444446
280.1397672584, 2390.813888888889
280.595189945246, 2478.193888888889
281.05057167515076, 2419.9405555555554
281.5059124275919, 2449.0672222222224
281.9612121820476, 2492.757222222222
282.4164709179954, 2473.3394444444443
282.87168861491347, 2492.757222222222
283.3268652522797, 2458.7761111111113
283.78200080957174, 2429.6494444444443
284.2370952662677, 2470.912222222222
284.6921486018453, 2383.532222222222
285.14716079578255, 2470.912222222222
285.60213182755723, 2424.795
286.0570616766474, 2429.6494444444443
286.5119503225307, 2470.912222222222
286.9667977446852, 2461.2033333333334
287.4216039225886, 2427.222222222222
287.87636883571895, 2456.3488888888887
288.33109246355417, 2483.048333333333
288.785774785572, 2451.4944444444445
289.2404157812505, 2427.222222222222
289.6950154300672, 2487.902777777778
290.14957371150035, 2429.6494444444443
290.60409060502775, 2466.0577777777776
291.05856609012716, 2456.3488888888887
291.51300014627657, 2449.0672222222224
291.96739275295386, 2424.795
292.42174388963684, 2453.9216666666666
292.8760535358034, 2434.503888888889
293.3303216709316, 2483.048333333333
293.7845482744991, 2434.503888888889
294.2387333259839, 2475.766666666667
294.6928768048639, 2441.7855555555557
295.14697869061683, 2500.038888888889
295.6010389627208, 2485.4755555555557
296.05505760065347, 2490.33
296.50903458389297, 2458.7761111111113
296.9629698919169, 2436.931111111111
297.4168635042034, 2446.64
297.8707154002302, 2521.883888888889
298.32452555947515, 2427.222222222222
298.7782939614164, 2531.592777777778
299.2320205855315, 2468.485
299.6857054112985, 2453.9216666666666
300.1393484181953, 2344.6966666666667
300.5929495856997, 2468.485
301.0465088932897, 2398.0955555555556
301.50002632044306, 2449.0672222222224
301.9535018466377, 2538.8744444444446
302.40693545135156, 2519.4566666666665
302.8603271140625, 2405.3772222222224
303.31367681424837, 2400.5227777777777
303.7669845313871, 2419.9405555555554
304.2202502449565, 2432.076666666667
304.6734739344345, 2446.64
305.12665557929904, 2466.0577777777776
305.57979515902787, 2507.3205555555555
306.03289265309905, 2458.7761111111113
306.4859480409903, 2470.912222222222
306.93896130217956, 2458.7761111111113
307.39193241614487, 2434.503888888889
307.8448613623638, 2473.3394444444443
308.2977481203145, 2390.813888888889
308.75059266947466, 2490.33
309.20339498932225, 2424.795
309.6561550593353, 2441.7855555555557
310.10887285899145, 2446.64
310.56154836776875, 2429.6494444444443
311.01418156514495, 2432.076666666667
311.46677243059804, 2461.2033333333334
311.9193209436059, 2470.912222222222
312.37182708364634, 2405.3772222222224
312.8242908301973, 2541.3016666666667
313.27671216273677, 2470.912222222222
313.7290910607424, 2470.912222222222
314.1814275036922, 2378.677777777778
314.63372147106406, 2436.931111111111
315.08597294233584, 2436.931111111111
315.53818189698546, 2383.532222222222
315.99034831449075, 2514.6022222222223
316.44247217432957, 2405.3772222222224
316.8945534559799, 2497.6116666666667
317.3465921389196, 2415.086111111111
317.7985882026266, 2495.1844444444446
318.2505416265786, 2478.193888888889
318.7024523902536, 2466.0577777777776
319.1543204731295, 2381.105
319.6061458546842, 2334.987777777778
320.0579285143956, 2473.3394444444443
320.50966843174143, 2463.6305555555555
320.9613655861997, 2449.0672222222224
321.4130199572483, 2385.9594444444447
321.86463152436505, 2451.4944444444445
322.3162002670279, 2446.64
322.76772616471476, 2475.766666666667
323.2192091969033, 2478.193888888889
323.6706493430717, 2417.5133333333333
324.1220465826977, 2393.241111111111
324.5734008952591, 2531.592777777778
325.0247122602339, 2424.795
325.4759806571, 2434.503888888889
325.9272060653352, 2478.193888888889
326.3783884644174, 2432.076666666667
326.8295278338246, 2412.6588888888887
327.2806241530346, 2451.4944444444445
327.7316774015252, 2441.7855555555557
328.1826875587743, 2400.5227777777777
328.63365460425996, 2412.6588888888887
329.08457851745993, 2475.766666666667
329.5354592778521, 2412.6588888888887
329.9862968649143, 2422.367777777778
330.4370912581245, 2434.503888888889
330.88784243696057, 2470.912222222222
331.3385503809005, 2439.358333333333
331.78921506942197, 2466.0577777777776
332.2398364820029, 2456.3488888888887
332.69041459812127, 2393.241111111111
333.1409493972549, 2441.7855555555557
333.59144085888175, 2487.902777777778
334.0418889624796, 2424.795
334.49229368752646, 2395.6683333333335
334.94265501350003, 2461.2033333333334
335.3929729198783, 2446.64
335.8432473861392, 2415.086111111111
336.29347839176063, 2485.4755555555557
336.7436659162204, 2495.1844444444446
337.19380993899625, 2490.33
337.6439104395663, 2468.485
338.0939673974084, 2480.621111111111
338.5439807920004, 2458.7761111111113
338.9939506028201, 2444.212777777778
339.4438768093455, 2422.367777777778
339.89375939105446, 2458.7761111111113
340.34359832742473, 2470.912222222222
340.7933935979344, 2507.3205555555555
341.24314518206126, 2470.912222222222
341.69285305928315, 2412.6588888888887
342.14251720907805, 2473.3394444444443
342.5921376109237, 2422.367777777778
343.0417142442982, 2502.4661111111113
343.4912470886792, 2485.4755555555557
343.9407361235448, 2427.222222222222
344.39018132837265, 2504.8933333333334
344.8395826826408, 2470.912222222222
345.2889401658271, 2490.33
345.73825375740944, 2507.3205555555555
346.1875234368658, 2453.9216666666666
346.63674918367377, 2458.7761111111113
347.0859309773115, 2456.3488888888887
347.53506879725677, 2495.1844444444446
347.9841626229875, 2434.503888888889
348.4332124339816, 2432.076666666667
348.8822182097168, 2453.9216666666666
349.33117992967124, 2419.9405555555554
349.78009757332256, 2410.2316666666666
350.2289711201488, 2485.4755555555557
350.67780054962776, 2538.8744444444446
351.1265858412374, 2509.7477777777776
351.5753269744555, 2419.9405555555554
352.02402392876, 2512.175
352.47267668362883, 2487.902777777778
352.92128521853977, 2417.5133333333333
353.36984951297086, 2441.7855555555557
353.81836954639977, 2512.175
354.26684529830453, 2461.2033333333334
354.715276748163, 2424.795
355.1636638754531, 2453.9216666666666
355.61200665965265, 2417.5133333333333
356.0603050802395, 2427.222222222222
356.50855911669163, 2412.6588888888887
356.9567687484869, 2446.64
357.4049339551032, 2461.2033333333334
357.85305471601833, 2473.3394444444443
358.30113101071026, 2453.9216666666666
358.7491628186568, 2480.621111111111
359.1971501193359, 2492.757222222222
359.64509289222553, 2432.076666666667
360.0929911168034, 2480.621111111111
360.5408447725474, 2422.367777777778
360.98865383893553, 2441.7855555555557
361.4364182954456, 2495.1844444444446
361.88413812155545, 2388.3866666666668
362.3318132967432, 2519.4566666666665
362.7794438004865, 2378.677777777778
363.2270296122632, 2446.64
363.6745707115514, 2483.048333333333
364.1220670778288, 2434.503888888889
364.5695186905733, 2417.5133333333333
365.01692552926295, 2429.6494444444443
365.46428757337543, 2570.4283333333333
365.9116048023887, 2412.6588888888887
366.3588771957806, 2485.4755555555557
366.80610473302926, 2468.485
367.25328739361225, 2492.757222222222
367.7004251570076, 2446.64
368.14751800269306, 2441.7855555555557
368.59456591014674, 2419.9405555555554
369.0415688588464, 2478.193888888889
369.4885268282698, 2485.4755555555557
369.9354397978952, 2497.6116666666667
370.3823077472, 2466.0577777777776
370.82913065566237, 2536.447222222222
371.2759085027602, 2444.212777777778
371.7226412679713, 2463.6305555555555
372.1693289307736, 2449.0672222222224
372.615971470645, 2507.3205555555555
373.0625688670632, 2478.193888888889
373.5091210995062, 2436.931111111111
373.95562814745205, 2402.95
374.4020899903785, 2478.193888888889
374.8485066077633, 2453.9216666666666
375.29487797908456, 2439.358333333333
375.74120408382, 2541.3016666666667
376.1874849014476, 2378.677777777778
376.6337204114452, 2444.212777777778
377.07991059329066, 2495.1844444444446
377.52605542646194, 2429.6494444444443
377.9721548904368, 2432.076666666667
378.41820896469335, 2502.4661111111113
378.8642176287092, 2436.931111111111
379.31018086196246, 2502.4661111111113
379.75609864393084, 2468.485
380.2019709540923, 2485.4755555555557
380.64779777192473, 2466.0577777777776
381.093579076906, 2405.3772222222224
381.5393148485141, 2441.7855555555557
381.98500506622673, 2371.396111111111
382.43064970952184, 2453.9216666666666
382.87624875787736, 2463.6305555555555
383.32180219077117, 2417.5133333333333
383.76730998768113, 2451.4944444444445
384.2127721280851, 2487.902777777778
384.658188591461, 2461.2033333333334
385.1035593572866, 2432.076666666667
385.54888440504004, 2531.592777777778
385.994163714199, 2500.038888888889
386.4393972642414, 2453.9216666666666
386.8845850346451, 2451.4944444444445
387.32972700488807, 2485.4755555555557
387.77482315444814, 2446.64
388.2198734628032, 2441.7855555555557
388.66487790943114, 2466.0577777777776
389.1098364738098, 2514.6022222222223
389.55474913541707, 2502.4661111111113
389.99961587373093, 2458.7761111111113
390.44443666822923, 2470.912222222222
390.8892114983898, 2453.9216666666666
391.3339403436905, 2376.2505555555554
391.7786231836093, 2475.766666666667
392.2232599976239, 2468.485
392.6678507652125, 2514.6022222222223
393.11239546585284, 2485.4755555555557
393.55689407902264, 2446.64
394.0013465841999, 2434.503888888889
394.4457529608626, 2492.757222222222
394.89011318848856, 2410.2316666666666
395.3344272465556, 2463.6305555555555
395.77869511454173, 2419.9405555555554
396.22291677192464, 2407.8044444444445
396.6670921981824, 2485.4755555555557
397.1112213727928, 2444.212777777778
397.55530427523377, 2500.038888888889
397.99934088498316, 2468.485
398.4433311815189, 2429.6494444444443
398.8872751443188, 2419.9405555555554
399.33117275286077, 2475.766666666667
399.7750239866227, 2534.02
400.2188288250826, 2551.0105555555556
400.6625872477181, 2507.3205555555555
401.1062992340072, 2492.757222222222
401.5499647634279, 2415.086111111111
401.99358381545795, 2541.3016666666667
402.43715636957535, 2432.076666666667
402.8806824052578, 2546.156111111111
403.3241619019833, 2485.4755555555557
403.7675948392297, 2529.1655555555553
404.2109811964749, 2480.621111111111
404.6543209531968, 2543.728888888889
405.0976140888734, 2546.156111111111
405.5408605829823, 2434.503888888889
405.9840604150016, 2466.0577777777776
406.4272135644091, 2500.038888888889
406.87032001068275, 2463.6305555555555
407.3133797333004, 2473.3394444444443
407.7563927117399, 2475.766666666667
408.1993589254791, 2512.175
408.64227835399595, 2470.912222222222
409.08515097676843, 2475.766666666667
409.52797677327436, 2436.931111111111
409.97075572299144, 2453.9216666666666
410.4134878053977, 2446.64
410.856172999971, 2500.038888888889
411.2988112861894, 2478.193888888889
411.74140264353053, 2492.757222222222
412.18394705147244, 2436.931111111111
412.6264444894928, 2385.9594444444447
413.0688949370698, 2461.2033333333334
413.5112983736811, 2536.447222222222
413.9536547788046, 2461.2033333333334
414.39596413191833, 2458.7761111111113
414.83822641250003, 2577.71
415.2804416000276, 2456.3488888888887
415.722609673979, 2497.6116666666667
416.16473061383203, 2470.912222222222
416.6068043990647, 2468.485
417.0488310091547, 2451.4944444444445
417.49081042358, 2434.503888888889
417.93274262181853, 2439.358333333333
418.37462758334823, 2504.8933333333334
418.8164652876469, 2439.358333333333
419.25825571419233, 2470.912222222222
419.6999988424625, 2446.64
420.1416946519353, 2487.902777777778
420.58334312208865, 2502.4661111111113
421.02494423240046, 2434.503888888889
421.46649796234846, 2432.076666666667
421.9080042914106, 2405.3772222222224
422.34946319906476, 2453.9216666666666
422.7908746647889, 2485.4755555555557
423.2322386680608, 2466.0577777777776
423.6735551883584, 2514.6022222222223
424.1148242051596, 2490.33
424.55604569794224, 2519.4566666666665
424.99721964618425, 2551.0105555555556
425.43834602936346, 2400.5227777777777
425.87942482695786, 2429.6494444444443
426.32045601844516, 2495.1844444444446
426.7614395833034, 2470.912222222222
427.20237550101035, 2475.766666666667
427.643263751044, 2526.7383333333332
428.0841043128821, 2483.048333333333
428.5248971660027, 2483.048333333333
428.96564228988353, 2500.038888888889
429.4063396640026, 2439.358333333333
429.8469892678377, 2478.193888888889
430.2875910808667, 2495.1844444444446
430.72814508256766, 2519.4566666666665
431.1686512524183, 2587.418888888889
431.6091095698964, 2458.7761111111113
432.04952001448015, 2429.6494444444443
432.48988256564724, 2483.048333333333
432.93019720287555, 2500.038888888889
433.37046390564296, 2441.7855555555557
433.8106826534275, 2453.9216666666666
434.2508534257068, 2444.212777777778
434.690976201959, 2441.7855555555557
435.13105096166186, 2441.7855555555557
435.57107768429324, 2509.7477777777776
436.011056349331, 2519.4566666666665
436.4509869362532, 2470.912222222222
436.8908694245375, 2495.1844444444446
437.330703793662, 2466.0577777777776
437.7704900231044, 2514.6022222222223
438.2102280923426, 2519.4566666666665
438.64991798085464, 2490.33
439.0895596681183, 2473.3394444444443
439.52915313361143, 2463.6305555555555
439.968698356812, 2405.3772222222224
440.4081953171978, 2393.241111111111
440.84764399424677, 2519.4566666666665
441.28704436743686, 2524.311111111111
441.7263964162458, 2519.4566666666665
442.1657001201515, 2543.728888888889
442.604955458632, 2480.621111111111
443.044162411165, 2451.4944444444445
443.48332095722856, 2458.7761111111113
443.92243107630037, 2524.311111111111
444.36149274785845, 2584.991666666667
444.80050595138067, 2514.6022222222223
445.2394706663448, 2534.02
445.67838687222894, 2507.3205555555555
446.11725454851074, 2429.6494444444443
446.5560736746682, 2502.4661111111113
446.99484423017924, 2521.883888888889
447.4335661945217, 2589.846111111111
447.8722395471734, 2512.175
448.3108642676124, 2473.3394444444443
448.74944033531636, 2509.7477777777776
449.18796772976333, 2456.3488888888887
449.6264464304311, 2534.02
450.0648764167976, 2543.728888888889
450.5032576683408, 2495.1844444444446
450.94159016453835, 2509.7477777777776
451.37987388486823, 2487.902777777778
451.8181088088085, 2551.0105555555556
452.25629491583686, 2570.4283333333333
452.6944321854313, 2526.7383333333332
453.1325205970696, 2543.728888888889
453.5705601302296, 2483.048333333333
454.00855076438944, 2509.7477777777776
454.44649247902674, 2485.4755555555557
454.8843852536195, 2517.0294444444444
455.32222906764554, 2478.193888888889
455.76002390058284, 2543.728888888889
456.19776973190926, 2519.4566666666665
456.63546654110263, 2531.592777777778
457.07311430764076, 2521.883888888889
457.5107130110018, 2517.0294444444444
457.9482626306634, 2526.7383333333332
458.38576314610356, 2563.1466666666665
458.82321453680004, 2500.038888888889
459.2606167822308, 2509.7477777777776
459.69796986187373, 2483.048333333333
460.13527375520675, 2487.902777777778
460.5725284417076, 2512.175
461.0097339008544, 2553.4377777777777
461.44689011212483, 2500.038888888889
461.8839970549969, 2543.728888888889
462.3210547089484, 2517.0294444444444
462.7580630534572, 2548.5833333333335
463.1950220680013, 2468.485
463.63193173205855, 2558.2922222222223
464.0687920251067, 2507.3205555555555
464.5056029266238, 2551.0105555555556
464.9423644160876, 2568.001111111111
465.3790764729762, 2487.902777777778
465.8157390767672, 2490.33
466.2523522069386, 2502.4661111111113
466.6889158429684, 2529.1655555555553
467.12542996433433, 2480.621111111111
467.5618945505144, 2463.6305555555555
467.9983095809864, 2558.2922222222223
468.4346750352282, 2529.1655555555553
468.8709908927178, 2558.2922222222223
469.30725713293293, 2509.7477777777776
469.7434737353516, 2548.5833333333335
470.1796406794516, 2543.728888888889
470.6157579447109, 2558.2922222222223
471.05182551060733, 2558.2922222222223
471.4878433566188, 2606.8366666666666
471.9238114622231, 2524.311111111111
472.35972980689826, 2565.573888888889
472.7955983701221, 2553.4377777777777
473.23141713137244, 2538.8744444444446
473.66718607012734, 2587.418888888889
474.1029051658645, 2589.846111111111
474.53857439806194, 2623.827222222222
474.97419374619733, 2614.1183333333333
475.4097631897488, 2621.4
475.84528270819413, 2660.2355555555555
476.28075228101125, 2626.2544444444443
476.71617188767794, 2584.991666666667
477.15154150767216, 2633.536111111111
477.5868611204718, 2652.9538888888887
478.0221307055547, 2682.0805555555557
478.4573502423987, 2728.197777777778
478.89251971048185, 2711.2072222222223
479.3276390892819, 2740.333888888889
479.76270835827677, 2745.1883333333335
480.19772749694437, 2779.1694444444443
480.6326964847625, 2740.333888888889
481.0676153012091, 2745.1883333333335
481.50248392576214, 2861.695
481.9373023378993, 2830.141111111111
482.3720705170987, 2822.8594444444443
482.80678844283807, 2832.568333333333
483.2414560945953, 3034.027777777778
483.6760734518483, 3004.9011111111113
484.110640494075, 3014.61
484.5451572007532, 2995.1922222222224
484.9796235513608, 2936.938888888889
485.41403952537576, 3087.4266666666667
485.8484051022759, 3092.281111111111
486.2827202615391, 3126.262222222222
486.7169849826432, 3145.68
487.1511992450663, 3208.7877777777776
487.585363028286, 3332.576111111111
488.01947631178035, 3310.731111111111
488.4535390750272, 3400.5383333333334
488.88755129750444, 3419.956111111111
489.32151295868994, 3451.51
489.75542403806156, 3526.753888888889
490.1892845150972, 3507.336111111111
490.6230943692748, 3623.842777777778
491.05685358007213, 3774.3305555555557
491.4905621269672, 3703.9411111111112
491.9242199894378, 3866.565
492.3578271469619, 3944.2361111111113
492.7913835790173, 4012.1983333333333
493.2248892650819, 4009.771111111111
493.65834418463356, 4203.948888888889
494.09174831715035, 4254.920555555555
494.52510164210986, 4419.971666666666
494.9584041389902, 4405.408333333334
495.3916557872692, 4604.440555555556
495.8248565664246, 4677.2572222222225
496.25800645593455, 4837.453888888889
496.69110543527665, 4885.998333333333
497.124153483929, 5038.913333333333
497.5571505813694, 5177.265
497.99009670707574, 5383.578888888889
498.42299184052587, 5555.911666666667
498.8558359611977, 5638.437222222222
499.28862904856913, 5788.925
499.72137108211814, 5963.685
500.15406204132233, 6160.29
500.5867019056598, 6356.895
501.01929065460854, 6470.974444444444
501.45182826764614, 6643.307222222223
501.8843147242507, 6871.466111111111
502.3167500039, 7072.925555555556
502.749134086072, 7271.957777777778
503.1814669502445, 7670.022222222222
503.6137485758955, 7701.5761111111115
504.04597894250264, 8116.631111111111
504.4781580295442, 8228.283333333333
504.9102858164977, 8594.79388888889
505.3423622828412, 8861.788333333334
505.7743874080526, 9201.599444444444
506.20636117160956, 9439.467222222222
506.63828355299034, 9839.958888888888
507.07015453167253, 10012.291666666666
507.50197408713404, 10519.58111111111
507.93374219885294, 10602.106666666667
508.36545884630686, 10978.326111111111
508.7971240089739, 11354.545555555556
509.2287376663318, 11449.207222222221
509.66029979785856, 11951.642222222223
510.0918103830321, 12085.139444444445
510.5232694013299, 12170.092222222222
510.9546768322305, 12907.967777777778
511.3860326552112, 13167.680555555555
511.81733684975023, 13264.769444444444
512.2485893953253, 13640.988888888889
512.6797902714144, 13917.692222222222
513.1109394574953, 14315.756666666666
513.5420369330461, 14526.925
513.9730826775443, 14891.008333333333
514.4040766704684, 14944.407222222222
514.8350188912955, 15276.936666666666
515.2659093195042, 15524.513333333334
515.6967479345718, 15925.005
516.1275347159767, 16087.628888888888
516.5582696431964, 16221.12611111111
516.9889526957089, 16218.698888888888
517.4195838529922, 16570.64611111111
517.8501630945242, 16648.317222222224
518.2806903997824, 16721.13388888889
518.7111657482452, 16971.137777777778
519.1415891193901, 16810.94111111111
519.5719604926952, 17107.062222222223
520.0022798476382, 17170.17
520.4325471636973, 17153.179444444446
520.8627624203501, 17114.34388888889
521.2929255970745, 17063.37222222222
521.7230366733485, 17153.179444444446
522.1530956286498, 16723.56111111111
522.5831024424566, 16946.865555555556
523.0130570942465, 16747.833333333332
523.4429595634975, 16903.175555555557
523.8728098296876, 16616.763333333332
524.3026078722943, 16665.307777777776
524.732353670796, 16228.407777777778
525.1620472046701, 16041.511666666667
525.5916884533947, 16075.492777777778
526.0212773964479, 15772.09
526.4508140133071, 15762.381111111112
526.8802982834507, 15354.607777777777
527.3097301863561, 15352.180555555555
527.7391097015015, 15034.214444444444
528.168436808365, 14791.492222222223
528.5977114864237, 14776.92888888889
529.0269337151562, 14796.346666666666
529.4561034740402, 14395.855
529.8852207425534, 14136.142222222223
530.314285500174, 13820.603333333333
530.7432977263796, 13740.505
531.1722574006484, 13439.529444444444
531.6011645024578, 13466.228888888889
532.030019011286, 13060.882777777777
532.458820906611, 12684.663333333334
532.8875701679102, 12541.457222222221
533.3162667746622, 12206.500555555556
533.7449107063443, 12114.266111111112
534.1735019424347, 11852.12611111111
534.602040462411, 11927.37
535.0305262457513, 11514.742222222223
535.4589592719335, 11187.067222222222
535.8873395204353, 10966.19
536.3156669707347, 11068.133333333333
536.7439416023096, 10898.227777777778
537.1721633946379, 10672.496111111112
537.6003323271975, 10536.571666666667
538.028448379466, 10291.422222222222
538.4565115309218, 10065.690555555555
538.8845217610424, 9796.26888888889
539.3124790493057, 9701.607222222223
539.7403833751898, 9463.739444444445
540.1682347181724, 9415.195
540.5960330577315, 9126.355555555556
541.0237783733447, 8920.041666666666
541.4514706444902, 9041.402777777777
541.8791098506459, 8762.272222222222
542.3066959712894, 8645.765555555556
542.7342289858989, 8526.831666666667
543.1617088739521, 8485.568888888889
543.5891356149269, 8400.61611111111
544.0165091883014, 8170.03
544.4438295735529, 7888.472222222223
544.8710967501598, 7871.481666666667
545.2983106976, 7837.500555555555
545.7254713953512, 7555.942777777777
546.1525788228913, 7548.6611111111115
546.5796329596982, 7509.825555555555
547.0066337852497, 7330.211111111111
547.4335812790239, 7191.859444444444
547.8604754204986, 7036.517222222222
548.2873161891516, 7058.362222222222
548.7141035644607, 6835.057777777778
549.140837525904, 6788.940555555556
549.5675180529594, 6762.241111111111
549.9941451251045, 6592.335555555555
550.4207187218174, 6546.218333333333
550.847238822576, 6395.730555555556
551.2737054068582, 6386.0216666666665
551.7001184541417, 6184.562222222222
552.1264779439044, 6109.318333333334
552.5527838556245, 5987.957222222222
552.9790361687795, 5927.276666666667
553.4052348628476, 6043.783333333334
553.8313799173064, 5822.906111111111
554.2574713116339, 5677.272777777778
554.6835090253081, 5645.718888888889
555.1094930378068, 5568.047777777778
555.5354233286079, 5514.648888888889
555.961299877189, 5451.541111111111
556.3871226630284, 5446.6866666666665
556.8128916656038, 5291.344444444445
557.2386068643932, 5330.18
557.6642682388743, 5303.480555555556
558.0898757685251, 5131.147777777778
558.5154294328235, 5143.283888888889
558.9409292112473, 5036.486111111111
559.3663750832743, 5167.556111111111
559.7917670283828, 5099.593888888889
560.2171050260499, 5000.077777777778
560.6423890557544, 4907.843333333333
561.0676190969735, 4902.988888888889
561.4927951291855, 4910.270555555556
561.9179171318682, 4856.871666666667
562.3429850844992, 4890.852777777778
562.7679989665568, 4771.918888888889
563.1929587575185, 4856.871666666667
563.6178644368624, 4796.191111111111
564.0427159840664, 4847.162777777778
564.4675133786083, 4747.6466666666665
564.892256599966, 4830.172222222222
565.3169456276173, 4847.162777777778
565.7415804410404, 4900.5616666666665
566.1661610197128, 4856.871666666667
566.5906873431126, 5026.777222222222
567.0151593907176, 4893.28
567.4395771420056, 4900.5616666666665
567.8639405764549, 4966.096666666666
568.2882496735427, 4978.232777777778
568.7125044127475, 4995.223333333333
569.136704773547, 5201.537222222222
569.560850735419, 5160.274444444444
569.9849422778414, 5218.527777777777
570.408979380292, 5184.546666666667
570.8329620222488, 5383.578888888889
571.2568901831899, 5490.376666666667
571.6807638425926, 5538.921111111111
572.1045829799353, 5640.864444444444
572.5283475746957, 5759.798333333333
572.9520576063518, 5946.694444444444
573.3757130543813, 6034.074444444444
573.7993138982621, 6136.017777777778
574.2228601174724, 6279.223888888889
574.6463516914896, 6352.040555555555
575.069788599792, 6548.645555555556
575.4931708218572, 6684.57
575.916498337163, 6754.959444444445
576.3397711251878, 6898.165555555555
576.7629891654091, 6958.846111111111
577.1861524373047, 7058.362222222222
577.6092609203528, 7470.99
578.0323145940308, 7446.717777777778
578.4553134378172, 7582.642222222222
578.8782574311896, 7631.1866666666665
579.3011465536257, 7691.867222222222
579.7239807846037, 7956.434444444444
580.146760103601, 7992.842777777778
580.5694844900961, 8080.222777777778
580.9921539235664, 8250.128333333334
581.4147683834901, 8191.875
581.8373278493451, 8529.25888888889
582.2598323006089, 8691.882777777777
582.6822817167598, 8599.648333333333
583.1046760772754, 8767.126666666667
583.5270153616337, 8728.291111111112
583.9492995493126, 8975.867777777778
584.3715286197901, 8958.877222222221
584.7937025525439, 8912.76
585.2158213270517, 8988.003888888888
585.6378849227918, 8827.807222222222
586.059893319242, 8873.924444444445
586.4818464958798, 8898.196666666667
586.9037444321838, 8847.225
587.3255871076311, 8917.614444444445
587.7473745017, 8905.478333333333
588.1691065938684, 8900.62388888889
588.590783363614, 8602.075555555555
589.0124047904148, 8735.572777777777
589.4339708537487, 8679.746666666666
589.8554815330937, 8633.629444444445
590.2769368079274, 8504.986666666666
590.6983366577279, 8473.432777777778
591.1196810619729, 8354.49888888889
591.5409700001403, 8269.54611111111
591.9622034517083, 8148.185
592.3833813961545, 8153.039444444445
592.8045038129568, 7873.908888888889
593.2255706815931, 7893.326666666667
593.6465819815413, 7878.763333333333
594.0675376922794, 7798.665
594.488437793285, 7932.162222222222
594.9092822640364, 7599.632777777778
595.3300710840113, 7565.651666666667
595.7508042326872, 7524.388888888889
596.1714816895425, 7361.765
596.5921034340548, 7230.695
597.0126694457022, 7267.1033333333335
597.4331797039623, 7172.441666666667
597.8536341883132, 7104.479444444444
598.2740328782329, 6881.175
598.6943757531989, 7063.216666666666
599.1146627926894, 6970.982222222222
599.5348939761823, 6907.874444444445
599.9550692831551, 6723.405555555555
600.3751886930862, 6771.95
600.795252185453, 6694.278888888889
601.2152597397338, 6638.452777777778
601.6352113354062, 6602.044444444445
602.0551069519482, 6597.19
602.4749465688378, 6504.955555555555
602.8947301655527, 6407.866666666667
603.3144577215706, 6504.955555555555
603.7341292163699, 6546.218333333333
604.153744629428, 6466.12
604.5733039402232, 6478.256111111111
604.9928071282329, 6400.585
605.4122541729356, 6337.477222222222
605.8316450538086, 6395.730555555556
606.2509797503302, 6220.970555555556
606.670258241978, 6133.5905555555555
607.0894805082299, 5934.558333333333
607.5086465285641, 6058.346666666666
607.9277562824581, 6097.182222222223
608.3468097493899, 5956.403333333334
608.7658069088376, 5951.5488888888885
609.1847477402787, 6031.647222222222
609.6036322231914, 5793.779444444444
610.0224603370534, 5856.887222222223
610.4412320613428, 5737.953333333333
610.8599473755373, 5725.817222222222
611.2786062591147, 5507.367222222222
611.6972086915533, 5519.503333333333
612.1157546523305, 5468.531666666667
612.5342441209243, 5298.626111111111
612.952677076813, 5378.724444444444
613.3710534994736, 5419.987222222222
613.789373368385, 5281.635555555556
614.2076366630243, 5332.607222222222
614.62584336287, 5140.856666666667
615.0439934473997, 4997.650555555556
615.4620868960909, 4978.232777777778
615.8801236884221, 4847.162777777778
616.298103803871, 4910.270555555556
616.7160272219153, 5004.932222222223
617.1338939220329, 4878.716666666666
617.5517038837019, 4694.247777777778
617.9694570864001, 4662.693888888889
618.3871535096054, 4689.393333333333
618.8047931327956, 4524.3422222222225
619.2223759354484, 4495.2155555555555
619.6399018970421, 4524.3422222222225
620.0573709970545, 4478.225
620.4747832149632, 4468.516111111111
620.8921385302463, 4424.8261111111115
621.3094369223816, 4453.952777777778
621.7266783708471, 4356.863888888889
622.1438628551207, 4327.737222222222
622.5609903546799, 4284.047222222222
622.9780608490031, 4296.183333333333
623.395074317568, 4165.113333333334
623.8120307398522, 4131.1322222222225
624.228930095334, 4276.765555555556
624.645772363491, 4191.812777777778
625.0625575238014, 4150.55
625.4792855557428, 4070.451666666667
625.8959564387931, 4126.277777777777
626.3125701524302, 4111.714444444445
626.7291266761321, 4048.6066666666666
627.1456259893766, 4150.55
627.5620680716416, 4007.343888888889
627.978452902405, 4026.7616666666668
628.3947804611447, 3912.682222222222
628.8110507273384, 3885.9827777777778
629.2272636804644, 3980.6444444444446
629.6434193000001, 4068.0244444444443
630.0595175654236, 4014.6255555555554
630.4755584562129, 3842.2927777777777
630.8915419518455, 3968.508333333333
631.3074680317999, 3876.273888888889
631.7233366755535, 3949.0905555555555
632.1391478625843, 3893.2644444444445
632.5549015723702, 3917.536666666667
632.9705977843889, 3936.9544444444446
633.3862364781188, 3885.9827777777778
633.8018176330373, 3791.321111111111
634.2173412286224, 3779.185
634.6328072443522, 3839.8655555555556
635.0482156597042, 3849.5744444444445
635.4635664541566, 3953.945
635.8788596071872, 3796.1755555555555
636.2940950982738, 3774.3305555555557
636.7092729068943, 3922.391111111111
637.1243930125266, 3868.992222222222
637.5394553946488, 3784.0394444444446
637.9544600327383, 3735.495
638.3694069062735, 3713.65
638.784295994732, 3750.0583333333334
639.1991272775919, 3645.6877777777777
639.6139007343309, 3742.7766666666666
640.0286163444265, 3694.2322222222224
640.4432740873574, 3635.978888888889
640.857873942601, 3701.5138888888887
641.2724158896351, 3771.903333333333
641.686899907938, 3606.8522222222223
642.101325976987, 3563.162222222222
642.5156940762606, 3679.668888888889
642.9300041852364, 3701.5138888888887
643.344256283392, 3538.89
643.758450350206, 3616.561111111111
644.1725863651554, 3575.298333333333
644.5866643077189, 3439.373888888889
645.0006841573738, 3628.697222222222
645.4146458935983, 3495.2
645.8285494958702, 3592.288888888889
646.2423949436671, 3502.4816666666666
646.6561822164675, 3497.6272222222224
647.0699112937488, 3470.927777777778
647.483582154989, 3594.7161111111113
647.897194779666, 3366.557222222222
648.3107491472578, 3388.402222222222
648.724245237242, 3342.285
649.1376830290968, 3432.092222222222
649.5510625022998, 3449.0827777777777
649.964383636329, 3441.801111111111
650.3776464106625, 3342.285
650.790850804778, 3429.665
651.2039967981532, 3320.44
651.6170843702662, 3327.721666666667
652.0301135005949, 3470.927777777778
652.443084168617, 3385.975
652.8559963538107, 3327.721666666667
653.2688500356536, 3293.7405555555556
653.6816451936236, 3179.661111111111
654.0943818071987, 3320.44
654.5070598558568, 3310.731111111111
654.9196793190757, 3281.6044444444447
655.3322401763332, 3216.0694444444443
655.7447424071077, 3203.9333333333334
656.1571859908762, 3133.543888888889
656.5695709071173, 3269.4683333333332
656.9818971353087, 3211.215
657.394164654928, 3201.5061111111113
657.8063734454535, 3060.7272222222223
658.2185234863628, 3184.5155555555557
658.6306147571338, 3155.3888888888887
659.0426472372449, 3121.407777777778
659.454620906173, 3111.698888888889
659.8665357433969, 3177.233888888889
660.2783917283939, 3133.543888888889
660.6901888406422, 3075.2905555555553
661.1019270596197, 3101.99
661.5136063648039, 3034.027777777778
661.9252267356732, 2983.056111111111
662.336788151705, 3024.318888888889
662.7482905923775, 3097.1355555555556
663.1597340371688, 3063.1544444444444
663.5711184655561, 2990.337777777778
663.9824438570179, 2997.6194444444445
664.3937101910318, 2941.7933333333335
664.8049174470756, 3021.891666666667
665.2160656046276, 2936.938888888889
665.627154643165, 3055.8727777777776
666.0381845421665, 2966.0655555555554
666.4491552811094, 2983.056111111111
666.8600668394716, 2929.657222222222
667.2709191967314, 2936.938888888889
667.6817123323663, 2975.7744444444443
668.0924462258544, 2985.483333333333
668.5031208566734, 3026.746111111111
668.9137362043014, 2970.92
669.324292248216, 2961.211111111111
669.7347889678953, 2922.3755555555554
670.1452263428172, 2956.3566666666666
670.5556043524593, 2922.3755555555554
670.9659229763, 2861.695
671.3761821938167, 2818.005
671.7863819844875, 2910.2394444444444
672.1965223277904, 2801.0144444444445
672.6066032032028, 2871.403888888889
673.0166245902033, 2898.1033333333335
673.4265864682691, 2881.112777777778
673.8364888168785, 2844.7044444444446
674.2463316155092, 2864.1222222222223
674.6561148436392, 2791.3055555555557
675.0658384807463, 2781.596666666667
675.4755025063084, 2878.6855555555558
675.8851068998035, 2876.258333333333
676.2946516407094, 2818.005
676.7041367085039, 2859.2677777777776
677.1135620826649, 2786.451111111111
677.5229277426704, 2844.7044444444446
677.9322336679982, 2861.695
678.3414798381262, 2774.315
678.7506662325325, 2820.432222222222
679.1597928306944, 2686.935
679.5688596120904, 2788.8783333333336
679.977866556198, 2868.9766666666665
680.3868136424953, 2849.5588888888888
680.7957008504601, 2781.596666666667
681.2045281595704, 2747.6155555555556
681.6132955493039, 2764.606111111111
682.0220029991384, 2708.78
682.430650488552, 2776.742222222222
682.8392379970227, 2694.2166666666667
683.2477655040282, 2706.3527777777776
683.6562329890462, 2650.5266666666666
684.064640431555, 2706.3527777777776
684.472987811032, 2706.3527777777776
684.8812751069555, 2713.6344444444444
685.2895022988033, 2713.6344444444444
685.6976693660531, 2682.0805555555557
686.1057762881829, 2689.362222222222
686.5138230446706, 2767.0333333333333
686.9218096149941, 2747.6155555555556
687.3297359786312, 2713.6344444444444
687.7376021150599, 2696.643888888889
688.145408003758, 2711.2072222222223
688.5531536242033, 2716.0616666666665
688.9608389558739, 2740.333888888889
689.3684639782474, 2669.9444444444443
689.7760286708021, 2626.2544444444443
690.1835330130154, 2628.681666666667
690.5909769843656, 2660.2355555555555
690.9983605643303, 2638.3905555555557
691.4056837323875, 2672.3716666666664
691.8129464680152, 2640.817777777778
692.220148750691, 2723.3433333333332
692.6272905598929, 2652.9538888888887
693.0343718750988, 2699.071111111111
693.4413926757868, 2672.3716666666664
693.8483529414345, 2609.2638888888887
694.25525265152, 2669.9444444444443
694.6620917855208, 2667.5172222222222
695.0688703229151, 2667.5172222222222
695.4755882431808, 2628.681666666667
695.8822455257957, 2679.653333333333
696.2888421502378, 2686.935
696.6953780959847, 2635.963333333333
697.1018533425145, 2640.817777777778
697.5082678693051, 2582.5644444444442
697.9146216558341, 2638.3905555555557
698.3209146815799, 2669.9444444444443
698.72714692602, 2611.6911111111112
699.1333183686324, 2589.846111111111
699.5394289888949, 2614.1183333333333
699.9454787662854, 2563.1466666666665
700.3514676802821, 2589.846111111111
700.7573957103624, 2555.865
701.1632628360044, 2601.9822222222224
701.569069036686, 2584.991666666667
701.9748142918851, 2584.991666666667
702.3804985810796, 2577.71
702.7861218837471, 2560.7194444444444
703.1916841793659, 2604.4094444444445
703.5971854474136, 2560.7194444444444
704.0026256673683, 2575.282777777778
704.4080048187078, 2500.038888888889
704.8133228809098, 2558.2922222222223
705.2185798334524, 2555.865
705.6237756558133, 2582.5644444444442
706.0289103274706, 2565.573888888889
706.4339838279021, 2616.5455555555554
706.8389961365859, 2534.02
707.2439472329994, 2555.865
707.6488370966208, 2575.282777777778
708.0536657069279, 2584.991666666667
708.4584330433985, 2466.0577777777776
708.8631390855107, 2575.282777777778
709.2677838127423, 2555.865
709.6723672045712, 2536.447222222222
710.0768892404751, 2487.902777777778
710.4813498999321, 2609.2638888888887
710.88574916242, 2575.282777777778
711.2900870074167, 2589.846111111111
711.6943634144001, 2599.555
712.0985783628479, 2565.573888888889
712.5027318322383, 2534.02
712.906823802049, 2589.846111111111
713.310854251758, 2558.2922222222223
713.7148231608429, 2572.8555555555554
714.1187305087819, 2555.865
714.5225762750528, 2580.137222222222
714.9263604391333, 2558.2922222222223
715.3300829805016, 2519.4566666666665
715.7337438786353, 2584.991666666667
716.1373431130124, 2526.7383333333332
716.5408806631108, 2490.33
716.9443565084084, 2485.4755555555557
717.3477706283832, 2543.728888888889
717.7511230025127, 2565.573888888889
718.1544136102751, 2478.193888888889
718.5576424311482, 2543.728888888889
718.9608094446097, 2526.7383333333332
719.363914630138, 2492.757222222222
719.7669579672105, 2555.865
720.1699394353052, 2512.175
720.5728590138999, 2565.573888888889
720.9757166824728, 2526.7383333333332
721.3785124205016, 2490.33
721.7812462074642, 2536.447222222222
722.1839180228383, 2490.33
722.586527846102, 2497.6116666666667
722.989075656733, 2502.4661111111113
723.3915614342095, 2524.311111111111
723.7939851580091, 2502.4661111111113
724.1963468076099, 2470.912222222222
724.5986463624895, 2541.3016666666667
725.0008838021259, 2509.7477777777776
725.4030591059972, 2526.7383333333332
725.8051722535811, 2436.931111111111
726.2072232243553, 2582.5644444444442
726.6092119977981, 2519.4566666666665
727.011138553387, 2534.02
727.4130028706, 2517.0294444444444
727.8148049289152, 2458.7761111111113
728.2165447078104, 2551.0105555555556
728.6182221867631, 2601.9822222222224
729.0198373452516, 2502.4661111111113
729.4213901627536, 2531.592777777778
729.8228806187471, 2497.6116666666667
730.2243086927101, 2524.311111111111
730.6256743641202, 2555.865
731.0269776124553, 2548.5833333333335
731.4282184171935, 2529.1655555555553
731.8293967578126, 2521.883888888889
732.2305126137903, 2531.592777777778
732.6315659646046, 2541.3016666666667
733.0325567897337, 2495.1844444444446
733.4334850686549, 2480.621111111111
733.8343507808465, 2475.766666666667
734.2351539057863, 2490.33
734.6358944229522, 2490.33
735.0365723118219, 2473.3394444444443
735.4371875518735, 2461.2033333333334
735.8377401225848, 2555.865
736.2382300034338, 2485.4755555555557
736.6386571738981, 2490.33
737.0390216134557, 2480.621111111111
737.4393233015847, 2563.1466666666665
737.8395622177627, 2541.3016666666667
738.2397383414677, 2517.0294444444444
738.6398516521779, 2475.766666666667
739.0399021293706, 2529.1655555555553
739.439889752524, 2502.4661111111113
739.8398145011159, 2461.2033333333334
740.2396763546243, 2492.757222222222
740.639475292527, 2453.9216666666666
741.0392112943019, 2398.0955555555556
741.4388843394269, 2466.0577777777776
741.8384944073797, 2470.912222222222
742.2380414776385, 2456.3488888888887
742.637525529681, 2500.038888888889
743.0369465429851, 2453.9216666666666
743.4363044970287, 2507.3205555555555
743.8355993712896, 2490.33
744.2348311452458, 2478.193888888889
744.6339997983753, 2529.1655555555553
745.0331053101557, 2393.241111111111
745.432147660065, 2458.7761111111113
745.8311268275811, 2490.33
746.230042792182, 2487.902777777778
746.6288955333454, 2475.766666666667
747.0276850305493, 2500.038888888889
747.4264112632713, 2478.193888888889
747.8250742109897, 2524.311111111111
748.2236738531822, 2453.9216666666666
748.6222101693266, 2473.3394444444443
749.0206831389012, 2504.8933333333334
749.4190927413832, 2517.0294444444444
749.817438956251, 2463.6305555555555
750.2157217629822, 2490.33
750.6139411410547, 2495.1844444444446
751.0120970699468, 2419.9405555555554
751.4101895291359, 2473.3394444444443
751.8082184981, 2446.64
752.2061839563171, 2407.8044444444445
752.604085883265, 2497.6116666666667
753.0019242584217, 2463.6305555555555
753.399699061265, 2432.076666666667
753.7974102712727, 2517.0294444444444
754.1950578679227, 2517.0294444444444
754.5926418306931, 2439.358333333333
754.9901621390615, 2451.4944444444445
755.387618772506, 2495.1844444444446
755.7850117105044, 2507.3205555555555
756.1823409325345, 2419.9405555555554
756.5796064180743, 2517.0294444444444
756.9768081466016, 2456.3488888888887
757.3739460975944, 2483.048333333333
757.7710202505305, 2468.485
758.1680305848877, 2483.048333333333
758.564977080144, 2507.3205555555555
758.9618597157773, 2492.757222222222
759.3586784712656, 2582.5644444444442
759.7554333260865, 2444.212777777778
760.1521242597179, 2514.6022222222223
760.5487512516379, 2439.358333333333
760.9453142813243, 2466.0577777777776
761.341813328255, 2521.883888888889
761.738248371908, 2490.33
762.1346193917608, 2502.4661111111113
762.5309263672914, 2429.6494444444443
762.927169277978, 2483.048333333333
763.3233481032983, 2432.076666666667
763.7194628227302, 2441.7855555555557
764.1155134157514, 2456.3488888888887
764.5114998618401, 2478.193888888889
764.9074221404738, 2432.076666666667
765.3032802311308, 2485.4755555555557
765.6990741132888, 2495.1844444444446
766.0948037664257, 2473.3394444444443
766.4904691700191, 2497.6116666666667
766.8860703035473, 2480.621111111111
767.2816071464881, 2463.6305555555555
767.6770796783193, 2502.4661111111113
768.0724878785187, 2500.038888888889
768.4678317265643, 2424.795
768.8631112019339, 2441.7855555555557
769.2583262841056, 2456.3488888888887
769.653476952557, 2509.7477777777776
770.0485631867662, 2461.2033333333334
770.4435849662109, 2451.4944444444445
770.8385422703691, 2441.7855555555557
771.2334350787187, 2385.9594444444447
771.6282633707374, 2359.26
772.0230271259036, 2475.766666666667
772.4177263236944, 2500.038888888889
772.8123609435884, 2461.2033333333334
773.2069309650631, 2500.038888888889
773.6014363675963, 2497.6116666666667
773.9958771306663, 2487.902777777778
774.3902532337505, 2456.3488888888887
774.7845646563271, 2485.4755555555557
775.1788113778739, 2436.931111111111
775.5729933778688, 2434.503888888889
775.9671106357898, 2507.3205555555555
776.3611631311144, 2502.4661111111113
776.755150843321, 2517.0294444444444
777.1490737518869, 2517.0294444444444
777.5429318362906, 2466.0577777777776
777.9367250760095, 2453.9216666666666
778.3304534505218, 2466.0577777777776
778.7241169393052, 2565.573888888889
779.1177155218376, 2434.503888888889
779.5112491775968, 2458.7761111111113
779.904717886061, 2504.8933333333334
780.2981216267079, 2434.503888888889
780.6914603790154, 2531.592777777778
781.0847341224612, 2475.766666666667
781.4779428365234, 2415.086111111111
781.8710865006798, 2395.6683333333335
782.2641650944086, 2432.076666666667
782.657178597187, 2402.95
783.0501269884934, 2473.3394444444443
783.4430102478057, 2485.4755555555557
783.8358283546014, 2436.931111111111
784.2285812883588, 2490.33
784.6212690285556, 2388.3866666666668
785.0138915546697, 2500.038888888889
785.4064488461789, 2492.757222222222
785.7989408825612, 2449.0672222222224
786.1913676432944, 2509.7477777777776
786.5837291078566, 2483.048333333333
786.9760252557254, 2475.766666666667
787.3682560663788, 2456.3488888888887
787.7604215192946, 2507.3205555555555
788.1525215939508, 2417.5133333333333
788.5445562698254, 2456.3488888888887
788.9365255263959, 2478.193888888889
789.3284293431406, 2512.175
789.7202676995372, 2342.2694444444446
790.1120405750635, 2478.193888888889
790.5037479491975, 2458.7761111111113
790.8953898014171, 2405.3772222222224
791.2869661112001, 2398.0955555555556
791.6784768580243, 2507.3205555555555
792.0699220213678, 2415.086111111111
792.4613015807084, 2453.9216666666666
792.852615515524, 2456.3488888888887
793.2438638052924, 2449.0672222222224
793.6350464294916, 2434.503888888889
794.0261633675993, 2427.222222222222
794.4172145990937, 2485.4755555555557
794.8082001034524, 2468.485
795.1991198601534, 2507.3205555555555
795.5899738486744, 2407.8044444444445
795.9807620484936, 2405.3772222222224
796.3714844390886, 2434.503888888889
796.7621409999376, 2497.6116666666667
797.1527317105182, 2497.6116666666667
797.5432565503083, 2439.358333333333
797.933715498786, 2470.912222222222
798.3241085354289, 2456.3488888888887
798.7144356397151, 2429.6494444444443
799.1046967911225, 2415.086111111111
799.4948919691287, 2424.795
799.8850211532119, 2456.3488888888887
800.2750843228498, 2468.485
800.6650814575204, 2419.9405555555554
801.0550125367017, 2500.038888888889
801.4448775398711, 2456.3488888888887
801.8346764465069, 2405.3772222222224
802.224409236087, 2517.0294444444444
802.614075888089, 2487.902777777778
803.0036763819912, 2485.4755555555557
803.393210697271, 2512.175
803.7826788134066, 2436.931111111111
804.1720807098758, 2468.485
804.5614163661564, 2434.503888888889
804.9506857617265, 2502.4661111111113
805.3398888760638, 2417.5133333333333
805.7290256886463, 2415.086111111111
806.1180961789518, 2434.503888888889
806.507100326458, 2441.7855555555557
806.8960381106433, 2436.931111111111
807.2849095109851, 2468.485
807.6737145069615, 2436.931111111111
808.0624530780502, 2432.076666666667
808.4511252037294, 2417.5133333333333
808.8397308634767, 2453.9216666666666
809.2282700367703, 2405.3772222222224
809.6167427030877, 2424.795
810.0051488419068, 2446.64
810.3934884327059, 2483.048333333333
810.7817614549624, 2451.4944444444445
811.1699678881547, 2446.64
811.5581077117603, 2538.8744444444446
811.946180905257, 2444.212777777778
812.3341874481231, 2475.766666666667
812.722127319836, 2446.64
813.1100004998741, 2419.9405555555554
813.4978069677148, 2461.2033333333334
813.8855467028363, 2456.3488888888887
814.2732196847163, 2487.902777777778
814.6608258928328, 2400.5227777777777
815.0483653066638, 2492.757222222222
815.4358379056869, 2470.912222222222
815.82324366938, 2444.212777777778
816.2105825772212, 2473.3394444444443
816.5978546086883, 2483.048333333333
816.9850597432592, 2504.8933333333334
817.3721979604117, 2451.4944444444445
817.7592692396238, 2436.931111111111
818.1462735603732, 2480.621111111111
818.5332109021379, 2461.2033333333334
818.9200812443959, 2429.6494444444443
819.306884566625, 2417.5133333333333
819.6936208483029, 2400.5227777777777
820.0802900689077, 2485.4755555555557
820.4668922079172, 2524.311111111111
820.8534272448094, 2458.7761111111113
821.239895159062, 2463.6305555555555
821.626295930153, 2395.6683333333335
822.0126295375603, 2444.212777777778
822.3988959607616, 2517.0294444444444
822.785095179235, 2526.7383333333332
823.1712271724583, 2441.7855555555557
823.5572919199096, 2461.2033333333334
823.9432894010663, 2461.2033333333334
824.3292195954066, 2444.212777777778
824.7150824824083, 2517.0294444444444
825.1008780415495, 2504.8933333333334
825.486606252308, 2432.076666666667
825.8722670941613, 2417.5133333333333
826.2578605465877, 2480.621111111111
826.643386589065, 2512.175
827.028845201071, 2478.193888888889
827.4142363620837, 2543.728888888889
827.7995600515808, 2444.212777777778
828.1848162490403, 2441.7855555555557
828.5700049339401, 2456.3488888888887
828.9551260857583, 2419.9405555555554
829.3401796839723, 2487.902777777778
829.7251657080603, 2432.076666666667
830.1100841375, 2548.5833333333335
830.4949349517696, 2531.592777777778
830.8797181303465, 2512.175
831.264433652709, 2453.9216666666666
831.649081498335, 2446.64
832.0336616467022, 2480.621111111111
832.4181740772884, 2461.2033333333334
832.8026187695717, 2466.0577777777776
833.1869957030299, 2432.076666666667
833.5713048571408, 2463.6305555555555
833.9555462113824, 2466.0577777777776
834.3397197452325, 2495.1844444444446
834.723825438169, 2483.048333333333
835.1078632696698, 2456.3488888888887
835.4918332192129, 2534.02
835.875735266276, 2453.9216666666666
836.259569390337, 2458.7761111111113
836.6433355708738, 2500.038888888889
837.0270337873644, 2507.3205555555555
837.4106640192867, 2502.4661111111113
837.7942262461185, 2422.367777777778
838.1777204473375, 2395.6683333333335
838.5611466024219, 2490.33
838.9445046908494, 2453.9216666666666
839.3277946920979, 2359.26
839.7110165856454, 2475.766666666667
840.0941703509696, 2422.367777777778
840.4772559675484, 2446.64
840.8602734148599, 2485.4755555555557
841.2432226723819, 2449.0672222222224
841.6261037195922, 2458.7761111111113
842.0089165359686, 2446.64
842.3916611009893, 2497.6116666666667
842.7743373941316, 2502.4661111111113
843.156945394874, 2439.358333333333
843.5394850826943, 2449.0672222222224
843.9219564370701, 2458.7761111111113
844.3043594374793, 2546.156111111111
844.6866940634001, 2456.3488888888887
845.06896029431, 2424.795
845.4511581096873, 2405.3772222222224
845.8332874890094, 2395.6683333333335
846.2153484117546, 2458.7761111111113
846.5973408574006, 2453.9216666666666
846.9792648054253, 2475.766666666667
847.3611202353064, 2495.1844444444446
847.7429071265223, 2480.621111111111
848.1246254585504, 2415.086111111111
848.5062752108686, 2388.3866666666668
848.8878563629551, 2497.6116666666667
849.2693688942875, 2468.485
849.6508127843439, 2500.038888888889
850.0321880126021, 2417.5133333333333
850.4134945585397, 2400.5227777777777
850.7947324016351, 2517.0294444444444
851.1759015213659, 2463.6305555555555
851.55700189721, 2436.931111111111
851.9380335086452, 2507.3205555555555
852.3189963351494, 2444.212777777778
852.6998903562007, 2400.5227777777777
853.0807155512767, 2456.3488888888887
853.4614718998556, 2463.6305555555555
853.8421593814152, 2473.3394444444443
854.2227779754331, 2441.7855555555557
854.6033276613874, 2492.757222222222
854.983808418756, 2468.485
855.3642202270167, 2461.2033333333334
855.7445630656476, 2466.0577777777776
856.1248369141263, 2456.3488888888887
856.5050417519308, 2432.076666666667
856.8851775585389, 2449.0672222222224
857.2652443134286, 2470.912222222222
857.6452419960779, 2463.6305555555555
858.0251705859644, 2473.3394444444443
858.4050300625662, 2485.4755555555557
858.784820405361, 2458.7761111111113
859.1645415938268, 2432.076666666667
859.5441936074416, 2432.076666666667
859.923776425683, 2417.5133333333333
860.3032900280291, 2439.358333333333
860.6827343939576, 2487.902777777778
861.0621095029466, 2475.766666666667
861.441415334474, 2427.222222222222
861.8206518680174, 2478.193888888889
862.1998190830549, 2385.9594444444447
862.5789169590645, 2415.086111111111
862.9579454755236, 2410.2316666666666
863.3369046119107, 2463.6305555555555
863.7157943477033, 2439.358333333333
864.0946146623794, 2470.912222222222
864.4733655354167, 2456.3488888888887
864.8520469462933, 2439.358333333333
865.2306588744871, 2446.64
865.609201299476, 2512.175
865.9876742007377, 2398.0955555555556
866.3660775577501, 2453.9216666666666
866.7444113499912, 2531.592777777778
867.1226755569388, 2444.212777777778
867.500870158071, 2417.5133333333333
867.8789951328655, 2415.086111111111
868.2570504608001, 2456.3488888888887
868.6350361213526, 2412.6588888888887
869.0129520940013, 2500.038888888889
869.3907983582237, 2458.7761111111113
869.7685748934982, 2495.1844444444446
870.146281679302, 2458.7761111111113
870.5239186951134, 2383.532222222222
870.90148592041, 2402.95
871.27898333467, 2458.7761111111113
871.6564109173712, 2478.193888888889
872.0337686479913, 2424.795
872.4110565060084, 2402.95
872.7882744709003, 2480.621111111111
873.1654225221448, 2468.485
873.5425006392201, 2405.3772222222224
873.9195088016037, 2451.4944444444445
874.2964469887736, 2417.5133333333333
874.6733151802077, 2451.4944444444445
875.050113355384, 2507.3205555555555
875.4268414937803, 2412.6588888888887
875.8034995748744, 2412.6588888888887
876.1800875781444, 2468.485
876.5566054830679, 2480.621111111111
876.9330532691229, 2415.086111111111
877.3094309157873, 2495.1844444444446
877.6857384025392, 2446.64
878.061975708856, 2444.212777777778
878.438142814216, 2461.2033333333334
878.8142396980969, 2500.038888888889
879.1902663399766, 2502.4661111111113
879.5662227193332, 2439.358333333333
879.9421088156442, 2480.621111111111
880.3179246083878, 2407.8044444444445
880.6936700770416, 2451.4944444444445
881.0693452010837, 2441.7855555555557
881.4449499599921, 2483.048333333333
881.8204843332443, 2436.931111111111
882.1959483003185, 2487.902777777778
882.5713418406924, 2524.311111111111
882.9466649338441, 2475.766666666667
883.3219175592512, 2412.6588888888887
883.6970996963919, 2463.6305555555555
884.0722113247438, 2449.0672222222224
884.4472524237849, 2497.6116666666667
884.822222972993, 2487.902777777778
885.1971229518462, 2485.4755555555557
885.5719523398224, 2466.0577777777776
885.9467111163991, 2376.2505555555554
886.3213992610544, 2419.9405555555554
886.6960167532662, 2531.592777777778
887.0705635725126, 2424.795
887.4450396982711, 2439.358333333333
887.8194451100198, 2500.038888888889
888.1937797872365, 2410.2316666666666
888.568043709399, 2451.4944444444445
888.9422368559856, 2529.1655555555553
889.3163592064737, 2517.0294444444444
889.6904107403415, 2461.2033333333334
890.0643914370667, 2483.048333333333
890.438301276127, 2490.33
890.8121402370008, 2451.4944444444445
891.1859082991656, 2478.193888888889
891.5596054420996, 2480.621111111111
891.9332316452803, 2441.7855555555557
892.3067868881857, 2466.0577777777776
892.6802711502938, 2470.912222222222
893.0536844110824, 2453.9216666666666
893.4270266500296, 2446.64
893.8002978466128, 2456.3488888888887
894.1734979803103, 2463.6305555555555
894.5466270305999, 2456.3488888888887
894.9196849769595, 2412.6588888888887
895.2926717988669, 2439.358333333333
895.6655874758, 2410.2316666666666
896.0384319872365, 2456.3488888888887
896.4112053126547, 2463.6305555555555
896.7839074315323, 2490.33
897.156538323347, 2468.485
897.529097967577, 2507.3205555555555
897.9015863436998, 2342.2694444444446
898.2740034311936, 2427.222222222222
898.6463492095362, 2490.33
899.0186236582055, 2468.485
899.3908267566794, 2473.3394444444443
899.7629584844356, 2429.6494444444443
900.1350188209522, 2478.193888888889
900.5070077457069, 2446.64
900.8789252381778, 2555.865
901.2507712778427, 2417.5133333333333
901.6225458441793, 2429.6494444444443
901.9942489166658, 2483.048333333333
902.3658804747797, 2449.0672222222224
902.7374404979993, 2497.6116666666667
903.1089289658024, 2473.3394444444443
903.4803458576665, 2453.9216666666666
903.8516911530699, 2456.3488888888887
904.2229648314902, 2473.3394444444443
904.5941668724056, 2424.795
904.9652972552939, 2509.7477777777776
905.3363559596327, 2495.1844444444446
905.7073429649, 2405.3772222222224
906.0782582505739, 2480.621111111111
906.4491017961321, 2456.3488888888887
906.8198735810525, 2422.367777777778
907.1905735848133, 2487.902777777778
907.5612017868917, 2519.4566666666665
907.9317581667661, 2441.7855555555557
908.3022427039143, 2429.6494444444443
908.6726553778141, 2412.6588888888887
909.0429961679436, 2497.6116666666667
909.4132650537804, 2388.3866666666668
909.7834620148025, 2475.766666666667
910.1535870304876, 2453.9216666666666
910.523640080314, 2534.02
910.8936211437593, 2507.3205555555555
911.2635302003015, 2458.7761111111113
911.6333672294182, 2415.086111111111
912.0031322105876, 2417.5133333333333
912.3728251232876, 2419.9405555555554
912.742445946996, 2517.0294444444444
913.1119946611905, 2415.086111111111
913.4814712453491, 2461.2033333333334
913.8508756789498, 2419.9405555555554
914.2202079414703, 2458.7761111111113
914.5894680123887, 2458.7761111111113
914.9586558711829, 2485.4755555555557
915.3277714973304, 2422.367777777778
915.6968148703095, 2483.048333333333
916.0657859695979, 2400.5227777777777
916.4346847746734, 2458.7761111111113
916.8035112650142, 2497.6116666666667
917.1722654200979, 2441.7855555555557
917.5409472194023, 2524.311111111111
917.9095566424055, 2483.048333333333
918.2780936685854, 2453.9216666666666
918.6465582774198, 2468.485
919.0149504483866, 2388.3866666666668
919.3832701609637, 2424.795
919.7515173946289, 2500.038888888889
920.1196921288599, 2514.6022222222223
920.4877943431352, 2555.865
920.8558240169323, 2415.086111111111
921.223781129729, 2441.7855555555557
921.5916656610033, 2480.621111111111
921.9594775902328, 2478.193888888889
922.327216896896, 2395.6683333333335
922.6948835604703, 2422.367777777778
923.0624775604338, 2368.968888888889
923.4299988762641, 2461.2033333333334
923.7974474874394, 2502.4661111111113
924.1648233734376, 2495.1844444444446
924.5321265137363, 2500.038888888889
924.8993568878135, 2453.9216666666666
925.2665144751472, 2412.6588888888887
925.6335992552152, 2466.0577777777776
926.0006112074952, 2502.4661111111113
926.3675503114656, 2417.5133333333333
926.7344165466038, 2407.8044444444445
927.1012098923877, 2441.7855555555557
927.4679303282956, 2410.2316666666666
927.8345778338048, 2441.7855555555557
928.2011523883937, 2429.6494444444443
928.5676539715399, 2473.3394444444443
928.9340825627213, 2446.64
929.300438141416, 2415.086111111111
929.6667206871015, 2461.2033333333334
930.032930179256, 2385.9594444444447
930.3990665973574, 2427.222222222222
930.7651299208834, 2468.485
931.131120129312, 2456.3488888888887
931.497037202121, 2456.3488888888887
931.8628811187882, 2495.1844444444446
932.2286518587919, 2439.358333333333
932.5943494016095, 2458.7761111111113
932.959973726719, 2449.0672222222224
933.3255248135985, 2424.795
933.6910026417256, 2453.9216666666666
934.0564071905786, 2468.485
934.421738439635, 2473.3394444444443
934.7869963683726, 2517.0294444444444
935.1521809562696, 2436.931111111111
935.5172921828038, 2427.222222222222
935.882330027453, 2463.6305555555555
936.2472944696952, 2461.2033333333334
936.6121854890082, 2415.086111111111
936.9770030648699, 2463.6305555555555
937.3417471767581, 2444.212777777778
937.7064178041509, 2475.766666666667
938.071014926526, 2461.2033333333334
938.4355385233613, 2490.33
938.7999885741348, 2461.2033333333334
939.1643650583242, 2422.367777777778
939.5286679554074, 2487.902777777778
939.8928972448628, 2534.02
940.2570529061674, 2456.3488888888887
940.6211349187996, 2407.8044444444445
940.9851432622372, 2446.64
941.3490779159583, 2463.6305555555555
941.7129388594406, 2453.9216666666666
942.0767260721618, 2497.6116666666667
942.4404395336, 2565.573888888889
942.8040792232331, 2434.503888888889
943.1676451205389, 2485.4755555555557
943.5311372049953, 2441.7855555555557
943.8945554560802, 2492.757222222222
944.2578998532713, 2483.048333333333
944.621170376047, 2461.2033333333334
944.9843670038847, 2497.6116666666667
945.3474897162623, 2446.64
945.710538492658, 2432.076666666667
946.0735133125493, 2398.0955555555556
946.4364141554144, 2417.5133333333333
946.7992410007312, 2395.6683333333335
947.1619938279771, 2400.5227777777777
947.5246726166306, 2432.076666666667
947.8872773461691, 2473.3394444444443
948.2498079960709, 2347.123888888889
948.6122645458137, 2485.4755555555557
948.9746469748751, 2439.358333333333
949.3369552627336, 2461.2033333333334
949.6991893888663, 2441.7855555555557
950.0613493327519, 2427.222222222222
950.4234350738678, 2424.795
950.7854465916919, 2410.2316666666666
951.1473838657021, 2485.4755555555557
951.5092468753764, 2470.912222222222
951.871035600193, 2468.485
952.2327500196291, 2441.7855555555557
952.5943901131628, 2487.902777777778
952.9559558602721, 2463.6305555555555
953.3174472404351, 2480.621111111111
953.6788642331294, 2439.358333333333
954.040206817833, 2466.0577777777776
954.4014749740235, 2487.902777777778
954.7626686811789, 2485.4755555555557
955.1237879187775, 2398.0955555555556
955.4848326662968, 2512.175
955.8458029032148, 2400.5227777777777
956.2066986090091, 2483.048333333333
956.5675197631579, 2424.795
956.9282663451391, 2424.795
957.2889383344307, 2485.4755555555557
957.6495357105102, 2434.503888888889
958.0100584528556, 2495.1844444444446
958.3705065409446, 2388.3866666666668
958.7308799542557, 2461.2033333333334
959.0911786722664, 2458.7761111111113
959.4514026744546, 2466.0577777777776
959.8115519402979, 2439.358333333333
960.1716264492745, 2463.6305555555555
960.5316261808625, 2490.33
960.8915511145395, 2444.212777777778
961.2514012297835, 2458.7761111111113
961.6111765060718, 2458.7761111111113
961.9708769228831, 2451.4944444444445
962.330502459695, 2461.2033333333334
962.6900530959854, 2398.0955555555556
963.0495288112322, 2449.0672222222224
963.4089295849129, 2473.3394444444443
963.7682553965058, 2475.766666666667
964.1275062254888, 2470.912222222222
964.4866820513397, 2517.0294444444444
964.8457828535363, 2531.592777777778
965.2048086115565, 2451.4944444444445
965.5637593048781, 2478.193888888889
965.9226349129792, 2461.2033333333334
966.2814354153378, 2439.358333333333
966.6401607914315, 2378.677777777778
966.998811020738, 2446.64
967.3573860827355, 2419.9405555555554
967.715885956902, 2364.1144444444444
968.0743106227152, 2463.6305555555555
968.4326600596529, 2483.048333333333
968.7909342471929, 2444.212777777778
969.1491331648133, 2483.048333333333
969.5072567919922, 2509.7477777777776
969.8653051082072, 2495.1844444444446
970.2232780929362, 2432.076666666667
970.5811757256569, 2534.02
970.9389979858473, 2470.912222222222
971.2967448529856, 2475.766666666667
971.6544163065495, 2458.7761111111113
972.0120123260166, 2451.4944444444445
972.3695328908652, 2444.212777777778
972.7269779805728, 2451.4944444444445
973.0843475746177, 2468.485
973.4416416524775, 2517.0294444444444
973.7988601936299, 2436.931111111111
974.1560031775534, 2393.241111111111
974.5130705837252, 2436.931111111111
974.8700623916237, 2424.795
975.2269785807267, 2468.485
975.5838191305116, 2434.503888888889
975.940584020457, 2470.912222222222
976.2972732300401, 2356.8327777777777
976.6538867387394, 2427.222222222222
977.0104245260326, 2429.6494444444443
977.366886571397, 2514.6022222222223
977.7232728543113, 2432.076666666667
978.079583354253, 2427.222222222222
978.4358180507, 2453.9216666666666
978.7919769231304, 2415.086111111111
979.1480599510217, 2512.175
979.5040671138518, 2436.931111111111
979.8599983910992, 2429.6494444444443
980.2158537622412, 2451.4944444444445
980.5716332067559, 2441.7855555555557
980.9273367041209, 2412.6588888888887
981.2829642338144, 2473.3394444444443
981.6385157753143, 2492.757222222222
981.9939913080984, 2393.241111111111
982.3493908116445, 2456.3488888888887
982.7047142654303, 2500.038888888889
983.0599616489342, 2441.7855555555557
983.4151329416338, 2500.038888888889
983.770228123007, 2534.02
984.1252471725317, 2483.048333333333
984.4801900696855, 2393.241111111111
984.8350567939466, 2500.038888888889
985.189847324793, 2402.95
985.5445616417024, 2453.9216666666666
985.8991997241528, 2495.1844444444446
986.2537615516217, 2402.95
986.6082471035874, 2436.931111111111
986.9626563595276, 2441.7855555555557
987.3169892989204, 2500.038888888889
987.6712459012435, 2385.9594444444447
988.0254261459746, 2436.931111111111
988.3795300125918, 2483.048333333333
988.733557480573, 2558.2922222222223
989.0875085293962, 2407.8044444444445
989.4413831385392, 2436.931111111111
989.7951812874794, 2487.902777777778
990.1489029556951, 2441.7855555555557
990.5025481226647, 2495.1844444444446
990.8561167678653, 2458.7761111111113
991.2096088707751, 2453.9216666666666
991.5630244108718, 2512.175
991.9163633676334, 2407.8044444444445
992.269625720538, 2390.813888888889
992.6228114490633, 2405.3772222222224
992.9759205326872, 2417.5133333333333
993.3289529508872, 2466.0577777777776
993.6819086831417, 2395.6683333333335
994.0347877089287, 2517.0294444444444
994.3875900077255, 2451.4944444444445
994.7403155590106, 2473.3394444444443
995.0929643422612, 2458.7761111111113
995.4455363369556, 2393.241111111111
995.7980315225718, 2473.3394444444443
996.1504498785876, 2436.931111111111
996.5027913844808, 2417.5133333333333
996.8550560197291, 2439.358333333333
997.2072437638105, 2412.6588888888887
997.5593545962032, 2393.241111111111
997.9113884963849, 2492.757222222222
998.2633454438334, 2410.2316666666666
998.6152254180263, 2526.7383333333332
998.967028398442, 2485.4755555555557
999.3187543645583, 2422.367777777778
999.6704032958529, 2466.0577777777776
1000.0219751718037, 2395.6683333333335
1000.3734699718887, 2449.0672222222224
1000.7248876755855, 2429.6494444444443
1001.0762282623723, 2417.5133333333333
1001.4274917117272, 2449.0672222222224
1001.7786780031272, 2446.64
1002.1297871160513, 2444.212777777778
1002.4808190299765, 2517.0294444444444
1002.831773724381, 2497.6116666666667
1003.1826511787431, 2497.6116666666667
1003.5334513725397, 2390.813888888889
1003.8841742852499, 2436.931111111111
1004.2348198963505, 2473.3394444444443
1004.58538818532, 2395.6683333333335
1004.9358791316362, 2385.9594444444447
1005.2862927147766, 2512.175
1005.6366289142197, 2463.6305555555555
1005.9868877094427, 2490.33
1006.3370690799243, 2393.241111111111
1006.6871730051417, 2393.241111111111
1007.0371994645731, 2470.912222222222
1007.387148437696, 2446.64
1007.7370199039891, 2500.038888888889
1008.0868138429296, 2461.2033333333334
1008.4365302339957, 2417.5133333333333
1008.7861690566647, 2432.076666666667
1009.135730290415, 2458.7761111111113
1009.4852139147247, 2466.0577777777776
1009.8346199090714, 2441.7855555555557
1010.183948252933, 2478.193888888889
1010.5331989257868, 2495.1844444444446
1010.8823719071117, 2453.9216666666666
1011.2314671763851, 2419.9405555555554
1011.5804847130852, 2446.64
1011.9294244966892, 2473.3394444444443
1012.2782865066753, 2512.175
1012.6270707225216, 2480.621111111111
1012.9757771237059, 2449.0672222222224
1013.3244056897063, 2439.358333333333
1013.6729564000002, 2446.64
1014.0214292340655, 2495.1844444444446
1014.3698241713803, 2485.4755555555557
1014.7181411914225, 2410.2316666666666
1015.0663802736703, 2492.757222222222
1015.414541397601, 2517.0294444444444
1015.7626245426926, 2400.5227777777777
1016.1106296884232, 2381.105
1016.4585568142705, 2468.485
1016.8064058997128, 2480.621111111111
1017.1541769242275, 2565.573888888889
1017.5018698672923, 2419.9405555555554
1017.8494847083857, 2468.485
1018.1970214269853, 2449.0672222222224
1018.544480002569, 2398.0955555555556
1018.8918604146148, 2478.193888888889
1019.2391626426003, 2381.105
1019.5863866660034, 2419.9405555555554
1019.9335324643024, 2444.212777777778
1020.2806000169747, 2453.9216666666666
1020.6275893034986, 2463.6305555555555
1020.9745003033515, 2376.2505555555554
1021.3213329960116, 2463.6305555555555
1021.6680873609569, 2495.1844444444446
1022.0147633776651, 2388.3866666666668
1022.3613610256143, 2417.5133333333333
1022.7078802842818, 2364.1144444444444
1023.054321133146, 2388.3866666666668
1023.4006835516849, 2419.9405555555554
1023.7469675193759, 2453.9216666666666
1024.0931730156972, 2517.0294444444444
1024.4393000201267, 2451.4944444444445
1024.785348512142, 2478.193888888889
1025.1313184712212, 2487.902777777778
1025.4772098768424, 2461.2033333333334
1025.8230227084832, 2487.902777777778
1026.1687569456215, 2466.0577777777776
1026.5144125677348, 2458.7761111111113
1026.8599895543018, 2439.358333333333
1027.2054878848003, 2417.5133333333333
1027.5509075387072, 2424.795
1027.8962484955014, 2473.3394444444443
1028.2415107346603, 2444.212777777778
1028.586694235662, 2517.0294444444444
1028.9317989779845, 2478.193888888889
1029.2768249411054, 2480.621111111111
1029.6217721045025, 2480.621111111111
1029.9666404476538, 2480.621111111111
