# FLAME spectrum data format
# Time of snapshot: 2021-02-08T18:31:00Eastern Standard Time
# Number of frames accumulated: 0
# Scan time per exposure [us]: 100000
# Wavelength [nm], Intensity [count]:
189.1861363086452, 1985.4677777777779
189.64926416366848, 2036.4394444444445
190.11235512512943, 2043.7211111111112
190.57540917250594, 2034.0122222222221
191.03842628527582, 1973.3316666666667
191.50140644291702, 2024.3033333333333
191.9643496249074, 2063.1388888888887
192.4272558107249, 2092.2655555555557
192.89012497984731, 2087.411111111111
193.35295711175254, 2099.5472222222224
193.81575218591854, 2106.8288888888887
194.27851018182312, 2131.101111111111
194.7412310789442, 2145.6644444444446
195.20391485675964, 2128.673888888889
195.66656149474733, 2201.4905555555556
196.12917097238517, 2167.5094444444444
196.59174326915107, 2242.7533333333336
197.05427836452282, 2303.4338888888888
197.51677623797838, 2298.5794444444446
197.97923686899566, 2291.297777777778
198.44166023705247, 2308.2883333333334
198.9040463216267, 2332.5605555555558
199.36639510219626, 2400.5227777777777
199.82870655823908, 2417.5133333333333
200.29098066923297, 2366.5416666666665
200.7532174146558, 2359.26
201.21541677398554, 2395.6683333333335
201.6775787267, 2458.7761111111113
202.13970325227712, 2449.0672222222224
202.60179033019475, 2402.95
203.06383993993072, 2434.503888888889
203.52585206096302, 2461.2033333333334
203.9878266727695, 2434.503888888889
204.44976375482798, 2483.048333333333
204.91166328661643, 2456.3488888888887
205.3735252476127, 2398.0955555555556
205.83534961729464, 2466.0577777777776
206.2971363751402, 2388.3866666666668
206.75888550062717, 2436.931111111111
207.22059697323357, 2502.4661111111113
207.68227077243716, 2492.757222222222
208.14390687771592, 2419.9405555555554
208.6055052685476, 2492.757222222222
209.0670659244102, 2415.086111111111
209.5285888247816, 2417.5133333333333
209.99007394913966, 2412.6588888888887
210.4515212769622, 2356.8327777777777
210.9129307877272, 2475.766666666667
211.3743024609125, 2422.367777777778
211.835636275996, 2492.757222222222
212.29693221245557, 2427.222222222222
212.7581902497691, 2446.64
213.21941036741444, 2434.503888888889
213.68059254486954, 2451.4944444444445
214.14173676161224, 2417.5133333333333
214.60284299712043, 2400.5227777777777
215.06391123087198, 2473.3394444444443
215.52494144234484, 2354.4055555555556
215.9859336110168, 2364.1144444444444
216.4468877163658, 2390.813888888889
216.9078037378697, 2313.1427777777776
217.36868165500644, 2393.241111111111
217.82952144725382, 2354.4055555555556
218.29032309408976, 2446.64
218.75108657499214, 2478.193888888889
219.2118118694389, 2371.396111111111
219.67249895690784, 2504.8933333333334
220.13314781687689, 2398.0955555555556
220.5937584288239, 2351.9783333333335
221.0543307722268, 2449.0672222222224
221.51486482656347, 2449.0672222222224
221.97536057131174, 2410.2316666666666
222.43581798594948, 2439.358333333333
222.8962370499547, 2444.212777777778
223.35661774280518, 2429.6494444444443
223.81696004397878, 2395.6683333333335
224.2772639329535, 2429.6494444444443
224.73752938920714, 2366.5416666666665
225.1977563922176, 2446.64
225.65794492146279, 2385.9594444444447
226.1180949564205, 2461.2033333333334
226.57820647656874, 2405.3772222222224
227.03827946138532, 2402.95
227.4983138903481, 2400.5227777777777
227.95830974293503, 2412.6588888888887
228.418266998624, 2427.222222222222
228.87818563689282, 2393.241111111111
229.33806563721944, 2402.95
229.79790697908172, 2313.1427777777776
230.25770964195752, 2398.0955555555556
230.71747360532476, 2449.0672222222224
231.1771988486613, 2436.931111111111
231.63688535144504, 2427.222222222222
232.09653309315385, 2439.358333333333
232.5561420532656, 2371.396111111111
233.01571221125823, 2453.9216666666666
233.4752435466096, 2342.2694444444446
233.93473603879755, 2434.503888888889
234.3941896673, 2415.086111111111
234.85360441159483, 2453.9216666666666
235.31298025115996, 2354.4055555555556
235.77231716547317, 2424.795
236.23161513401246, 2417.5133333333333
236.69087413625567, 2402.95
237.15009415168063, 2427.222222222222
237.60927515976533, 2422.367777777778
238.0684171399876, 2330.133333333333
238.52752007182528, 2385.9594444444447
238.9865839347563, 2451.4944444444445
239.44560870825856, 2400.5227777777777
239.90459437180988, 2398.0955555555556
240.36354090488823, 2385.9594444444447
240.82244828697142, 2451.4944444444445
241.28131649753738, 2388.3866666666668
241.740145516064, 2410.2316666666666
242.1989353220291, 2410.2316666666666
242.65768589491063, 2436.931111111111
243.1163972141864, 2412.6588888888887
243.5750692593344, 2478.193888888889
244.03370200983244, 2473.3394444444443
244.49229544515842, 2381.105
244.95084954479023, 2366.5416666666665
245.40936428820572, 2456.3488888888887
245.8678396548828, 2390.813888888889
246.3262756242994, 2373.8233333333333
246.7846721759333, 2487.902777777778
247.2430292892625, 2490.33
247.7013469437648, 2531.592777777778
248.15962511891811, 2424.795
248.61786379420033, 2393.241111111111
249.0760629490893, 2410.2316666666666
249.53422256306294, 2330.133333333333
249.9923426155991, 2422.367777777778
250.4504230861757, 2398.0955555555556
250.90846395427067, 2490.33
251.3664651993618, 2487.902777777778
251.82442680092703, 2444.212777777778
252.2823487384442, 2500.038888888889
252.7402309913912, 2487.902777777778
253.19807353924597, 2441.7855555555557
253.65587636148632, 2487.902777777778
254.1136394375902, 2432.076666666667
254.57136274703547, 2441.7855555555557
255.02904626929998, 2434.503888888889
255.48668998386165, 2519.4566666666665
255.94429387019835, 2507.3205555555555
256.401857907788, 2436.931111111111
256.8593820761084, 2427.222222222222
257.3168663546375, 2451.4944444444445
257.77431072285316, 2378.677777777778
258.2317151602333, 2356.8327777777777
258.6890796462558, 2390.813888888889
259.14640416039845, 2356.8327777777777
259.6036886821393, 2441.7855555555557
260.0609331909561, 2439.358333333333
260.51813766632677, 2475.766666666667
260.9753020877292, 2463.6305555555555
261.4324264346412, 2432.076666666667
261.8895106865408, 2412.6588888888887
262.3465548229058, 2400.5227777777777
262.8035588232141, 2507.3205555555555
263.26052266694353, 2417.5133333333333
263.717446333572, 2393.241111111111
264.1743298025776, 2412.6588888888887
264.6311730534378, 2400.5227777777777
265.0879760656308, 2415.086111111111
265.5447388186344, 2410.2316666666666
266.00146129192643, 2422.367777777778
266.4581434649849, 2461.2033333333334
266.91478531728757, 2405.3772222222224
267.3713868283124, 2441.7855555555557
267.82794797753724, 2623.827222222222
268.28446874443995, 2441.7855555555557
268.7409491084984, 2422.367777777778
269.19738904919063, 2480.621111111111
269.6537885459943, 2417.5133333333333
270.1101475783875, 2439.358333333333
270.56646612584797, 2441.7855555555557
271.0227441678536, 2446.64
271.4789816838824, 2344.6966666666667
271.93517865341204, 2376.2505555555554
272.3913350559207, 2424.795
272.84745087088595, 2451.4944444444445
273.3035260777859, 2395.6683333333335
273.7595606560983, 2422.367777777778
274.2155545853011, 2519.4566666666665
274.6715078448722, 2427.222222222222
275.1274204142894, 2417.5133333333333
275.58329227303074, 2470.912222222222
276.0391234005739, 2422.367777777778
276.4949137763969, 2427.222222222222
276.9506633799776, 2405.3772222222224
277.4063721907939, 2487.902777777778
277.8620401883236, 2470.912222222222
278.3176673520446, 2407.8044444444445
278.773253661435, 2410.2316666666666
279.22879909597236, 2441.7855555555557
279.68430363513477, 2424.795
280.1397672584, 2500.038888888889
280.595189945246, 2429.6494444444443
281.05057167515076, 2449.0672222222224
281.5059124275919, 2325.278888888889
281.9612121820476, 2436.931111111111
282.4164709179954, 2500.038888888889
282.87168861491347, 2419.9405555555554
283.3268652522797, 2458.7761111111113
283.78200080957174, 2368.968888888889
284.2370952662677, 2439.358333333333
284.6921486018453, 2412.6588888888887
285.14716079578255, 2463.6305555555555
285.60213182755723, 2487.902777777778
286.0570616766474, 2424.795
286.5119503225307, 2478.193888888889
286.9667977446852, 2427.222222222222
287.4216039225886, 2432.076666666667
287.87636883571895, 2473.3394444444443
288.33109246355417, 2490.33
288.785774785572, 2478.193888888889
289.2404157812505, 2507.3205555555555
289.6950154300672, 2432.076666666667
290.14957371150035, 2509.7477777777776
290.60409060502775, 2402.95
291.05856609012716, 2424.795
291.51300014627657, 2400.5227777777777
291.96739275295386, 2436.931111111111
292.42174388963684, 2412.6588888888887
292.8760535358034, 2422.367777777778
293.3303216709316, 2398.0955555555556
293.7845482744991, 2444.212777777778
294.2387333259839, 2449.0672222222224
294.6928768048639, 2432.076666666667
295.14697869061683, 2422.367777777778
295.6010389627208, 2439.358333333333
296.05505760065347, 2475.766666666667
296.50903458389297, 2453.9216666666666
296.9629698919169, 2446.64
297.4168635042034, 2446.64
297.8707154002302, 2424.795
298.32452555947515, 2541.3016666666667
298.7782939614164, 2500.038888888889
299.2320205855315, 2434.503888888889
299.6857054112985, 2429.6494444444443
300.1393484181953, 2393.241111111111
300.5929495856997, 2402.95
301.0465088932897, 2378.677777777778
301.50002632044306, 2451.4944444444445
301.9535018466377, 2473.3394444444443
302.40693545135156, 2417.5133333333333
302.8603271140625, 2383.532222222222
303.31367681424837, 2468.485
303.7669845313871, 2436.931111111111
304.2202502449565, 2519.4566666666665
304.6734739344345, 2502.4661111111113
305.12665557929904, 2475.766666666667
305.57979515902787, 2478.193888888889
306.03289265309905, 2444.212777777778
306.4859480409903, 2456.3488888888887
306.93896130217956, 2446.64
307.39193241614487, 2390.813888888889
307.8448613623638, 2487.902777777778
308.2977481203145, 2412.6588888888887
308.75059266947466, 2434.503888888889
309.20339498932225, 2507.3205555555555
309.6561550593353, 2453.9216666666666
310.10887285899145, 2449.0672222222224
310.56154836776875, 2582.5644444444442
311.01418156514495, 2466.0577777777776
311.46677243059804, 2458.7761111111113
311.9193209436059, 2446.64
312.37182708364634, 2361.6872222222223
312.8242908301973, 2468.485
313.27671216273677, 2473.3394444444443
313.7290910607424, 2390.813888888889
314.1814275036922, 2439.358333333333
314.63372147106406, 2463.6305555555555
315.08597294233584, 2487.902777777778
315.53818189698546, 2422.367777777778
315.99034831449075, 2468.485
316.44247217432957, 2449.0672222222224
316.8945534559799, 2417.5133333333333
317.3465921389196, 2434.503888888889
317.7985882026266, 2427.222222222222
318.2505416265786, 2463.6305555555555
318.7024523902536, 2424.795
319.1543204731295, 2410.2316666666666
319.6061458546842, 2427.222222222222
320.0579285143956, 2424.795
320.50966843174143, 2466.0577777777776
320.9613655861997, 2422.367777777778
321.4130199572483, 2487.902777777778
321.86463152436505, 2419.9405555555554
322.3162002670279, 2349.551111111111
322.76772616471476, 2410.2316666666666
323.2192091969033, 2470.912222222222
323.6706493430717, 2497.6116666666667
324.1220465826977, 2419.9405555555554
324.5734008952591, 2449.0672222222224
325.0247122602339, 2458.7761111111113
325.4759806571, 2470.912222222222
325.9272060653352, 2453.9216666666666
326.3783884644174, 2478.193888888889
326.8295278338246, 2444.212777777778
327.2806241530346, 2395.6683333333335
327.7316774015252, 2475.766666666667
328.1826875587743, 2461.2033333333334
328.63365460425996, 2439.358333333333
329.08457851745993, 2524.311111111111
329.5354592778521, 2509.7477777777776
329.9862968649143, 2458.7761111111113
330.4370912581245, 2398.0955555555556
330.88784243696057, 2483.048333333333
331.3385503809005, 2453.9216666666666
331.78921506942197, 2417.5133333333333
332.2398364820029, 2463.6305555555555
332.69041459812127, 2449.0672222222224
333.1409493972549, 2480.621111111111
333.59144085888175, 2456.3488888888887
334.0418889624796, 2439.358333333333
334.49229368752646, 2470.912222222222
334.94265501350003, 2429.6494444444443
335.3929729198783, 2480.621111111111
335.8432473861392, 2463.6305555555555
336.29347839176063, 2507.3205555555555
336.7436659162204, 2427.222222222222
337.19380993899625, 2478.193888888889
337.6439104395663, 2427.222222222222
338.0939673974084, 2378.677777777778
338.5439807920004, 2453.9216666666666
338.9939506028201, 2429.6494444444443
339.4438768093455, 2390.813888888889
339.89375939105446, 2410.2316666666666
340.34359832742473, 2361.6872222222223
340.7933935979344, 2495.1844444444446
341.24314518206126, 2492.757222222222
341.69285305928315, 2497.6116666666667
342.14251720907805, 2410.2316666666666
342.5921376109237, 2463.6305555555555
343.0417142442982, 2473.3394444444443
343.4912470886792, 2461.2033333333334
343.9407361235448, 2487.902777777778
344.39018132837265, 2458.7761111111113
344.8395826826408, 2446.64
345.2889401658271, 2470.912222222222
345.73825375740944, 2359.26
346.1875234368658, 2429.6494444444443
346.63674918367377, 2483.048333333333
347.0859309773115, 2424.795
347.53506879725677, 2466.0577777777776
347.9841626229875, 2468.485
348.4332124339816, 2444.212777777778
348.8822182097168, 2388.3866666666668
349.33117992967124, 2475.766666666667
349.78009757332256, 2521.883888888889
350.2289711201488, 2497.6116666666667
350.67780054962776, 2446.64
351.1265858412374, 2512.175
351.5753269744555, 2429.6494444444443
352.02402392876, 2495.1844444444446
352.47267668362883, 2497.6116666666667
352.92128521853977, 2463.6305555555555
353.36984951297086, 2461.2033333333334
353.81836954639977, 2444.212777777778
354.26684529830453, 2415.086111111111
354.715276748163, 2483.048333333333
355.1636638754531, 2519.4566666666665
355.61200665965265, 2466.0577777777776
356.0603050802395, 2417.5133333333333
356.50855911669163, 2446.64
356.9567687484869, 2480.621111111111
357.4049339551032, 2427.222222222222
357.85305471601833, 2531.592777777778
358.30113101071026, 2487.902777777778
358.7491628186568, 2429.6494444444443
359.1971501193359, 2436.931111111111
359.64509289222553, 2487.902777777778
360.0929911168034, 2436.931111111111
360.5408447725474, 2410.2316666666666
360.98865383893553, 2458.7761111111113
361.4364182954456, 2468.485
361.88413812155545, 2487.902777777778
362.3318132967432, 2424.795
362.7794438004865, 2405.3772222222224
363.2270296122632, 2424.795
363.6745707115514, 2424.795
364.1220670778288, 2468.485
364.5695186905733, 2485.4755555555557
365.01692552926295, 2446.64
365.46428757337543, 2470.912222222222
365.9116048023887, 2432.076666666667
366.3588771957806, 2502.4661111111113
366.80610473302926, 2434.503888888889
367.25328739361225, 2449.0672222222224
367.7004251570076, 2383.532222222222
368.14751800269306, 2402.95
368.59456591014674, 2427.222222222222
369.0415688588464, 2441.7855555555557
369.4885268282698, 2468.485
369.9354397978952, 2446.64
370.3823077472, 2504.8933333333334
370.82913065566237, 2458.7761111111113
371.2759085027602, 2436.931111111111
371.7226412679713, 2429.6494444444443
372.1693289307736, 2512.175
372.615971470645, 2444.212777777778
373.0625688670632, 2512.175
373.5091210995062, 2478.193888888889
373.95562814745205, 2434.503888888889
374.4020899903785, 2509.7477777777776
374.8485066077633, 2441.7855555555557
375.29487797908456, 2461.2033333333334
375.74120408382, 2492.757222222222
376.1874849014476, 2451.4944444444445
376.6337204114452, 2514.6022222222223
377.07991059329066, 2461.2033333333334
377.52605542646194, 2514.6022222222223
377.9721548904368, 2524.311111111111
378.41820896469335, 2475.766666666667
378.8642176287092, 2526.7383333333332
379.31018086196246, 2470.912222222222
379.75609864393084, 2468.485
380.2019709540923, 2502.4661111111113
380.64779777192473, 2507.3205555555555
381.093579076906, 2419.9405555555554
381.5393148485141, 2504.8933333333334
381.98500506622673, 2415.086111111111
382.43064970952184, 2490.33
382.87624875787736, 2483.048333333333
383.32180219077117, 2405.3772222222224
383.76730998768113, 2468.485
384.2127721280851, 2456.3488888888887
384.658188591461, 2490.33
385.1035593572866, 2446.64
385.54888440504004, 2417.5133333333333
385.994163714199, 2478.193888888889
386.4393972642414, 2453.9216666666666
386.8845850346451, 2446.64
387.32972700488807, 2502.4661111111113
387.77482315444814, 2419.9405555555554
388.2198734628032, 2434.503888888889
388.66487790943114, 2485.4755555555557
389.1098364738098, 2453.9216666666666
389.55474913541707, 2456.3488888888887
389.99961587373093, 2531.592777777778
390.44443666822923, 2422.367777777778
390.8892114983898, 2497.6116666666667
391.3339403436905, 2519.4566666666665
391.7786231836093, 2366.5416666666665
392.2232599976239, 2441.7855555555557
392.6678507652125, 2470.912222222222
393.11239546585284, 2497.6116666666667
393.55689407902264, 2470.912222222222
394.0013465841999, 2364.1144444444444
394.4457529608626, 2427.222222222222
394.89011318848856, 2504.8933333333334
395.3344272465556, 2526.7383333333332
395.77869511454173, 2441.7855555555557
396.22291677192464, 2451.4944444444445
396.6670921981824, 2478.193888888889
397.1112213727928, 2483.048333333333
397.55530427523377, 2453.9216666666666
397.99934088498316, 2402.95
398.4433311815189, 2441.7855555555557
398.8872751443188, 2453.9216666666666
399.33117275286077, 2412.6588888888887
399.7750239866227, 2383.532222222222
400.2188288250826, 2485.4755555555557
400.6625872477181, 2427.222222222222
401.1062992340072, 2485.4755555555557
401.5499647634279, 2398.0955555555556
401.99358381545795, 2490.33
402.43715636957535, 2517.0294444444444
402.8806824052578, 2463.6305555555555
403.3241619019833, 2439.358333333333
403.7675948392297, 2458.7761111111113
404.2109811964749, 2446.64
404.6543209531968, 2405.3772222222224
405.0976140888734, 2490.33
405.5408605829823, 2405.3772222222224
405.9840604150016, 2444.212777777778
406.4272135644091, 2449.0672222222224
406.87032001068275, 2427.222222222222
407.3133797333004, 2514.6022222222223
407.7563927117399, 2500.038888888889
408.1993589254791, 2475.766666666667
408.64227835399595, 2458.7761111111113
409.08515097676843, 2429.6494444444443
409.52797677327436, 2497.6116666666667
409.97075572299144, 2441.7855555555557
410.4134878053977, 2541.3016666666667
410.856172999971, 2502.4661111111113
411.2988112861894, 2429.6494444444443
411.74140264353053, 2492.757222222222
412.18394705147244, 2466.0577777777776
412.6264444894928, 2373.8233333333333
413.0688949370698, 2509.7477777777776
413.5112983736811, 2449.0672222222224
413.9536547788046, 2470.912222222222
414.39596413191833, 2463.6305555555555
414.83822641250003, 2461.2033333333334
415.2804416000276, 2451.4944444444445
415.722609673979, 2449.0672222222224
416.16473061383203, 2402.95
416.6068043990647, 2461.2033333333334
417.0488310091547, 2470.912222222222
417.49081042358, 2500.038888888889
417.93274262181853, 2458.7761111111113
418.37462758334823, 2407.8044444444445
418.8164652876469, 2402.95
419.25825571419233, 2504.8933333333334
419.6999988424625, 2412.6588888888887
420.1416946519353, 2473.3394444444443
420.58334312208865, 2444.212777777778
421.02494423240046, 2529.1655555555553
421.46649796234846, 2517.0294444444444
421.9080042914106, 2470.912222222222
422.34946319906476, 2461.2033333333334
422.7908746647889, 2514.6022222222223
423.2322386680608, 2466.0577777777776
423.6735551883584, 2458.7761111111113
424.1148242051596, 2466.0577777777776
424.55604569794224, 2393.241111111111
424.99721964618425, 2468.485
425.43834602936346, 2492.757222222222
425.87942482695786, 2526.7383333333332
426.32045601844516, 2400.5227777777777
426.7614395833034, 2451.4944444444445
427.20237550101035, 2449.0672222222224
427.643263751044, 2480.621111111111
428.0841043128821, 2473.3394444444443
428.5248971660027, 2555.865
428.96564228988353, 2514.6022222222223
429.4063396640026, 2415.086111111111
429.8469892678377, 2417.5133333333333
430.2875910808667, 2451.4944444444445
430.72814508256766, 2497.6116666666667
431.1686512524183, 2424.795
431.6091095698964, 2582.5644444444442
432.04952001448015, 2497.6116666666667
432.48988256564724, 2524.311111111111
432.93019720287555, 2541.3016666666667
433.37046390564296, 2451.4944444444445
433.8106826534275, 2565.573888888889
434.2508534257068, 2512.175
434.690976201959, 2419.9405555555554
435.13105096166186, 2538.8744444444446
435.57107768429324, 2432.076666666667
436.011056349331, 2419.9405555555554
436.4509869362532, 2446.64
436.8908694245375, 2565.573888888889
437.330703793662, 2480.621111111111
437.7704900231044, 2504.8933333333334
438.2102280923426, 2555.865
438.64991798085464, 2560.7194444444444
439.0895596681183, 2526.7383333333332
439.52915313361143, 2475.766666666667
439.968698356812, 2521.883888888889
440.4081953171978, 2473.3394444444443
440.84764399424677, 2500.038888888889
441.28704436743686, 2560.7194444444444
441.7263964162458, 2565.573888888889
442.1657001201515, 2568.001111111111
442.604955458632, 2509.7477777777776
443.044162411165, 2461.2033333333334
443.48332095722856, 2563.1466666666665
443.92243107630037, 2458.7761111111113
444.36149274785845, 2490.33
444.80050595138067, 2519.4566666666665
445.2394706663448, 2466.0577777777776
445.67838687222894, 2584.991666666667
446.11725454851074, 2512.175
446.5560736746682, 2548.5833333333335
446.99484423017924, 2538.8744444444446
447.4335661945217, 2546.156111111111
447.8722395471734, 2468.485
448.3108642676124, 2543.728888888889
448.74944033531636, 2524.311111111111
449.18796772976333, 2427.222222222222
449.6264464304311, 2507.3205555555555
450.0648764167976, 2551.0105555555556
450.5032576683408, 2453.9216666666666
450.94159016453835, 2449.0672222222224
451.37987388486823, 2531.592777777778
451.8181088088085, 2449.0672222222224
452.25629491583686, 2475.766666666667
452.6944321854313, 2538.8744444444446
453.1325205970696, 2512.175
453.5705601302296, 2606.8366666666666
454.00855076438944, 2507.3205555555555
454.44649247902674, 2463.6305555555555
454.8843852536195, 2534.02
455.32222906764554, 2519.4566666666665
455.76002390058284, 2524.311111111111
456.19776973190926, 2453.9216666666666
456.63546654110263, 2480.621111111111
457.07311430764076, 2473.3394444444443
457.5107130110018, 2480.621111111111
457.9482626306634, 2502.4661111111113
458.38576314610356, 2514.6022222222223
458.82321453680004, 2495.1844444444446
459.2606167822308, 2514.6022222222223
459.69796986187373, 2519.4566666666665
460.13527375520675, 2470.912222222222
460.5725284417076, 2517.0294444444444
461.0097339008544, 2478.193888888889
461.44689011212483, 2483.048333333333
461.8839970549969, 2524.311111111111
462.3210547089484, 2514.6022222222223
462.7580630534572, 2570.4283333333333
463.1950220680013, 2521.883888888889
463.63193173205855, 2577.71
464.0687920251067, 2526.7383333333332
464.5056029266238, 2512.175
464.9423644160876, 2480.621111111111
465.3790764729762, 2558.2922222222223
465.8157390767672, 2606.8366666666666
466.2523522069386, 2536.447222222222
466.6889158429684, 2480.621111111111
467.12542996433433, 2543.728888888889
467.5618945505144, 2475.766666666667
467.9983095809864, 2538.8744444444446
468.4346750352282, 2551.0105555555556
468.8709908927178, 2558.2922222222223
469.30725713293293, 2589.846111111111
469.7434737353516, 2551.0105555555556
470.1796406794516, 2543.728888888889
470.6157579447109, 2500.038888888889
471.05182551060733, 2563.1466666666665
471.4878433566188, 2631.108888888889
471.9238114622231, 2534.02
472.35972980689826, 2604.4094444444445
472.7955983701221, 2568.001111111111
473.23141713137244, 2609.2638888888887
473.66718607012734, 2560.7194444444444
474.1029051658645, 2614.1183333333333
474.53857439806194, 2623.827222222222
474.97419374619733, 2597.1277777777777
475.4097631897488, 2669.9444444444443
475.84528270819413, 2616.5455555555554
476.28075228101125, 2633.536111111111
476.71617188767794, 2667.5172222222222
477.15154150767216, 2689.362222222222
477.5868611204718, 2720.916111111111
478.0221307055547, 2626.2544444444443
478.4573502423987, 2638.3905555555557
478.89251971048185, 2631.108888888889
479.3276390892819, 2672.3716666666664
479.76270835827677, 2745.1883333333335
480.19772749694437, 2757.3244444444445
480.6326964847625, 2674.798888888889
481.0676153012091, 2682.0805555555557
481.50248392576214, 2735.4794444444447
481.9373023378993, 2864.1222222222223
482.3720705170987, 2813.1505555555555
482.80678844283807, 2762.178888888889
483.2414560945953, 2881.112777777778
483.6760734518483, 2868.9766666666665
484.110640494075, 2939.366111111111
484.5451572007532, 2893.248888888889
484.9796235513608, 3000.0466666666666
485.41403952537576, 3072.8633333333332
485.8484051022759, 2975.7744444444443
486.2827202615391, 3063.1544444444444
486.7169849826432, 3143.2527777777777
487.1511992450663, 3128.6894444444442
487.585363028286, 3165.097777777778
488.01947631178035, 3344.7122222222224
488.4535390750272, 3320.44
488.88755129750444, 3364.13
489.32151295868994, 3371.411666666667
489.75542403806156, 3390.8294444444446
490.1892845150972, 3509.7633333333333
490.6230943692748, 3609.2794444444444
491.05685358007213, 3626.27
491.4905621269672, 3716.077222222222
491.9242199894378, 3706.3683333333333
492.3578271469619, 3737.9222222222224
492.7913835790173, 3781.612222222222
493.2248892650819, 3902.9733333333334
493.65834418463356, 3961.2266666666665
494.09174831715035, 4111.714444444445
494.52510164210986, 4152.977222222222
494.9584041389902, 4194.24
495.3916557872692, 4405.408333333334
495.8248565664246, 4483.079444444445
496.25800645593455, 4534.051111111111
496.69110543527665, 4713.665555555555
497.124153483929, 4803.472777777778
497.5571505813694, 4893.28
497.99009670707574, 5184.546666666667
498.42299184052587, 5143.283888888889
498.8558359611977, 5237.945555555556
499.28862904856913, 5398.142222222222
499.72137108211814, 5575.329444444445
500.15406204132233, 5609.310555555556
500.5867019056598, 5907.858888888889
501.01929065460854, 6019.511111111111
501.45182826764614, 6186.989444444444
501.8843147242507, 6483.110555555556
502.3167500039, 6708.8422222222225
502.749134086072, 6869.038888888889
503.1814669502445, 7148.169444444445
503.6137485758955, 7119.042777777778
504.04597894250264, 7490.4077777777775
504.4781580295442, 7827.791666666667
504.9102858164977, 7805.946666666667
505.3423622828412, 8089.931666666666
505.7743874080526, 8264.691666666668
506.20636117160956, 8650.62
506.63828355299034, 8847.225
507.07015453167253, 9303.542777777779
507.50197408713404, 9473.448333333334
507.93374219885294, 9740.442777777778
508.36545884630686, 10143.361666666666
508.7971240089739, 10313.267222222223
509.2287376663318, 10240.450555555555
509.66029979785856, 10738.031111111111
510.0918103830321, 11259.88388888889
510.5232694013299, 11378.817777777778
510.9546768322305, 11852.12611111111
511.3860326552112, 12077.857777777777
511.81733684975023, 12070.576111111111
512.2485893953253, 12383.687777777777
512.6797902714144, 12551.166111111112
513.1109394574953, 12883.695555555556
513.5420369330461, 13187.098333333333
513.9730826775443, 13439.529444444444
514.4040766704684, 13621.57111111111
514.8350188912955, 13917.692222222222
515.2659093195042, 14090.025
515.6967479345718, 14264.785
516.1275347159767, 14517.21611111111
516.5582696431964, 14594.887222222222
516.9889526957089, 14956.543333333333
517.4195838529922, 15031.787222222221
517.8501630945242, 15201.692777777778
518.2806903997824, 15269.655
518.7111657482452, 15424.997222222222
519.1415891193901, 15548.785555555556
519.5719604926952, 15269.655
520.0022798476382, 15335.19
520.4325471636973, 15675.00111111111
520.8627624203501, 15558.494444444445
521.2929255970745, 15495.386666666667
521.7230366733485, 15184.702222222222
522.1530956286498, 15422.57
522.5831024424566, 15301.208888888888
523.0130570942465, 15354.607777777777
523.4429595634975, 15153.148333333333
523.8728098296876, 15167.711666666666
524.3026078722943, 14995.378888888888
524.732353670796, 14866.736111111111
525.1620472046701, 14592.46
525.5916884533947, 14471.09888888889
526.0212773964479, 14284.202777777778
526.4508140133071, 14121.57888888889
526.8802982834507, 14109.442777777778
527.3097301863561, 13920.119444444445
527.7391097015015, 13699.242222222223
528.168436808365, 13590.017222222223
528.5977114864237, 13359.431111111111
529.0269337151562, 13041.465
529.4561034740402, 12971.075555555555
529.8852207425534, 12662.818333333333
530.314285500174, 12602.137777777778
530.7432977263796, 12395.823888888888
531.1722574006484, 12123.975
531.6011645024578, 12022.031666666666
532.030019011286, 11701.638333333334
532.458820906611, 11628.821666666667
532.8875701679102, 11339.982222222223
533.3162667746622, 11009.88
533.7449107063443, 11031.725
534.1735019424347, 10832.692777777778
534.602040462411, 10679.777777777777
535.0305262457513, 10439.482777777777
535.4589592719335, 10284.140555555556
535.8873395204353, 9900.639444444445
536.3156669707347, 9859.376666666667
536.7439416023096, 9521.992777777778
537.1721633946379, 9638.499444444444
537.6003323271975, 9531.701666666666
538.028448379466, 9247.716666666667
538.4565115309218, 9106.937777777777
538.8845217610424, 8888.487777777778
539.3124790493057, 8805.962222222222
539.7403833751898, 8640.91111111111
540.1682347181724, 8742.854444444445
540.5960330577315, 8424.888333333334
541.0237783733447, 8310.808888888889
541.4514706444902, 8075.368333333333
541.8791098506459, 7983.133888888889
542.3066959712894, 7932.162222222222
542.7342289858989, 7805.946666666667
543.1617088739521, 7696.721666666666
543.5891356149269, 7665.167777777778
544.0165091883014, 7517.107222222222
544.4438295735529, 7332.638333333333
544.8710967501598, 7104.479444444444
545.2983106976, 7004.963333333333
545.7254713953512, 6995.254444444445
546.1525788228913, 6958.846111111111
546.5796329596982, 6856.902777777777
547.0066337852497, 6796.222222222223
547.4335812790239, 6485.537777777778
547.8604754204986, 6373.885555555556
548.2873161891516, 6446.702222222222
548.7141035644607, 6298.641666666666
549.140837525904, 6148.153888888889
549.5675180529594, 5992.8116666666665
549.9941451251045, 5946.694444444444
550.4207187218174, 5934.558333333333
550.847238822576, 5737.953333333333
551.2737054068582, 5735.526111111111
551.7001184541417, 5623.873888888889
552.1264779439044, 5519.503333333333
552.5527838556245, 5570.475
552.9790361687795, 5327.752777777778
553.4052348628476, 5339.888888888889
553.8313799173064, 5318.043888888889
554.2574713116339, 5301.053333333333
554.6835090253081, 5169.983333333334
555.1094930378068, 5140.856666666667
555.5354233286079, 5051.049444444445
555.961299877189, 5072.894444444444
556.3871226630284, 4939.397222222222
556.8128916656038, 4869.007777777778
557.2386068643932, 4849.59
557.6642682388743, 4779.200555555555
558.0898757685251, 4655.412222222222
558.5154294328235, 4548.614444444444
558.9409292112473, 4572.886666666666
559.3663750832743, 4398.126666666667
559.7917670283828, 4526.769444444444
560.2171050260499, 4417.544444444445
560.6423890557544, 4388.417777777778
561.0676190969735, 4361.718333333333
561.4927951291855, 4327.737222222222
561.9179171318682, 4157.831666666667
562.3429850844992, 4182.103888888889
562.7679989665568, 4085.015
563.1929587575185, 3983.0716666666667
563.6178644368624, 4053.461111111111
564.0427159840664, 3978.217222222222
564.4675133786083, 3922.391111111111
564.892256599966, 3932.1
565.3169456276173, 3866.565
565.7415804410404, 3786.4666666666667
566.1661610197128, 3849.5744444444445
566.5906873431126, 3808.3116666666665
567.0151593907176, 3774.3305555555557
567.4395771420056, 3672.387222222222
567.8639405764549, 3672.387222222222
568.2882496735427, 3601.9977777777776
568.7125044127475, 3686.9505555555556
569.136704773547, 3635.978888888889
569.560850735419, 3546.1716666666666
569.9849422778414, 3536.462777777778
570.408979380292, 3614.133888888889
570.8329620222488, 3500.0544444444445
571.2568901831899, 3417.528888888889
571.6807638425926, 3648.115
572.1045829799353, 3449.0827777777777
572.5283475746957, 3497.6272222222224
572.9520576063518, 3388.402222222222
573.3757130543813, 3371.411666666667
573.7993138982621, 3398.1111111111113
574.2228601174724, 3356.8483333333334
574.6463516914896, 3366.557222222222
575.069788599792, 3342.285
575.4931708218572, 3298.595
575.916498337163, 3206.3605555555555
576.3397711251878, 3344.7122222222224
576.7629891654091, 3276.75
577.1861524373047, 3245.196111111111
577.6092609203528, 3247.6233333333334
578.0323145940308, 3182.088333333333
578.4553134378172, 3169.952222222222
578.8782574311896, 3233.06
579.3011465536257, 3133.543888888889
579.7239807846037, 3228.2055555555557
580.146760103601, 3160.2433333333333
580.5694844900961, 3174.806666666667
580.9921539235664, 3133.543888888889
581.4147683834901, 3140.8255555555556
581.8373278493451, 3106.8444444444444
582.2598323006089, 3101.99
582.6822817167598, 3148.1072222222224
583.1046760772754, 3116.5533333333333
583.5270153616337, 3121.407777777778
583.9492995493126, 3055.8727777777776
584.3715286197901, 3048.5911111111113
584.7937025525439, 3041.3094444444446
585.2158213270517, 3007.3283333333334
585.6378849227918, 3053.4455555555555
586.059893319242, 3126.262222222222
586.4818464958798, 3021.891666666667
586.9037444321838, 2983.056111111111
587.3255871076311, 2951.5022222222224
587.7473745017, 2888.3944444444446
588.1691065938684, 2910.2394444444444
588.590783363614, 2915.093888888889
589.0124047904148, 2924.802777777778
589.4339708537487, 2978.201666666667
589.8554815330937, 2888.3944444444446
590.2769368079274, 2980.628888888889
590.6983366577279, 2876.258333333333
591.1196810619729, 2953.9294444444445
591.5409700001403, 2893.248888888889
591.9622034517083, 2975.7744444444443
592.3833813961545, 2866.5494444444444
592.8045038129568, 2818.005
593.2255706815931, 2910.2394444444444
593.6465819815413, 2856.8405555555555
594.0675376922794, 2839.85
594.488437793285, 2808.2961111111113
594.9092822640364, 2832.568333333333
595.3300710840113, 2854.4133333333334
595.7508042326872, 2793.7327777777778
596.1714816895425, 2956.3566666666666
596.5921034340548, 2837.422777777778
597.0126694457022, 2878.6855555555558
597.4331797039623, 2822.8594444444443
597.8536341883132, 2834.9955555555557
598.2740328782329, 2771.887777777778
598.6943757531989, 2788.8783333333336
599.1146627926894, 2830.141111111111
599.5348939761823, 2815.5777777777776
599.9550692831551, 2735.4794444444447
600.3751886930862, 2801.0144444444445
600.795252185453, 2827.713888888889
601.2152597397338, 2791.3055555555557
601.6352113354062, 2798.5872222222224
602.0551069519482, 2747.6155555555556
602.4749465688378, 2757.3244444444445
602.8947301655527, 2798.5872222222224
603.3144577215706, 2849.5588888888888
603.7341292163699, 2725.7705555555553
604.153744629428, 2686.935
604.5733039402232, 2754.8972222222224
604.9928071282329, 2861.695
605.4122541729356, 2660.2355555555555
605.8316450538086, 2737.9066666666668
606.2509797503302, 2767.0333333333333
606.670258241978, 2728.197777777778
607.0894805082299, 2660.2355555555555
607.5086465285641, 2827.713888888889
607.9277562824581, 2686.935
608.3468097493899, 2784.023888888889
608.7658069088376, 2793.7327777777778
609.1847477402787, 2784.023888888889
609.6036322231914, 2750.0427777777777
610.0224603370534, 2669.9444444444443
610.4412320613428, 2747.6155555555556
610.8599473755373, 2723.3433333333332
611.2786062591147, 2699.071111111111
611.6972086915533, 2745.1883333333335
612.1157546523305, 2750.0427777777777
612.5342441209243, 2745.1883333333335
612.952677076813, 2733.052222222222
613.3710534994736, 2716.0616666666665
613.789373368385, 2737.9066666666668
614.2076366630243, 2643.245
614.62584336287, 2723.3433333333332
615.0439934473997, 2723.3433333333332
615.4620868960909, 2684.507777777778
615.8801236884221, 2682.0805555555557
616.298103803871, 2633.536111111111
616.7160272219153, 2650.5266666666666
617.1338939220329, 2694.2166666666667
617.5517038837019, 2713.6344444444444
617.9694570864001, 2677.226111111111
618.3871535096054, 2652.9538888888887
618.8047931327956, 2599.555
619.2223759354484, 2616.5455555555554
619.6399018970421, 2655.3811111111113
620.0573709970545, 2665.09
620.4747832149632, 2701.4983333333334
620.8921385302463, 2665.09
621.3094369223816, 2606.8366666666666
621.7266783708471, 2626.2544444444443
622.1438628551207, 2563.1466666666665
622.5609903546799, 2648.0994444444445
622.9780608490031, 2665.09
623.395074317568, 2655.3811111111113
623.8120307398522, 2650.5266666666666
624.228930095334, 2638.3905555555557
624.645772363491, 2703.9255555555555
625.0625575238014, 2616.5455555555554
625.4792855557428, 2616.5455555555554
625.8959564387931, 2667.5172222222222
626.3125701524302, 2587.418888888889
626.7291266761321, 2665.09
627.1456259893766, 2684.507777777778
627.5620680716416, 2597.1277777777777
627.978452902405, 2572.8555555555554
628.3947804611447, 2582.5644444444442
628.8110507273384, 2606.8366666666666
629.2272636804644, 2689.362222222222
629.6434193000001, 2548.5833333333335
630.0595175654236, 2604.4094444444445
630.4755584562129, 2614.1183333333333
630.8915419518455, 2703.9255555555555
631.3074680317999, 2570.4283333333333
631.7233366755535, 2679.653333333333
632.1391478625843, 2565.573888888889
632.5549015723702, 2648.0994444444445
632.9705977843889, 2577.71
633.3862364781188, 2631.108888888889
633.8018176330373, 2633.536111111111
634.2173412286224, 2580.137222222222
634.6328072443522, 2708.78
635.0482156597042, 2582.5644444444442
635.4635664541566, 2623.827222222222
635.8788596071872, 2614.1183333333333
636.2940950982738, 2660.2355555555555
636.7092729068943, 2594.7005555555556
637.1243930125266, 2512.175
637.5394553946488, 2589.846111111111
637.9544600327383, 2614.1183333333333
638.3694069062735, 2565.573888888889
638.784295994732, 2609.2638888888887
639.1991272775919, 2568.001111111111
639.6139007343309, 2650.5266666666666
640.0286163444265, 2652.9538888888887
640.4432740873574, 2648.0994444444445
640.857873942601, 2611.6911111111112
641.2724158896351, 2577.71
641.686899907938, 2662.6627777777776
642.101325976987, 2589.846111111111
642.5156940762606, 2621.4
642.9300041852364, 2560.7194444444444
643.344256283392, 2611.6911111111112
643.758450350206, 2643.245
644.1725863651554, 2621.4
644.5866643077189, 2667.5172222222222
645.0006841573738, 2592.2733333333335
645.4146458935983, 2584.991666666667
645.8285494958702, 2614.1183333333333
646.2423949436671, 2589.846111111111
646.6561822164675, 2577.71
647.0699112937488, 2575.282777777778
647.483582154989, 2551.0105555555556
647.897194779666, 2555.865
648.3107491472578, 2606.8366666666666
648.724245237242, 2563.1466666666665
649.1376830290968, 2599.555
649.5510625022998, 2563.1466666666665
649.964383636329, 2584.991666666667
650.3776464106625, 2577.71
650.790850804778, 2541.3016666666667
651.2039967981532, 2606.8366666666666
651.6170843702662, 2570.4283333333333
652.0301135005949, 2618.972777777778
652.443084168617, 2568.001111111111
652.8559963538107, 2563.1466666666665
653.2688500356536, 2577.71
653.6816451936236, 2558.2922222222223
654.0943818071987, 2553.4377777777777
654.5070598558568, 2563.1466666666665
654.9196793190757, 2657.8083333333334
655.3322401763332, 2597.1277777777777
655.7447424071077, 2587.418888888889
656.1571859908762, 2546.156111111111
656.5695709071173, 2604.4094444444445
656.9818971353087, 2558.2922222222223
657.394164654928, 2616.5455555555554
657.8063734454535, 2587.418888888889
658.2185234863628, 2560.7194444444444
658.6306147571338, 2551.0105555555556
659.0426472372449, 2504.8933333333334
659.454620906173, 2524.311111111111
659.8665357433969, 2597.1277777777777
660.2783917283939, 2529.1655555555553
660.6901888406422, 2582.5644444444442
661.1019270596197, 2536.447222222222
661.5136063648039, 2575.282777777778
661.9252267356732, 2548.5833333333335
662.336788151705, 2563.1466666666665
662.7482905923775, 2575.282777777778
663.1597340371688, 2594.7005555555556
663.5711184655561, 2570.4283333333333
663.9824438570179, 2563.1466666666665
664.3937101910318, 2521.883888888889
664.8049174470756, 2570.4283333333333
665.2160656046276, 2560.7194444444444
665.627154643165, 2538.8744444444446
666.0381845421665, 2584.991666666667
666.4491552811094, 2548.5833333333335
666.8600668394716, 2509.7477777777776
667.2709191967314, 2582.5644444444442
667.6817123323663, 2563.1466666666665
668.0924462258544, 2609.2638888888887
668.5031208566734, 2529.1655555555553
668.9137362043014, 2582.5644444444442
669.324292248216, 2541.3016666666667
669.7347889678953, 2575.282777777778
670.1452263428172, 2500.038888888889
670.5556043524593, 2558.2922222222223
670.9659229763, 2570.4283333333333
671.3761821938167, 2553.4377777777777
671.7863819844875, 2565.573888888889
672.1965223277904, 2490.33
672.6066032032028, 2597.1277777777777
673.0166245902033, 2582.5644444444442
673.4265864682691, 2560.7194444444444
673.8364888168785, 2546.156111111111
674.2463316155092, 2480.621111111111
674.6561148436392, 2504.8933333333334
675.0658384807463, 2589.846111111111
675.4755025063084, 2514.6022222222223
675.8851068998035, 2526.7383333333332
676.2946516407094, 2543.728888888889
676.7041367085039, 2521.883888888889
677.1135620826649, 2543.728888888889
677.5229277426704, 2560.7194444444444
677.9322336679982, 2507.3205555555555
678.3414798381262, 2526.7383333333332
678.7506662325325, 2568.001111111111
679.1597928306944, 2541.3016666666667
679.5688596120904, 2553.4377777777777
679.977866556198, 2541.3016666666667
680.3868136424953, 2551.0105555555556
680.7957008504601, 2568.001111111111
681.2045281595704, 2534.02
681.6132955493039, 2453.9216666666666
682.0220029991384, 2534.02
682.430650488552, 2601.9822222222224
682.8392379970227, 2500.038888888889
683.2477655040282, 2580.137222222222
683.6562329890462, 2490.33
684.064640431555, 2551.0105555555556
684.472987811032, 2580.137222222222
684.8812751069555, 2543.728888888889
685.2895022988033, 2597.1277777777777
685.6976693660531, 2441.7855555555557
686.1057762881829, 2485.4755555555557
686.5138230446706, 2519.4566666666665
686.9218096149941, 2618.972777777778
687.3297359786312, 2475.766666666667
687.7376021150599, 2524.311111111111
688.145408003758, 2512.175
688.5531536242033, 2495.1844444444446
688.9608389558739, 2504.8933333333334
689.3684639782474, 2507.3205555555555
689.7760286708021, 2589.846111111111
690.1835330130154, 2568.001111111111
690.5909769843656, 2497.6116666666667
690.9983605643303, 2473.3394444444443
691.4056837323875, 2526.7383333333332
691.8129464680152, 2514.6022222222223
692.220148750691, 2509.7477777777776
692.6272905598929, 2453.9216666666666
693.0343718750988, 2475.766666666667
693.4413926757868, 2507.3205555555555
693.8483529414345, 2473.3394444444443
694.25525265152, 2495.1844444444446
694.6620917855208, 2534.02
695.0688703229151, 2449.0672222222224
695.4755882431808, 2478.193888888889
695.8822455257957, 2543.728888888889
696.2888421502378, 2449.0672222222224
696.6953780959847, 2512.175
697.1018533425145, 2468.485
697.5082678693051, 2458.7761111111113
697.9146216558341, 2478.193888888889
698.3209146815799, 2473.3394444444443
698.72714692602, 2461.2033333333334
699.1333183686324, 2580.137222222222
699.5394289888949, 2478.193888888889
699.9454787662854, 2478.193888888889
700.3514676802821, 2470.912222222222
700.7573957103624, 2466.0577777777776
701.1632628360044, 2446.64
701.569069036686, 2453.9216666666666
701.9748142918851, 2507.3205555555555
702.3804985810796, 2529.1655555555553
702.7861218837471, 2507.3205555555555
703.1916841793659, 2497.6116666666667
703.5971854474136, 2417.5133333333333
704.0026256673683, 2453.9216666666666
704.4080048187078, 2475.766666666667
704.8133228809098, 2526.7383333333332
705.2185798334524, 2478.193888888889
705.6237756558133, 2492.757222222222
706.0289103274706, 2514.6022222222223
706.4339838279021, 2526.7383333333332
706.8389961365859, 2453.9216666666666
707.2439472329994, 2492.757222222222
707.6488370966208, 2480.621111111111
708.0536657069279, 2483.048333333333
708.4584330433985, 2483.048333333333
708.8631390855107, 2441.7855555555557
709.2677838127423, 2495.1844444444446
709.6723672045712, 2524.311111111111
710.0768892404751, 2436.931111111111
710.4813498999321, 2398.0955555555556
710.88574916242, 2514.6022222222223
711.2900870074167, 2434.503888888889
711.6943634144001, 2512.175
712.0985783628479, 2361.6872222222223
712.5027318322383, 2434.503888888889
712.906823802049, 2512.175
713.310854251758, 2456.3488888888887
713.7148231608429, 2427.222222222222
714.1187305087819, 2483.048333333333
714.5225762750528, 2461.2033333333334
714.9263604391333, 2485.4755555555557
715.3300829805016, 2429.6494444444443
715.7337438786353, 2449.0672222222224
716.1373431130124, 2490.33
716.5408806631108, 2480.621111111111
716.9443565084084, 2497.6116666666667
717.3477706283832, 2468.485
717.7511230025127, 2517.0294444444444
718.1544136102751, 2432.076666666667
718.5576424311482, 2461.2033333333334
718.9608094446097, 2483.048333333333
719.363914630138, 2468.485
719.7669579672105, 2410.2316666666666
720.1699394353052, 2432.076666666667
720.5728590138999, 2412.6588888888887
720.9757166824728, 2475.766666666667
721.3785124205016, 2449.0672222222224
721.7812462074642, 2468.485
722.1839180228383, 2475.766666666667
722.586527846102, 2500.038888888889
722.989075656733, 2419.9405555555554
723.3915614342095, 2415.086111111111
723.7939851580091, 2487.902777777778
724.1963468076099, 2531.592777777778
724.5986463624895, 2432.076666666667
725.0008838021259, 2376.2505555555554
725.4030591059972, 2480.621111111111
725.8051722535811, 2487.902777777778
726.2072232243553, 2441.7855555555557
726.6092119977981, 2509.7477777777776
727.011138553387, 2461.2033333333334
727.4130028706, 2451.4944444444445
727.8148049289152, 2415.086111111111
728.2165447078104, 2470.912222222222
728.6182221867631, 2500.038888888889
729.0198373452516, 2456.3488888888887
729.4213901627536, 2470.912222222222
729.8228806187471, 2475.766666666667
730.2243086927101, 2490.33
730.6256743641202, 2441.7855555555557
731.0269776124553, 2487.902777777778
731.4282184171935, 2364.1144444444444
731.8293967578126, 2390.813888888889
732.2305126137903, 2461.2033333333334
732.6315659646046, 2422.367777777778
733.0325567897337, 2492.757222222222
733.4334850686549, 2446.64
733.8343507808465, 2502.4661111111113
734.2351539057863, 2407.8044444444445
734.6358944229522, 2470.912222222222
735.0365723118219, 2466.0577777777776
735.4371875518735, 2449.0672222222224
735.8377401225848, 2480.621111111111
736.2382300034338, 2381.105
736.6386571738981, 2466.0577777777776
737.0390216134557, 2390.813888888889
737.4393233015847, 2517.0294444444444
737.8395622177627, 2519.4566666666665
738.2397383414677, 2439.358333333333
738.6398516521779, 2492.757222222222
739.0399021293706, 2405.3772222222224
739.439889752524, 2429.6494444444443
739.8398145011159, 2446.64
740.2396763546243, 2449.0672222222224
740.639475292527, 2441.7855555555557
741.0392112943019, 2422.367777777778
741.4388843394269, 2468.485
741.8384944073797, 2347.123888888889
742.2380414776385, 2434.503888888889
742.637525529681, 2407.8044444444445
743.0369465429851, 2480.621111111111
743.4363044970287, 2502.4661111111113
743.8355993712896, 2490.33
744.2348311452458, 2534.02
744.6339997983753, 2449.0672222222224
745.0331053101557, 2485.4755555555557
745.432147660065, 2495.1844444444446
745.8311268275811, 2509.7477777777776
746.230042792182, 2478.193888888889
746.6288955333454, 2453.9216666666666
747.0276850305493, 2458.7761111111113
747.4264112632713, 2483.048333333333
747.8250742109897, 2475.766666666667
748.2236738531822, 2419.9405555555554
748.6222101693266, 2490.33
749.0206831389012, 2453.9216666666666
749.4190927413832, 2529.1655555555553
749.817438956251, 2521.883888888889
750.2157217629822, 2390.813888888889
750.6139411410547, 2436.931111111111
751.0120970699468, 2466.0577777777776
751.4101895291359, 2407.8044444444445
751.8082184981, 2436.931111111111
752.2061839563171, 2439.358333333333
752.604085883265, 2463.6305555555555
753.0019242584217, 2444.212777777778
753.399699061265, 2444.212777777778
753.7974102712727, 2444.212777777778
754.1950578679227, 2478.193888888889
754.5926418306931, 2422.367777777778
754.9901621390615, 2436.931111111111
755.387618772506, 2432.076666666667
755.7850117105044, 2441.7855555555557
756.1823409325345, 2434.503888888889
756.5796064180743, 2490.33
756.9768081466016, 2526.7383333333332
757.3739460975944, 2446.64
757.7710202505305, 2441.7855555555557
758.1680305848877, 2480.621111111111
758.564977080144, 2475.766666666667
758.9618597157773, 2405.3772222222224
759.3586784712656, 2473.3394444444443
759.7554333260865, 2509.7477777777776
760.1521242597179, 2417.5133333333333
760.5487512516379, 2400.5227777777777
760.9453142813243, 2495.1844444444446
761.341813328255, 2451.4944444444445
761.738248371908, 2373.8233333333333
762.1346193917608, 2424.795
762.5309263672914, 2478.193888888889
762.927169277978, 2424.795
763.3233481032983, 2436.931111111111
763.7194628227302, 2451.4944444444445
764.1155134157514, 2383.532222222222
764.5114998618401, 2458.7761111111113
764.9074221404738, 2480.621111111111
765.3032802311308, 2497.6116666666667
765.6990741132888, 2441.7855555555557
766.0948037664257, 2490.33
766.4904691700191, 2507.3205555555555
766.8860703035473, 2432.076666666667
767.2816071464881, 2429.6494444444443
767.6770796783193, 2466.0577777777776
768.0724878785187, 2456.3488888888887
768.4678317265643, 2434.503888888889
768.8631112019339, 2470.912222222222
769.2583262841056, 2453.9216666666666
769.653476952557, 2463.6305555555555
770.0485631867662, 2415.086111111111
770.4435849662109, 2432.076666666667
770.8385422703691, 2451.4944444444445
771.2334350787187, 2500.038888888889
771.6282633707374, 2485.4755555555557
772.0230271259036, 2412.6588888888887
772.4177263236944, 2461.2033333333334
772.8123609435884, 2456.3488888888887
773.2069309650631, 2446.64
773.6014363675963, 2526.7383333333332
773.9958771306663, 2480.621111111111
774.3902532337505, 2422.367777777778
774.7845646563271, 2429.6494444444443
775.1788113778739, 2449.0672222222224
775.5729933778688, 2439.358333333333
775.9671106357898, 2500.038888888889
776.3611631311144, 2456.3488888888887
776.755150843321, 2512.175
777.1490737518869, 2453.9216666666666
777.5429318362906, 2463.6305555555555
777.9367250760095, 2500.038888888889
778.3304534505218, 2458.7761111111113
778.7241169393052, 2485.4755555555557
779.1177155218376, 2485.4755555555557
779.5112491775968, 2495.1844444444446
779.904717886061, 2466.0577777777776
780.2981216267079, 2502.4661111111113
780.6914603790154, 2468.485
781.0847341224612, 2400.5227777777777
781.4779428365234, 2458.7761111111113
781.8710865006798, 2385.9594444444447
782.2641650944086, 2480.621111111111
782.657178597187, 2473.3394444444443
783.0501269884934, 2570.4283333333333
783.4430102478057, 2429.6494444444443
783.8358283546014, 2470.912222222222
784.2285812883588, 2432.076666666667
784.6212690285556, 2441.7855555555557
785.0138915546697, 2466.0577777777776
785.4064488461789, 2473.3394444444443
785.7989408825612, 2436.931111111111
786.1913676432944, 2432.076666666667
786.5837291078566, 2466.0577777777776
786.9760252557254, 2473.3394444444443
787.3682560663788, 2412.6588888888887
787.7604215192946, 2492.757222222222
788.1525215939508, 2446.64
788.5445562698254, 2584.991666666667
788.9365255263959, 2441.7855555555557
789.3284293431406, 2456.3488888888887
789.7202676995372, 2485.4755555555557
790.1120405750635, 2483.048333333333
790.5037479491975, 2473.3394444444443
790.8953898014171, 2519.4566666666665
791.2869661112001, 2463.6305555555555
791.6784768580243, 2458.7761111111113
792.0699220213678, 2490.33
792.4613015807084, 2456.3488888888887
792.852615515524, 2456.3488888888887
793.2438638052924, 2509.7477777777776
793.6350464294916, 2521.883888888889
794.0261633675993, 2466.0577777777776
794.4172145990937, 2463.6305555555555
794.8082001034524, 2463.6305555555555
795.1991198601534, 2500.038888888889
795.5899738486744, 2432.076666666667
795.9807620484936, 2458.7761111111113
796.3714844390886, 2538.8744444444446
796.7621409999376, 2480.621111111111
797.1527317105182, 2441.7855555555557
797.5432565503083, 2495.1844444444446
797.933715498786, 2507.3205555555555
798.3241085354289, 2407.8044444444445
798.7144356397151, 2456.3488888888887
799.1046967911225, 2461.2033333333334
799.4948919691287, 2463.6305555555555
799.8850211532119, 2429.6494444444443
800.2750843228498, 2483.048333333333
800.6650814575204, 2458.7761111111113
801.0550125367017, 2412.6588888888887
801.4448775398711, 2495.1844444444446
801.8346764465069, 2429.6494444444443
802.224409236087, 2461.2033333333334
802.614075888089, 2487.902777777778
803.0036763819912, 2466.0577777777776
803.393210697271, 2497.6116666666667
803.7826788134066, 2444.212777777778
804.1720807098758, 2514.6022222222223
804.5614163661564, 2502.4661111111113
804.9506857617265, 2390.813888888889
805.3398888760638, 2507.3205555555555
805.7290256886463, 2470.912222222222
806.1180961789518, 2453.9216666666666
806.507100326458, 2470.912222222222
806.8960381106433, 2492.757222222222
807.2849095109851, 2400.5227777777777
807.6737145069615, 2490.33
808.0624530780502, 2490.33
808.4511252037294, 2485.4755555555557
808.8397308634767, 2456.3488888888887
809.2282700367703, 2463.6305555555555
809.6167427030877, 2480.621111111111
810.0051488419068, 2412.6588888888887
810.3934884327059, 2468.485
810.7817614549624, 2507.3205555555555
811.1699678881547, 2436.931111111111
811.5581077117603, 2417.5133333333333
811.946180905257, 2500.038888888889
812.3341874481231, 2415.086111111111
812.722127319836, 2487.902777777778
813.1100004998741, 2453.9216666666666
813.4978069677148, 2415.086111111111
813.8855467028363, 2407.8044444444445
814.2732196847163, 2456.3488888888887
814.6608258928328, 2424.795
815.0483653066638, 2441.7855555555557
815.4358379056869, 2456.3488888888887
815.82324366938, 2444.212777777778
816.2105825772212, 2458.7761111111113
816.5978546086883, 2407.8044444444445
816.9850597432592, 2398.0955555555556
817.3721979604117, 2444.212777777778
817.7592692396238, 2475.766666666667
818.1462735603732, 2473.3394444444443
818.5332109021379, 2415.086111111111
818.9200812443959, 2502.4661111111113
819.306884566625, 2480.621111111111
819.6936208483029, 2434.503888888889
820.0802900689077, 2485.4755555555557
820.4668922079172, 2441.7855555555557
820.8534272448094, 2451.4944444444445
821.239895159062, 2504.8933333333334
821.626295930153, 2495.1844444444446
822.0126295375603, 2419.9405555555554
822.3988959607616, 2446.64
822.785095179235, 2480.621111111111
823.1712271724583, 2449.0672222222224
823.5572919199096, 2453.9216666666666
823.9432894010663, 2449.0672222222224
824.3292195954066, 2449.0672222222224
824.7150824824083, 2441.7855555555557
825.1008780415495, 2449.0672222222224
825.486606252308, 2402.95
825.8722670941613, 2415.086111111111
826.2578605465877, 2429.6494444444443
826.643386589065, 2451.4944444444445
827.028845201071, 2419.9405555555554
827.4142363620837, 2519.4566666666665
827.7995600515808, 2495.1844444444446
828.1848162490403, 2419.9405555555554
828.5700049339401, 2480.621111111111
828.9551260857583, 2458.7761111111113
829.3401796839723, 2466.0577777777776
829.7251657080603, 2458.7761111111113
830.1100841375, 2502.4661111111113
830.4949349517696, 2480.621111111111
830.8797181303465, 2497.6116666666667
831.264433652709, 2424.795
831.649081498335, 2449.0672222222224
832.0336616467022, 2432.076666666667
832.4181740772884, 2470.912222222222
832.8026187695717, 2478.193888888889
833.1869957030299, 2407.8044444444445
833.5713048571408, 2458.7761111111113
833.9555462113824, 2470.912222222222
834.3397197452325, 2466.0577777777776
834.723825438169, 2517.0294444444444
835.1078632696698, 2468.485
835.4918332192129, 2551.0105555555556
835.875735266276, 2500.038888888889
836.259569390337, 2444.212777777778
836.6433355708738, 2497.6116666666667
837.0270337873644, 2381.105
837.4106640192867, 2446.64
837.7942262461185, 2524.311111111111
838.1777204473375, 2402.95
838.5611466024219, 2473.3394444444443
838.9445046908494, 2444.212777777778
839.3277946920979, 2478.193888888889
839.7110165856454, 2487.902777777778
840.0941703509696, 2500.038888888889
840.4772559675484, 2490.33
840.8602734148599, 2504.8933333333334
841.2432226723819, 2487.902777777778
841.6261037195922, 2415.086111111111
842.0089165359686, 2422.367777777778
842.3916611009893, 2461.2033333333334
842.7743373941316, 2487.902777777778
843.156945394874, 2400.5227777777777
843.5394850826943, 2441.7855555555557
843.9219564370701, 2490.33
844.3043594374793, 2373.8233333333333
844.6866940634001, 2415.086111111111
845.06896029431, 2453.9216666666666
845.4511581096873, 2412.6588888888887
845.8332874890094, 2422.367777777778
846.2153484117546, 2378.677777777778
846.5973408574006, 2432.076666666667
846.9792648054253, 2480.621111111111
847.3611202353064, 2402.95
847.7429071265223, 2393.241111111111
848.1246254585504, 2473.3394444444443
848.5062752108686, 2446.64
848.8878563629551, 2519.4566666666665
849.2693688942875, 2504.8933333333334
849.6508127843439, 2519.4566666666665
850.0321880126021, 2466.0577777777776
850.4134945585397, 2415.086111111111
850.7947324016351, 2412.6588888888887
851.1759015213659, 2444.212777777778
851.55700189721, 2432.076666666667
851.9380335086452, 2439.358333333333
852.3189963351494, 2470.912222222222
852.6998903562007, 2500.038888888889
853.0807155512767, 2427.222222222222
853.4614718998556, 2456.3488888888887
853.8421593814152, 2497.6116666666667
854.2227779754331, 2446.64
854.6033276613874, 2402.95
854.983808418756, 2507.3205555555555
855.3642202270167, 2478.193888888889
855.7445630656476, 2463.6305555555555
856.1248369141263, 2478.193888888889
856.5050417519308, 2398.0955555555556
856.8851775585389, 2541.3016666666667
857.2652443134286, 2439.358333333333
857.6452419960779, 2451.4944444444445
858.0251705859644, 2473.3394444444443
858.4050300625662, 2463.6305555555555
858.784820405361, 2451.4944444444445
859.1645415938268, 2429.6494444444443
859.5441936074416, 2422.367777777778
859.923776425683, 2417.5133333333333
860.3032900280291, 2461.2033333333334
860.6827343939576, 2456.3488888888887
861.0621095029466, 2400.5227777777777
861.441415334474, 2407.8044444444445
861.8206518680174, 2483.048333333333
862.1998190830549, 2412.6588888888887
862.5789169590645, 2468.485
862.9579454755236, 2444.212777777778
863.3369046119107, 2487.902777777778
863.7157943477033, 2398.0955555555556
864.0946146623794, 2514.6022222222223
864.4733655354167, 2487.902777777778
864.8520469462933, 2475.766666666667
865.2306588744871, 2468.485
865.609201299476, 2449.0672222222224
865.9876742007377, 2463.6305555555555
866.3660775577501, 2478.193888888889
866.7444113499912, 2434.503888888889
867.1226755569388, 2419.9405555555554
867.500870158071, 2463.6305555555555
867.8789951328655, 2495.1844444444446
868.2570504608001, 2444.212777777778
868.6350361213526, 2432.076666666667
869.0129520940013, 2463.6305555555555
869.3907983582237, 2485.4755555555557
869.7685748934982, 2483.048333333333
870.146281679302, 2441.7855555555557
870.5239186951134, 2432.076666666667
870.90148592041, 2446.64
871.27898333467, 2497.6116666666667
871.6564109173712, 2490.33
872.0337686479913, 2475.766666666667
872.4110565060084, 2509.7477777777776
872.7882744709003, 2478.193888888889
873.1654225221448, 2487.902777777778
873.5425006392201, 2466.0577777777776
873.9195088016037, 2390.813888888889
874.2964469887736, 2451.4944444444445
874.6733151802077, 2497.6116666666667
875.050113355384, 2405.3772222222224
875.4268414937803, 2473.3394444444443
875.8034995748744, 2424.795
876.1800875781444, 2451.4944444444445
876.5566054830679, 2415.086111111111
876.9330532691229, 2427.222222222222
877.3094309157873, 2490.33
877.6857384025392, 2451.4944444444445
878.061975708856, 2368.968888888889
878.438142814216, 2485.4755555555557
878.8142396980969, 2492.757222222222
879.1902663399766, 2402.95
879.5662227193332, 2470.912222222222
879.9421088156442, 2507.3205555555555
880.3179246083878, 2410.2316666666666
880.6936700770416, 2538.8744444444446
881.0693452010837, 2432.076666666667
881.4449499599921, 2466.0577777777776
881.8204843332443, 2502.4661111111113
882.1959483003185, 2468.485
882.5713418406924, 2422.367777777778
882.9466649338441, 2436.931111111111
883.3219175592512, 2463.6305555555555
883.6970996963919, 2475.766666666667
884.0722113247438, 2512.175
884.4472524237849, 2407.8044444444445
884.822222972993, 2429.6494444444443
885.1971229518462, 2470.912222222222
885.5719523398224, 2497.6116666666667
885.9467111163991, 2436.931111111111
886.3213992610544, 2400.5227777777777
886.6960167532662, 2492.757222222222
887.0705635725126, 2495.1844444444446
887.4450396982711, 2453.9216666666666
887.8194451100198, 2376.2505555555554
888.1937797872365, 2502.4661111111113
888.568043709399, 2441.7855555555557
888.9422368559856, 2487.902777777778
889.3163592064737, 2432.076666666667
889.6904107403415, 2456.3488888888887
890.0643914370667, 2475.766666666667
890.438301276127, 2432.076666666667
890.8121402370008, 2385.9594444444447
891.1859082991656, 2461.2033333333334
891.5596054420996, 2483.048333333333
891.9332316452803, 2473.3394444444443
892.3067868881857, 2373.8233333333333
892.6802711502938, 2451.4944444444445
893.0536844110824, 2436.931111111111
893.4270266500296, 2427.222222222222
893.8002978466128, 2446.64
894.1734979803103, 2446.64
894.5466270305999, 2490.33
894.9196849769595, 2395.6683333333335
895.2926717988669, 2449.0672222222224
895.6655874758, 2444.212777777778
896.0384319872365, 2478.193888888889
896.4112053126547, 2354.4055555555556
896.7839074315323, 2417.5133333333333
897.156538323347, 2502.4661111111113
897.529097967577, 2466.0577777777776
897.9015863436998, 2473.3394444444443
898.2740034311936, 2485.4755555555557
898.6463492095362, 2390.813888888889
899.0186236582055, 2509.7477777777776
899.3908267566794, 2434.503888888889
899.7629584844356, 2495.1844444444446
900.1350188209522, 2478.193888888889
900.5070077457069, 2468.485
900.8789252381778, 2427.222222222222
901.2507712778427, 2529.1655555555553
901.6225458441793, 2453.9216666666666
901.9942489166658, 2492.757222222222
902.3658804747797, 2458.7761111111113
902.7374404979993, 2385.9594444444447
903.1089289658024, 2490.33
903.4803458576665, 2495.1844444444446
903.8516911530699, 2475.766666666667
904.2229648314902, 2483.048333333333
904.5941668724056, 2441.7855555555557
904.9652972552939, 2402.95
905.3363559596327, 2483.048333333333
905.7073429649, 2463.6305555555555
906.0782582505739, 2461.2033333333334
906.4491017961321, 2538.8744444444446
906.8198735810525, 2446.64
907.1905735848133, 2436.931111111111
907.5612017868917, 2470.912222222222
907.9317581667661, 2456.3488888888887
908.3022427039143, 2441.7855555555557
908.6726553778141, 2415.086111111111
909.0429961679436, 2429.6494444444443
909.4132650537804, 2441.7855555555557
909.7834620148025, 2453.9216666666666
910.1535870304876, 2470.912222222222
910.523640080314, 2461.2033333333334
910.8936211437593, 2381.105
911.2635302003015, 2485.4755555555557
911.6333672294182, 2456.3488888888887
912.0031322105876, 2509.7477777777776
912.3728251232876, 2485.4755555555557
912.742445946996, 2415.086111111111
913.1119946611905, 2483.048333333333
913.4814712453491, 2468.485
913.8508756789498, 2495.1844444444446
914.2202079414703, 2371.396111111111
914.5894680123887, 2456.3488888888887
914.9586558711829, 2470.912222222222
915.3277714973304, 2463.6305555555555
915.6968148703095, 2371.396111111111
916.0657859695979, 2371.396111111111
916.4346847746734, 2405.3772222222224
916.8035112650142, 2466.0577777777776
917.1722654200979, 2446.64
917.5409472194023, 2429.6494444444443
917.9095566424055, 2487.902777777778
918.2780936685854, 2470.912222222222
918.6465582774198, 2371.396111111111
919.0149504483866, 2502.4661111111113
919.3832701609637, 2502.4661111111113
919.7515173946289, 2473.3394444444443
920.1196921288599, 2480.621111111111
920.4877943431352, 2487.902777777778
920.8558240169323, 2383.532222222222
921.223781129729, 2466.0577777777776
921.5916656610033, 2475.766666666667
921.9594775902328, 2519.4566666666665
922.327216896896, 2463.6305555555555
922.6948835604703, 2466.0577777777776
923.0624775604338, 2415.086111111111
923.4299988762641, 2492.757222222222
923.7974474874394, 2427.222222222222
924.1648233734376, 2393.241111111111
924.5321265137363, 2468.485
924.8993568878135, 2446.64
925.2665144751472, 2427.222222222222
925.6335992552152, 2434.503888888889
926.0006112074952, 2417.5133333333333
926.3675503114656, 2453.9216666666666
926.7344165466038, 2449.0672222222224
927.1012098923877, 2453.9216666666666
927.4679303282956, 2485.4755555555557
927.8345778338048, 2512.175
928.2011523883937, 2514.6022222222223
928.5676539715399, 2492.757222222222
928.9340825627213, 2436.931111111111
929.300438141416, 2473.3394444444443
929.6667206871015, 2485.4755555555557
930.032930179256, 2419.9405555555554
930.3990665973574, 2432.076666666667
930.7651299208834, 2478.193888888889
931.131120129312, 2407.8044444444445
931.497037202121, 2458.7761111111113
931.8628811187882, 2449.0672222222224
932.2286518587919, 2436.931111111111
932.5943494016095, 2473.3394444444443
932.959973726719, 2526.7383333333332
933.3255248135985, 2415.086111111111
933.6910026417256, 2444.212777777778
934.0564071905786, 2458.7761111111113
934.421738439635, 2451.4944444444445
934.7869963683726, 2512.175
935.1521809562696, 2461.2033333333334
935.5172921828038, 2432.076666666667
935.882330027453, 2492.757222222222
936.2472944696952, 2373.8233333333333
936.6121854890082, 2470.912222222222
936.9770030648699, 2441.7855555555557
937.3417471767581, 2451.4944444444445
937.7064178041509, 2500.038888888889
938.071014926526, 2466.0577777777776
938.4355385233613, 2495.1844444444446
938.7999885741348, 2446.64
939.1643650583242, 2466.0577777777776
939.5286679554074, 2480.621111111111
939.8928972448628, 2439.358333333333
940.2570529061674, 2497.6116666666667
940.6211349187996, 2492.757222222222
940.9851432622372, 2390.813888888889
941.3490779159583, 2529.1655555555553
941.7129388594406, 2468.485
942.0767260721618, 2507.3205555555555
942.4404395336, 2485.4755555555557
942.8040792232331, 2419.9405555555554
943.1676451205389, 2412.6588888888887
943.5311372049953, 2497.6116666666667
943.8945554560802, 2400.5227777777777
944.2578998532713, 2429.6494444444443
944.621170376047, 2517.0294444444444
944.9843670038847, 2485.4755555555557
945.3474897162623, 2381.105
945.710538492658, 2487.902777777778
946.0735133125493, 2415.086111111111
946.4364141554144, 2395.6683333333335
946.7992410007312, 2521.883888888889
947.1619938279771, 2468.485
947.5246726166306, 2385.9594444444447
947.8872773461691, 2446.64
948.2498079960709, 2427.222222222222
948.6122645458137, 2427.222222222222
948.9746469748751, 2458.7761111111113
949.3369552627336, 2480.621111111111
949.6991893888663, 2453.9216666666666
950.0613493327519, 2478.193888888889
950.4234350738678, 2453.9216666666666
950.7854465916919, 2429.6494444444443
951.1473838657021, 2393.241111111111
951.5092468753764, 2485.4755555555557
951.871035600193, 2371.396111111111
952.2327500196291, 2432.076666666667
952.5943901131628, 2487.902777777778
952.9559558602721, 2466.0577777777776
953.3174472404351, 2478.193888888889
953.6788642331294, 2458.7761111111113
954.040206817833, 2470.912222222222
954.4014749740235, 2415.086111111111
954.7626686811789, 2434.503888888889
955.1237879187775, 2444.212777777778
955.4848326662968, 2468.485
955.8458029032148, 2422.367777777778
956.2066986090091, 2436.931111111111
956.5675197631579, 2383.532222222222
956.9282663451391, 2456.3488888888887
957.2889383344307, 2415.086111111111
957.6495357105102, 2412.6588888888887
958.0100584528556, 2439.358333333333
958.3705065409446, 2436.931111111111
958.7308799542557, 2415.086111111111
959.0911786722664, 2470.912222222222
959.4514026744546, 2470.912222222222
959.8115519402979, 2439.358333333333
960.1716264492745, 2487.902777777778
960.5316261808625, 2398.0955555555556
960.8915511145395, 2466.0577777777776
961.2514012297835, 2451.4944444444445
961.6111765060718, 2429.6494444444443
961.9708769228831, 2415.086111111111
962.330502459695, 2473.3394444444443
962.6900530959854, 2473.3394444444443
963.0495288112322, 2475.766666666667
963.4089295849129, 2434.503888888889
963.7682553965058, 2378.677777777778
964.1275062254888, 2441.7855555555557
964.4866820513397, 2412.6588888888887
964.8457828535363, 2444.212777777778
965.2048086115565, 2470.912222222222
965.5637593048781, 2439.358333333333
965.9226349129792, 2427.222222222222
966.2814354153378, 2519.4566666666665
966.6401607914315, 2407.8044444444445
966.998811020738, 2470.912222222222
967.3573860827355, 2356.8327777777777
967.715885956902, 2492.757222222222
968.0743106227152, 2461.2033333333334
968.4326600596529, 2473.3394444444443
968.7909342471929, 2417.5133333333333
969.1491331648133, 2432.076666666667
969.5072567919922, 2475.766666666667
969.8653051082072, 2480.621111111111
970.2232780929362, 2388.3866666666668
970.5811757256569, 2512.175
970.9389979858473, 2451.4944444444445
971.2967448529856, 2458.7761111111113
971.6544163065495, 2441.7855555555557
972.0120123260166, 2463.6305555555555
972.3695328908652, 2436.931111111111
972.7269779805728, 2441.7855555555557
973.0843475746177, 2507.3205555555555
973.4416416524775, 2441.7855555555557
973.7988601936299, 2470.912222222222
974.1560031775534, 2419.9405555555554
974.5130705837252, 2485.4755555555557
974.8700623916237, 2463.6305555555555
975.2269785807267, 2475.766666666667
975.5838191305116, 2432.076666666667
975.940584020457, 2429.6494444444443
976.2972732300401, 2371.396111111111
976.6538867387394, 2461.2033333333334
977.0104245260326, 2381.105
977.366886571397, 2461.2033333333334
977.7232728543113, 2424.795
978.079583354253, 2415.086111111111
978.4358180507, 2383.532222222222
978.7919769231304, 2429.6494444444443
979.1480599510217, 2436.931111111111
979.5040671138518, 2456.3488888888887
979.8599983910992, 2417.5133333333333
980.2158537622412, 2427.222222222222
980.5716332067559, 2487.902777777778
980.9273367041209, 2483.048333333333
981.2829642338144, 2483.048333333333
981.6385157753143, 2419.9405555555554
981.9939913080984, 2497.6116666666667
982.3493908116445, 2434.503888888889
982.7047142654303, 2398.0955555555556
983.0599616489342, 2504.8933333333334
983.4151329416338, 2541.3016666666667
983.770228123007, 2444.212777777778
984.1252471725317, 2485.4755555555557
984.4801900696855, 2449.0672222222224
984.8350567939466, 2410.2316666666666
985.189847324793, 2422.367777777778
985.5445616417024, 2436.931111111111
985.8991997241528, 2424.795
986.2537615516217, 2439.358333333333
986.6082471035874, 2473.3394444444443
986.9626563595276, 2441.7855555555557
987.3169892989204, 2434.503888888889
987.6712459012435, 2504.8933333333334
988.0254261459746, 2458.7761111111113
988.3795300125918, 2485.4755555555557
988.733557480573, 2432.076666666667
989.0875085293962, 2470.912222222222
989.4413831385392, 2468.485
989.7951812874794, 2385.9594444444447
990.1489029556951, 2410.2316666666666
990.5025481226647, 2427.222222222222
990.8561167678653, 2475.766666666667
991.2096088707751, 2507.3205555555555
991.5630244108718, 2480.621111111111
991.9163633676334, 2478.193888888889
992.269625720538, 2405.3772222222224
992.6228114490633, 2395.6683333333335
992.9759205326872, 2463.6305555555555
993.3289529508872, 2446.64
993.6819086831417, 2415.086111111111
994.0347877089287, 2480.621111111111
994.3875900077255, 2393.241111111111
994.7403155590106, 2543.728888888889
995.0929643422612, 2395.6683333333335
995.4455363369556, 2470.912222222222
995.7980315225718, 2470.912222222222
996.1504498785876, 2412.6588888888887
996.5027913844808, 2434.503888888889
996.8550560197291, 2422.367777777778
997.2072437638105, 2436.931111111111
997.5593545962032, 2407.8044444444445
997.9113884963849, 2470.912222222222
998.2633454438334, 2436.931111111111
998.6152254180263, 2441.7855555555557
998.967028398442, 2429.6494444444443
999.3187543645583, 2434.503888888889
999.6704032958529, 2456.3488888888887
1000.0219751718037, 2444.212777777778
1000.3734699718887, 2456.3488888888887
1000.7248876755855, 2453.9216666666666
1001.0762282623723, 2451.4944444444445
1001.4274917117272, 2468.485
1001.7786780031272, 2446.64
1002.1297871160513, 2483.048333333333
1002.4808190299765, 2412.6588888888887
1002.831773724381, 2436.931111111111
1003.1826511787431, 2449.0672222222224
1003.5334513725397, 2531.592777777778
1003.8841742852499, 2475.766666666667
1004.2348198963505, 2475.766666666667
1004.58538818532, 2410.2316666666666
1004.9358791316362, 2473.3394444444443
1005.2862927147766, 2500.038888888889
1005.6366289142197, 2507.3205555555555
1005.9868877094427, 2517.0294444444444
1006.3370690799243, 2453.9216666666666
1006.6871730051417, 2412.6588888888887
1007.0371994645731, 2412.6588888888887
1007.387148437696, 2444.212777777778
1007.7370199039891, 2415.086111111111
1008.0868138429296, 2441.7855555555557
1008.4365302339957, 2412.6588888888887
1008.7861690566647, 2427.222222222222
1009.135730290415, 2427.222222222222
1009.4852139147247, 2402.95
1009.8346199090714, 2436.931111111111
1010.183948252933, 2373.8233333333333
1010.5331989257868, 2497.6116666666667
1010.8823719071117, 2405.3772222222224
1011.2314671763851, 2436.931111111111
1011.5804847130852, 2487.902777777778
1011.9294244966892, 2495.1844444444446
1012.2782865066753, 2424.795
1012.6270707225216, 2441.7855555555557
1012.9757771237059, 2453.9216666666666
1013.3244056897063, 2439.358333333333
1013.6729564000002, 2512.175
1014.0214292340655, 2534.02
1014.3698241713803, 2470.912222222222
1014.7181411914225, 2432.076666666667
1015.0663802736703, 2419.9405555555554
1015.414541397601, 2417.5133333333333
1015.7626245426926, 2468.485
1016.1106296884232, 2466.0577777777776
1016.4585568142705, 2451.4944444444445
1016.8064058997128, 2453.9216666666666
1017.1541769242275, 2478.193888888889
1017.5018698672923, 2449.0672222222224
1017.8494847083857, 2473.3394444444443
1018.1970214269853, 2441.7855555555557
1018.544480002569, 2451.4944444444445
1018.8918604146148, 2434.503888888889
1019.2391626426003, 2410.2316666666666
1019.5863866660034, 2412.6588888888887
1019.9335324643024, 2451.4944444444445
1020.2806000169747, 2519.4566666666665
1020.6275893034986, 2432.076666666667
1020.9745003033515, 2463.6305555555555
1021.3213329960116, 2436.931111111111
1021.6680873609569, 2451.4944444444445
1022.0147633776651, 2441.7855555555557
1022.3613610256143, 2456.3488888888887
1022.7078802842818, 2407.8044444444445
1023.054321133146, 2453.9216666666666
1023.4006835516849, 2461.2033333333334
1023.7469675193759, 2446.64
1024.0931730156972, 2405.3772222222224
1024.4393000201267, 2453.9216666666666
1024.785348512142, 2436.931111111111
1025.1313184712212, 2441.7855555555557
1025.4772098768424, 2410.2316666666666
1025.8230227084832, 2441.7855555555557
1026.1687569456215, 2451.4944444444445
1026.5144125677348, 2449.0672222222224
1026.8599895543018, 2509.7477777777776
1027.2054878848003, 2410.2316666666666
1027.5509075387072, 2514.6022222222223
1027.8962484955014, 2412.6588888888887
1028.2415107346603, 2429.6494444444443
1028.586694235662, 2436.931111111111
1028.9317989779845, 2415.086111111111
1029.2768249411054, 2458.7761111111113
1029.6217721045025, 2458.7761111111113
1029.9666404476538, 2458.7761111111113
