# FLAME spectrum data format
# Time of snapshot: 2021-02-15T15:35:19Eastern Standard Time
# Number of frames accumulated: 0
# Scan time per exposure [us]: 100000
# Wavelength [nm], Intensity [count]:
189.1861363086452, 2104.4016666666666
189.64926416366848, 2077.702222222222
190.11235512512943, 2155.3733333333334
190.57540917250594, 2121.3922222222222
191.03842628527582, 2097.12
191.50140644291702, 2109.2561111111113
191.9643496249074, 2128.673888888889
192.4272558107249, 2128.673888888889
192.89012497984731, 2233.0444444444443
193.35295711175254, 2094.692777777778
193.81575218591854, 2133.528333333333
194.27851018182312, 2152.946111111111
194.7412310789442, 2264.5983333333334
195.20391485675964, 2317.9972222222223
195.66656149474733, 2296.152222222222
196.12917097238517, 2247.6077777777778
196.59174326915107, 2271.88
197.05427836452282, 2322.8516666666665
197.51677623797838, 2354.4055555555556
197.97923686899566, 2373.8233333333333
198.44166023705247, 2349.551111111111
198.9040463216267, 2478.193888888889
199.36639510219626, 2395.6683333333335
199.82870655823908, 2529.1655555555553
200.29098066923297, 2402.95
200.7532174146558, 2473.3394444444443
201.21541677398554, 2458.7761111111113
201.6775787267, 2427.222222222222
202.13970325227712, 2480.621111111111
202.60179033019475, 2475.766666666667
203.06383993993072, 2466.0577777777776
203.52585206096302, 2502.4661111111113
203.9878266727695, 2453.9216666666666
204.44976375482798, 2432.076666666667
204.91166328661643, 2483.048333333333
205.3735252476127, 2536.447222222222
205.83534961729464, 2427.222222222222
206.2971363751402, 2500.038888888889
206.75888550062717, 2480.621111111111
207.22059697323357, 2548.5833333333335
207.68227077243716, 2478.193888888889
208.14390687771592, 2551.0105555555556
208.6055052685476, 2398.0955555555556
209.0670659244102, 2500.038888888889
209.5285888247816, 2495.1844444444446
209.99007394913966, 2444.212777777778
210.4515212769622, 2490.33
210.9129307877272, 2449.0672222222224
211.3743024609125, 2558.2922222222223
211.835636275996, 2512.175
212.29693221245557, 2475.766666666667
212.7581902497691, 2495.1844444444446
213.21941036741444, 2575.282777777778
213.68059254486954, 2427.222222222222
214.14173676161224, 2500.038888888889
214.60284299712043, 2424.795
215.06391123087198, 2468.485
215.52494144234484, 2502.4661111111113
215.9859336110168, 2444.212777777778
216.4468877163658, 2436.931111111111
216.9078037378697, 2461.2033333333334
217.36868165500644, 2463.6305555555555
217.82952144725382, 2519.4566666666665
218.29032309408976, 2524.311111111111
218.75108657499214, 2521.883888888889
219.2118118694389, 2432.076666666667
219.67249895690784, 2470.912222222222
220.13314781687689, 2470.912222222222
220.5937584288239, 2487.902777777778
221.0543307722268, 2514.6022222222223
221.51486482656347, 2466.0577777777776
221.97536057131174, 2495.1844444444446
222.43581798594948, 2475.766666666667
222.8962370499547, 2473.3394444444443
223.35661774280518, 2473.3394444444443
223.81696004397878, 2468.485
224.2772639329535, 2483.048333333333
224.73752938920714, 2531.592777777778
225.1977563922176, 2417.5133333333333
225.65794492146279, 2466.0577777777776
226.1180949564205, 2449.0672222222224
226.57820647656874, 2495.1844444444446
227.03827946138532, 2466.0577777777776
227.4983138903481, 2536.447222222222
227.95830974293503, 2483.048333333333
228.418266998624, 2483.048333333333
228.87818563689282, 2487.902777777778
229.33806563721944, 2439.358333333333
229.79790697908172, 2473.3394444444443
230.25770964195752, 2504.8933333333334
230.71747360532476, 2490.33
231.1771988486613, 2492.757222222222
231.63688535144504, 2463.6305555555555
232.09653309315385, 2407.8044444444445
232.5561420532656, 2449.0672222222224
233.01571221125823, 2509.7477777777776
233.4752435466096, 2461.2033333333334
233.93473603879755, 2485.4755555555557
234.3941896673, 2487.902777777778
234.85360441159483, 2487.902777777778
235.31298025115996, 2485.4755555555557
235.77231716547317, 2461.2033333333334
236.23161513401246, 2492.757222222222
236.69087413625567, 2526.7383333333332
237.15009415168063, 2575.282777777778
237.60927515976533, 2478.193888888889
238.0684171399876, 2548.5833333333335
238.52752007182528, 2461.2033333333334
238.9865839347563, 2458.7761111111113
239.44560870825856, 2502.4661111111113
239.90459437180988, 2536.447222222222
240.36354090488823, 2485.4755555555557
240.82244828697142, 2548.5833333333335
241.28131649753738, 2546.156111111111
241.740145516064, 2432.076666666667
242.1989353220291, 2453.9216666666666
242.65768589491063, 2492.757222222222
243.1163972141864, 2475.766666666667
243.5750692593344, 2434.503888888889
244.03370200983244, 2514.6022222222223
244.49229544515842, 2529.1655555555553
244.95084954479023, 2529.1655555555553
245.40936428820572, 2604.4094444444445
245.8678396548828, 2509.7477777777776
246.3262756242994, 2541.3016666666667
246.7846721759333, 2446.64
247.2430292892625, 2548.5833333333335
247.7013469437648, 2560.7194444444444
248.15962511891811, 2500.038888888889
248.61786379420033, 2558.2922222222223
249.0760629490893, 2536.447222222222
249.53422256306294, 2466.0577777777776
249.9923426155991, 2470.912222222222
250.4504230861757, 2514.6022222222223
250.90846395427067, 2582.5644444444442
251.3664651993618, 2507.3205555555555
251.82442680092703, 2492.757222222222
252.2823487384442, 2495.1844444444446
252.7402309913912, 2492.757222222222
253.19807353924597, 2483.048333333333
253.65587636148632, 2468.485
254.1136394375902, 2519.4566666666665
254.57136274703547, 2444.212777777778
255.02904626929998, 2514.6022222222223
255.48668998386165, 2514.6022222222223
255.94429387019835, 2517.0294444444444
256.401857907788, 2504.8933333333334
256.8593820761084, 2485.4755555555557
257.3168663546375, 2458.7761111111113
257.77431072285316, 2546.156111111111
258.2317151602333, 2599.555
258.6890796462558, 2546.156111111111
259.14640416039845, 2521.883888888889
259.6036886821393, 2483.048333333333
260.0609331909561, 2497.6116666666667
260.51813766632677, 2485.4755555555557
260.9753020877292, 2439.358333333333
261.4324264346412, 2519.4566666666665
261.8895106865408, 2480.621111111111
262.3465548229058, 2449.0672222222224
262.8035588232141, 2531.592777777778
263.26052266694353, 2546.156111111111
263.717446333572, 2475.766666666667
264.1743298025776, 2466.0577777777776
264.6311730534378, 2449.0672222222224
265.0879760656308, 2495.1844444444446
265.5447388186344, 2483.048333333333
266.00146129192643, 2512.175
266.4581434649849, 2468.485
266.91478531728757, 2458.7761111111113
267.3713868283124, 2517.0294444444444
267.82794797753724, 2640.817777777778
268.28446874443995, 2500.038888888889
268.7409491084984, 2526.7383333333332
269.19738904919063, 2473.3394444444443
269.6537885459943, 2429.6494444444443
270.1101475783875, 2546.156111111111
270.56646612584797, 2538.8744444444446
271.0227441678536, 2512.175
271.4789816838824, 2519.4566666666665
271.93517865341204, 2492.757222222222
272.3913350559207, 2487.902777777778
272.84745087088595, 2553.4377777777777
273.3035260777859, 2519.4566666666665
273.7595606560983, 2475.766666666667
274.2155545853011, 2412.6588888888887
274.6715078448722, 2449.0672222222224
275.1274204142894, 2517.0294444444444
275.58329227303074, 2461.2033333333334
276.0391234005739, 2580.137222222222
276.4949137763969, 2534.02
276.9506633799776, 2473.3394444444443
277.4063721907939, 2492.757222222222
277.8620401883236, 2543.728888888889
278.3176673520446, 2519.4566666666665
278.773253661435, 2487.902777777778
279.22879909597236, 2568.001111111111
279.68430363513477, 2529.1655555555553
280.1397672584, 2517.0294444444444
280.595189945246, 2504.8933333333334
281.05057167515076, 2551.0105555555556
281.5059124275919, 2519.4566666666665
281.9612121820476, 2514.6022222222223
282.4164709179954, 2531.592777777778
282.87168861491347, 2512.175
283.3268652522797, 2543.728888888889
283.78200080957174, 2524.311111111111
284.2370952662677, 2444.212777777778
284.6921486018453, 2558.2922222222223
285.14716079578255, 2504.8933333333334
285.60213182755723, 2468.485
286.0570616766474, 2473.3394444444443
286.5119503225307, 2495.1844444444446
286.9667977446852, 2534.02
287.4216039225886, 2449.0672222222224
287.87636883571895, 2555.865
288.33109246355417, 2436.931111111111
288.785774785572, 2531.592777777778
289.2404157812505, 2570.4283333333333
289.6950154300672, 2458.7761111111113
290.14957371150035, 2546.156111111111
290.60409060502775, 2502.4661111111113
291.05856609012716, 2553.4377777777777
291.51300014627657, 2529.1655555555553
291.96739275295386, 2526.7383333333332
292.42174388963684, 2487.902777777778
292.8760535358034, 2504.8933333333334
293.3303216709316, 2517.0294444444444
293.7845482744991, 2441.7855555555557
294.2387333259839, 2468.485
294.6928768048639, 2502.4661111111113
295.14697869061683, 2478.193888888889
295.6010389627208, 2492.757222222222
296.05505760065347, 2514.6022222222223
296.50903458389297, 2526.7383333333332
296.9629698919169, 2495.1844444444446
297.4168635042034, 2521.883888888889
297.8707154002302, 2504.8933333333334
298.32452555947515, 2487.902777777778
298.7782939614164, 2512.175
299.2320205855315, 2483.048333333333
299.6857054112985, 2495.1844444444446
300.1393484181953, 2415.086111111111
300.5929495856997, 2458.7761111111113
301.0465088932897, 2534.02
301.50002632044306, 2490.33
301.9535018466377, 2512.175
302.40693545135156, 2563.1466666666665
302.8603271140625, 2483.048333333333
303.31367681424837, 2478.193888888889
303.7669845313871, 2500.038888888889
304.2202502449565, 2466.0577777777776
304.6734739344345, 2463.6305555555555
305.12665557929904, 2548.5833333333335
305.57979515902787, 2521.883888888889
306.03289265309905, 2432.076666666667
306.4859480409903, 2507.3205555555555
306.93896130217956, 2451.4944444444445
307.39193241614487, 2568.001111111111
307.8448613623638, 2592.2733333333335
308.2977481203145, 2466.0577777777776
308.75059266947466, 2517.0294444444444
309.20339498932225, 2432.076666666667
309.6561550593353, 2504.8933333333334
310.10887285899145, 2517.0294444444444
310.56154836776875, 2521.883888888889
311.01418156514495, 2526.7383333333332
311.46677243059804, 2475.766666666667
311.9193209436059, 2492.757222222222
312.37182708364634, 2565.573888888889
312.8242908301973, 2495.1844444444446
313.27671216273677, 2492.757222222222
313.7290910607424, 2463.6305555555555
314.1814275036922, 2470.912222222222
314.63372147106406, 2492.757222222222
315.08597294233584, 2555.865
315.53818189698546, 2480.621111111111
315.99034831449075, 2514.6022222222223
316.44247217432957, 2500.038888888889
316.8945534559799, 2475.766666666667
317.3465921389196, 2478.193888888889
317.7985882026266, 2436.931111111111
318.2505416265786, 2570.4283333333333
318.7024523902536, 2480.621111111111
319.1543204731295, 2531.592777777778
319.6061458546842, 2526.7383333333332
320.0579285143956, 2594.7005555555556
320.50966843174143, 2485.4755555555557
320.9613655861997, 2514.6022222222223
321.4130199572483, 2495.1844444444446
321.86463152436505, 2458.7761111111113
322.3162002670279, 2546.156111111111
322.76772616471476, 2507.3205555555555
323.2192091969033, 2517.0294444444444
323.6706493430717, 2502.4661111111113
324.1220465826977, 2531.592777777778
324.5734008952591, 2419.9405555555554
325.0247122602339, 2492.757222222222
325.4759806571, 2487.902777777778
325.9272060653352, 2470.912222222222
326.3783884644174, 2470.912222222222
326.8295278338246, 2531.592777777778
327.2806241530346, 2504.8933333333334
327.7316774015252, 2560.7194444444444
328.1826875587743, 2480.621111111111
328.63365460425996, 2480.621111111111
329.08457851745993, 2538.8744444444446
329.5354592778521, 2463.6305555555555
329.9862968649143, 2461.2033333333334
330.4370912581245, 2529.1655555555553
330.88784243696057, 2582.5644444444442
331.3385503809005, 2553.4377777777777
331.78921506942197, 2524.311111111111
332.2398364820029, 2563.1466666666665
332.69041459812127, 2534.02
333.1409493972549, 2468.485
333.59144085888175, 2483.048333333333
334.0418889624796, 2512.175
334.49229368752646, 2507.3205555555555
334.94265501350003, 2517.0294444444444
335.3929729198783, 2463.6305555555555
335.8432473861392, 2548.5833333333335
336.29347839176063, 2601.9822222222224
336.7436659162204, 2531.592777777778
337.19380993899625, 2512.175
337.6439104395663, 2524.311111111111
338.0939673974084, 2514.6022222222223
338.5439807920004, 2512.175
338.9939506028201, 2553.4377777777777
339.4438768093455, 2553.4377777777777
339.89375939105446, 2546.156111111111
340.34359832742473, 2517.0294444444444
340.7933935979344, 2529.1655555555553
341.24314518206126, 2599.555
341.69285305928315, 2541.3016666666667
342.14251720907805, 2507.3205555555555
342.5921376109237, 2575.282777777778
343.0417142442982, 2524.311111111111
343.4912470886792, 2538.8744444444446
343.9407361235448, 2480.621111111111
344.39018132837265, 2536.447222222222
344.8395826826408, 2492.757222222222
345.2889401658271, 2546.156111111111
345.73825375740944, 2597.1277777777777
346.1875234368658, 2534.02
346.63674918367377, 2584.991666666667
347.0859309773115, 2466.0577777777776
347.53506879725677, 2507.3205555555555
347.9841626229875, 2568.001111111111
348.4332124339816, 2614.1183333333333
348.8822182097168, 2517.0294444444444
349.33117992967124, 2478.193888888889
349.78009757332256, 2502.4661111111113
350.2289711201488, 2524.311111111111
350.67780054962776, 2473.3394444444443
351.1265858412374, 2541.3016666666667
351.5753269744555, 2453.9216666666666
352.02402392876, 2597.1277777777777
352.47267668362883, 2560.7194444444444
352.92128521853977, 2490.33
353.36984951297086, 2500.038888888889
353.81836954639977, 2548.5833333333335
354.26684529830453, 2534.02
354.715276748163, 2514.6022222222223
355.1636638754531, 2548.5833333333335
355.61200665965265, 2470.912222222222
356.0603050802395, 2558.2922222222223
356.50855911669163, 2497.6116666666667
356.9567687484869, 2483.048333333333
357.4049339551032, 2504.8933333333334
357.85305471601833, 2480.621111111111
358.30113101071026, 2475.766666666667
358.7491628186568, 2487.902777777778
359.1971501193359, 2538.8744444444446
359.64509289222553, 2521.883888888889
360.0929911168034, 2485.4755555555557
360.5408447725474, 2512.175
360.98865383893553, 2536.447222222222
361.4364182954456, 2490.33
361.88413812155545, 2543.728888888889
362.3318132967432, 2575.282777777778
362.7794438004865, 2475.766666666667
363.2270296122632, 2497.6116666666667
363.6745707115514, 2485.4755555555557
364.1220670778288, 2502.4661111111113
364.5695186905733, 2453.9216666666666
365.01692552926295, 2478.193888888889
365.46428757337543, 2551.0105555555556
365.9116048023887, 2483.048333333333
366.3588771957806, 2470.912222222222
366.80610473302926, 2495.1844444444446
367.25328739361225, 2483.048333333333
367.7004251570076, 2558.2922222222223
368.14751800269306, 2470.912222222222
368.59456591014674, 2543.728888888889
369.0415688588464, 2478.193888888889
369.4885268282698, 2529.1655555555553
369.9354397978952, 2504.8933333333334
370.3823077472, 2495.1844444444446
370.82913065566237, 2521.883888888889
371.2759085027602, 2560.7194444444444
371.7226412679713, 2577.71
372.1693289307736, 2478.193888888889
372.615971470645, 2541.3016666666667
373.0625688670632, 2524.311111111111
373.5091210995062, 2543.728888888889
373.95562814745205, 2470.912222222222
374.4020899903785, 2541.3016666666667
374.8485066077633, 2436.931111111111
375.29487797908456, 2526.7383333333332
375.74120408382, 2536.447222222222
376.1874849014476, 2587.418888888889
376.6337204114452, 2519.4566666666665
377.07991059329066, 2487.902777777778
377.52605542646194, 2517.0294444444444
377.9721548904368, 2502.4661111111113
378.41820896469335, 2548.5833333333335
378.8642176287092, 2461.2033333333334
379.31018086196246, 2497.6116666666667
379.75609864393084, 2546.156111111111
380.2019709540923, 2524.311111111111
380.64779777192473, 2475.766666666667
381.093579076906, 2519.4566666666665
381.5393148485141, 2521.883888888889
381.98500506622673, 2541.3016666666667
382.43064970952184, 2497.6116666666667
382.87624875787736, 2551.0105555555556
383.32180219077117, 2504.8933333333334
383.76730998768113, 2524.311111111111
384.2127721280851, 2470.912222222222
384.658188591461, 2546.156111111111
385.1035593572866, 2577.71
385.54888440504004, 2473.3394444444443
385.994163714199, 2599.555
386.4393972642414, 2500.038888888889
386.8845850346451, 2536.447222222222
387.32972700488807, 2558.2922222222223
387.77482315444814, 2495.1844444444446
388.2198734628032, 2558.2922222222223
388.66487790943114, 2470.912222222222
389.1098364738098, 2580.137222222222
389.55474913541707, 2587.418888888889
389.99961587373093, 2560.7194444444444
390.44443666822923, 2534.02
390.8892114983898, 2470.912222222222
391.3339403436905, 2480.621111111111
391.7786231836093, 2500.038888888889
392.2232599976239, 2529.1655555555553
392.6678507652125, 2526.7383333333332
393.11239546585284, 2393.241111111111
393.55689407902264, 2495.1844444444446
394.0013465841999, 2572.8555555555554
394.4457529608626, 2524.311111111111
394.89011318848856, 2531.592777777778
395.3344272465556, 2466.0577777777776
395.77869511454173, 2502.4661111111113
396.22291677192464, 2439.358333333333
396.6670921981824, 2570.4283333333333
397.1112213727928, 2504.8933333333334
397.55530427523377, 2463.6305555555555
397.99934088498316, 2480.621111111111
398.4433311815189, 2478.193888888889
398.8872751443188, 2441.7855555555557
399.33117275286077, 2546.156111111111
399.7750239866227, 2553.4377777777777
400.2188288250826, 2568.001111111111
400.6625872477181, 2458.7761111111113
401.1062992340072, 2534.02
401.5499647634279, 2560.7194444444444
401.99358381545795, 2468.485
402.43715636957535, 2490.33
402.8806824052578, 2555.865
403.3241619019833, 2580.137222222222
403.7675948392297, 2504.8933333333334
404.2109811964749, 2541.3016666666667
404.6543209531968, 2548.5833333333335
405.0976140888734, 2555.865
405.5408605829823, 2519.4566666666665
405.9840604150016, 2551.0105555555556
406.4272135644091, 2548.5833333333335
406.87032001068275, 2480.621111111111
407.3133797333004, 2444.212777777778
407.7563927117399, 2572.8555555555554
408.1993589254791, 2524.311111111111
408.64227835399595, 2534.02
409.08515097676843, 2529.1655555555553
409.52797677327436, 2563.1466666666665
409.97075572299144, 2594.7005555555556
410.4134878053977, 2478.193888888889
410.856172999971, 2555.865
411.2988112861894, 2572.8555555555554
411.74140264353053, 2507.3205555555555
412.18394705147244, 2521.883888888889
412.6264444894928, 2521.883888888889
413.0688949370698, 2463.6305555555555
413.5112983736811, 2453.9216666666666
413.9536547788046, 2444.212777777778
414.39596413191833, 2504.8933333333334
414.83822641250003, 2563.1466666666665
415.2804416000276, 2524.311111111111
415.722609673979, 2485.4755555555557
416.16473061383203, 2538.8744444444446
416.6068043990647, 2468.485
417.0488310091547, 2517.0294444444444
417.49081042358, 2512.175
417.93274262181853, 2541.3016666666667
418.37462758334823, 2577.71
418.8164652876469, 2512.175
419.25825571419233, 2517.0294444444444
419.6999988424625, 2466.0577777777776
420.1416946519353, 2519.4566666666665
420.58334312208865, 2514.6022222222223
421.02494423240046, 2514.6022222222223
421.46649796234846, 2507.3205555555555
421.9080042914106, 2502.4661111111113
422.34946319906476, 2461.2033333333334
422.7908746647889, 2502.4661111111113
423.2322386680608, 2478.193888888889
423.6735551883584, 2536.447222222222
424.1148242051596, 2538.8744444444446
424.55604569794224, 2538.8744444444446
424.99721964618425, 2529.1655555555553
425.43834602936346, 2546.156111111111
425.87942482695786, 2541.3016666666667
426.32045601844516, 2485.4755555555557
426.7614395833034, 2514.6022222222223
427.20237550101035, 2534.02
427.643263751044, 2531.592777777778
428.0841043128821, 2558.2922222222223
428.5248971660027, 2526.7383333333332
428.96564228988353, 2521.883888888889
429.4063396640026, 2531.592777777778
429.8469892678377, 2592.2733333333335
430.2875910808667, 2572.8555555555554
430.72814508256766, 2526.7383333333332
431.1686512524183, 2529.1655555555553
431.6091095698964, 2548.5833333333335
432.04952001448015, 2453.9216666666666
432.48988256564724, 2560.7194444444444
432.93019720287555, 2551.0105555555556
433.37046390564296, 2509.7477777777776
433.8106826534275, 2572.8555555555554
434.2508534257068, 2509.7477777777776
434.690976201959, 2500.038888888889
435.13105096166186, 2490.33
435.57107768429324, 2563.1466666666665
436.011056349331, 2541.3016666666667
436.4509869362532, 2534.02
436.8908694245375, 2577.71
437.330703793662, 2558.2922222222223
437.7704900231044, 2483.048333333333
438.2102280923426, 2504.8933333333334
438.64991798085464, 2497.6116666666667
439.0895596681183, 2543.728888888889
439.52915313361143, 2543.728888888889
439.968698356812, 2529.1655555555553
440.4081953171978, 2453.9216666666666
440.84764399424677, 2551.0105555555556
441.28704436743686, 2453.9216666666666
441.7263964162458, 2492.757222222222
442.1657001201515, 2563.1466666666665
442.604955458632, 2572.8555555555554
443.044162411165, 2563.1466666666665
443.48332095722856, 2509.7477777777776
443.92243107630037, 2514.6022222222223
444.36149274785845, 2478.193888888889
444.80050595138067, 2502.4661111111113
445.2394706663448, 2463.6305555555555
445.67838687222894, 2504.8933333333334
446.11725454851074, 2453.9216666666666
446.5560736746682, 2502.4661111111113
446.99484423017924, 2543.728888888889
447.4335661945217, 2529.1655555555553
447.8722395471734, 2551.0105555555556
448.3108642676124, 2519.4566666666665
448.74944033531636, 2509.7477777777776
449.18796772976333, 2497.6116666666667
449.6264464304311, 2529.1655555555553
450.0648764167976, 2461.2033333333334
450.5032576683408, 2538.8744444444446
450.94159016453835, 2514.6022222222223
451.37987388486823, 2604.4094444444445
451.8181088088085, 2500.038888888889
452.25629491583686, 2519.4566666666665
452.6944321854313, 2500.038888888889
453.1325205970696, 2473.3394444444443
453.5705601302296, 2526.7383333333332
454.00855076438944, 2534.02
454.44649247902674, 2534.02
454.8843852536195, 2500.038888888889
455.32222906764554, 2534.02
455.76002390058284, 2517.0294444444444
456.19776973190926, 2546.156111111111
456.63546654110263, 2449.0672222222224
457.07311430764076, 2572.8555555555554
457.5107130110018, 2517.0294444444444
457.9482626306634, 2492.757222222222
458.38576314610356, 2507.3205555555555
458.82321453680004, 2541.3016666666667
459.2606167822308, 2575.282777777778
459.69796986187373, 2526.7383333333332
460.13527375520675, 2490.33
460.5725284417076, 2560.7194444444444
461.0097339008544, 2558.2922222222223
461.44689011212483, 2468.485
461.8839970549969, 2512.175
462.3210547089484, 2470.912222222222
462.7580630534572, 2475.766666666667
463.1950220680013, 2480.621111111111
463.63193173205855, 2551.0105555555556
464.0687920251067, 2568.001111111111
464.5056029266238, 2529.1655555555553
464.9423644160876, 2439.358333333333
465.3790764729762, 2456.3488888888887
465.8157390767672, 2558.2922222222223
466.2523522069386, 2563.1466666666665
466.6889158429684, 2475.766666666667
467.12542996433433, 2604.4094444444445
467.5618945505144, 2531.592777777778
467.9983095809864, 2563.1466666666665
468.4346750352282, 2570.4283333333333
468.8709908927178, 2589.846111111111
469.30725713293293, 2449.0672222222224
469.7434737353516, 2543.728888888889
470.1796406794516, 2551.0105555555556
470.6157579447109, 2529.1655555555553
471.05182551060733, 2480.621111111111
471.4878433566188, 2526.7383333333332
471.9238114622231, 2604.4094444444445
472.35972980689826, 2572.8555555555554
472.7955983701221, 2504.8933333333334
473.23141713137244, 2495.1844444444446
473.66718607012734, 2521.883888888889
474.1029051658645, 2526.7383333333332
474.53857439806194, 2512.175
474.97419374619733, 2560.7194444444444
475.4097631897488, 2458.7761111111113
475.84528270819413, 2553.4377777777777
476.28075228101125, 2487.902777777778
476.71617188767794, 2548.5833333333335
477.15154150767216, 2548.5833333333335
477.5868611204718, 2449.0672222222224
478.0221307055547, 2512.175
478.4573502423987, 2468.485
478.89251971048185, 2475.766666666667
479.3276390892819, 2509.7477777777776
479.76270835827677, 2555.865
480.19772749694437, 2461.2033333333334
480.6326964847625, 2521.883888888889
481.0676153012091, 2502.4661111111113
481.50248392576214, 2538.8744444444446
481.9373023378993, 2609.2638888888887
482.3720705170987, 2524.311111111111
482.80678844283807, 2485.4755555555557
483.2414560945953, 2597.1277777777777
483.6760734518483, 2543.728888888889
484.110640494075, 2519.4566666666665
484.5451572007532, 2497.6116666666667
484.9796235513608, 2526.7383333333332
485.41403952537576, 2529.1655555555553
485.8484051022759, 2483.048333333333
486.2827202615391, 2577.71
486.7169849826432, 2541.3016666666667
487.1511992450663, 2507.3205555555555
487.585363028286, 2553.4377777777777
488.01947631178035, 2509.7477777777776
488.4535390750272, 2563.1466666666665
488.88755129750444, 2543.728888888889
489.32151295868994, 2546.156111111111
489.75542403806156, 2473.3394444444443
490.1892845150972, 2543.728888888889
490.6230943692748, 2444.212777777778
491.05685358007213, 2536.447222222222
491.4905621269672, 2478.193888888889
491.9242199894378, 2470.912222222222
492.3578271469619, 2492.757222222222
492.7913835790173, 2524.311111111111
493.2248892650819, 2449.0672222222224
493.65834418463356, 2502.4661111111113
494.09174831715035, 2480.621111111111
494.52510164210986, 2495.1844444444446
494.9584041389902, 2507.3205555555555
495.3916557872692, 2531.592777777778
495.8248565664246, 2519.4566666666665
496.25800645593455, 2572.8555555555554
496.69110543527665, 2560.7194444444444
497.124153483929, 2512.175
497.5571505813694, 2572.8555555555554
497.99009670707574, 2582.5644444444442
498.42299184052587, 2517.0294444444444
498.8558359611977, 2568.001111111111
499.28862904856913, 2529.1655555555553
499.72137108211814, 2536.447222222222
500.15406204132233, 2512.175
500.5867019056598, 2483.048333333333
501.01929065460854, 2534.02
501.45182826764614, 2475.766666666667
501.8843147242507, 2521.883888888889
502.3167500039, 2514.6022222222223
502.749134086072, 2568.001111111111
503.1814669502445, 2536.447222222222
503.6137485758955, 2415.086111111111
504.04597894250264, 2543.728888888889
504.4781580295442, 2492.757222222222
504.9102858164977, 2543.728888888889
505.3423622828412, 2453.9216666666666
505.7743874080526, 2601.9822222222224
506.20636117160956, 2546.156111111111
506.63828355299034, 2514.6022222222223
507.07015453167253, 2546.156111111111
507.50197408713404, 2529.1655555555553
507.93374219885294, 2521.883888888889
508.36545884630686, 2521.883888888889
508.7971240089739, 2473.3394444444443
509.2287376663318, 2575.282777777778
509.66029979785856, 2553.4377777777777
510.0918103830321, 2534.02
510.5232694013299, 2504.8933333333334
510.9546768322305, 2548.5833333333335
511.3860326552112, 2507.3205555555555
511.81733684975023, 2507.3205555555555
512.2485893953253, 2521.883888888889
512.6797902714144, 2589.846111111111
513.1109394574953, 2480.621111111111
513.5420369330461, 2424.795
513.9730826775443, 2560.7194444444444
514.4040766704684, 2577.71
514.8350188912955, 2509.7477777777776
515.2659093195042, 2500.038888888889
515.6967479345718, 2543.728888888889
516.1275347159767, 2577.71
516.5582696431964, 2553.4377777777777
516.9889526957089, 2490.33
517.4195838529922, 2529.1655555555553
517.8501630945242, 2453.9216666666666
518.2806903997824, 2514.6022222222223
518.7111657482452, 2531.592777777778
519.1415891193901, 2529.1655555555553
519.5719604926952, 2548.5833333333335
520.0022798476382, 2592.2733333333335
520.4325471636973, 2521.883888888889
520.8627624203501, 2514.6022222222223
521.2929255970745, 2485.4755555555557
521.7230366733485, 2456.3488888888887
522.1530956286498, 2560.7194444444444
522.5831024424566, 2529.1655555555553
523.0130570942465, 2536.447222222222
523.4429595634975, 2497.6116666666667
523.8728098296876, 2546.156111111111
524.3026078722943, 2592.2733333333335
524.732353670796, 2514.6022222222223
525.1620472046701, 2580.137222222222
525.5916884533947, 2458.7761111111113
526.0212773964479, 2541.3016666666667
526.4508140133071, 2541.3016666666667
526.8802982834507, 2546.156111111111
527.3097301863561, 2538.8744444444446
527.7391097015015, 2560.7194444444444
528.168436808365, 2553.4377777777777
528.5977114864237, 2611.6911111111112
529.0269337151562, 2531.592777777778
529.4561034740402, 2558.2922222222223
529.8852207425534, 2485.4755555555557
530.314285500174, 2521.883888888889
530.7432977263796, 2546.156111111111
531.1722574006484, 2538.8744444444446
531.6011645024578, 2490.33
532.030019011286, 2492.757222222222
532.458820906611, 2572.8555555555554
532.8875701679102, 2521.883888888889
533.3162667746622, 2480.621111111111
533.7449107063443, 2563.1466666666665
534.1735019424347, 2524.311111111111
534.602040462411, 2551.0105555555556
535.0305262457513, 2514.6022222222223
535.4589592719335, 2597.1277777777777
535.8873395204353, 2497.6116666666667
536.3156669707347, 2526.7383333333332
536.7439416023096, 2495.1844444444446
537.1721633946379, 2565.573888888889
537.6003323271975, 2553.4377777777777
538.028448379466, 2560.7194444444444
538.4565115309218, 2517.0294444444444
538.8845217610424, 2512.175
539.3124790493057, 2497.6116666666667
539.7403833751898, 2536.447222222222
540.1682347181724, 2490.33
540.5960330577315, 2541.3016666666667
541.0237783733447, 2524.311111111111
541.4514706444902, 2521.883888888889
541.8791098506459, 2580.137222222222
542.3066959712894, 2543.728888888889
542.7342289858989, 2514.6022222222223
543.1617088739521, 2497.6116666666667
543.5891356149269, 2500.038888888889
544.0165091883014, 2582.5644444444442
544.4438295735529, 2575.282777777778
544.8710967501598, 2492.757222222222
545.2983106976, 2570.4283333333333
545.7254713953512, 2534.02
546.1525788228913, 2531.592777777778
546.5796329596982, 2584.991666666667
547.0066337852497, 2485.4755555555557
547.4335812790239, 2480.621111111111
547.8604754204986, 2575.282777777778
548.2873161891516, 2577.71
548.7141035644607, 2531.592777777778
549.140837525904, 2507.3205555555555
549.5675180529594, 2543.728888888889
549.9941451251045, 2521.883888888889
550.4207187218174, 2504.8933333333334
550.847238822576, 2534.02
551.2737054068582, 2487.902777777778
551.7001184541417, 2526.7383333333332
552.1264779439044, 2538.8744444444446
552.5527838556245, 2551.0105555555556
552.9790361687795, 2492.757222222222
553.4052348628476, 2487.902777777778
553.8313799173064, 2575.282777777778
554.2574713116339, 2514.6022222222223
554.6835090253081, 2490.33
555.1094930378068, 2524.311111111111
555.5354233286079, 2507.3205555555555
555.961299877189, 2521.883888888889
556.3871226630284, 2526.7383333333332
556.8128916656038, 2495.1844444444446
557.2386068643932, 2507.3205555555555
557.6642682388743, 2551.0105555555556
558.0898757685251, 2504.8933333333334
558.5154294328235, 2497.6116666666667
558.9409292112473, 2512.175
559.3663750832743, 2546.156111111111
559.7917670283828, 2553.4377777777777
560.2171050260499, 2478.193888888889
560.6423890557544, 2580.137222222222
561.0676190969735, 2456.3488888888887
561.4927951291855, 2512.175
561.9179171318682, 2618.972777777778
562.3429850844992, 2453.9216666666666
562.7679989665568, 2548.5833333333335
563.1929587575185, 2560.7194444444444
563.6178644368624, 2538.8744444444446
564.0427159840664, 2509.7477777777776
564.4675133786083, 2514.6022222222223
564.892256599966, 2563.1466666666665
565.3169456276173, 2553.4377777777777
565.7415804410404, 2534.02
566.1661610197128, 2572.8555555555554
566.5906873431126, 2512.175
567.0151593907176, 2521.883888888889
567.4395771420056, 2565.573888888889
567.8639405764549, 2517.0294444444444
568.2882496735427, 2468.485
568.7125044127475, 2534.02
569.136704773547, 2592.2733333333335
569.560850735419, 2570.4283333333333
569.9849422778414, 2463.6305555555555
570.408979380292, 2565.573888888889
570.8329620222488, 2560.7194444444444
571.2568901831899, 2555.865
571.6807638425926, 2655.3811111111113
572.1045829799353, 2679.653333333333
572.5283475746957, 2711.2072222222223
572.9520576063518, 2815.5777777777776
573.3757130543813, 2944.2205555555556
573.7993138982621, 2927.23
574.2228601174724, 3094.7083333333335
574.6463516914896, 3201.5061111111113
575.069788599792, 3245.196111111111
575.4931708218572, 3332.576111111111
575.916498337163, 3500.0544444444445
576.3397711251878, 3665.1055555555554
576.7629891654091, 3737.9222222222224
577.1861524373047, 3793.7483333333334
577.6092609203528, 3939.3816666666667
578.0323145940308, 4000.0622222222223
578.4553134378172, 4145.695555555556
578.8782574311896, 4259.775
579.3011465536257, 4393.272222222222
579.7239807846037, 4572.886666666666
580.146760103601, 4594.731666666667
580.5694844900961, 4813.181666666666
580.9921539235664, 4742.792222222222
581.4147683834901, 4820.463333333333
581.8373278493451, 4779.200555555555
582.2598323006089, 4813.181666666666
582.6822817167598, 4631.14
583.1046760772754, 4674.83
583.5270153616337, 4587.45
583.9492995493126, 4405.408333333334
584.3715286197901, 4373.854444444444
584.7937025525439, 4347.155
585.2158213270517, 4213.6577777777775
585.6378849227918, 4121.423333333333
586.059893319242, 3951.5177777777776
586.4818464958798, 3873.846666666667
586.9037444321838, 3786.4666666666667
587.3255871076311, 3701.5138888888887
587.7473745017, 3548.5988888888887
588.1691065938684, 3497.6272222222224
588.590783363614, 3288.886111111111
589.0124047904148, 3206.3605555555555
589.4339708537487, 3094.7083333333335
589.8554815330937, 3116.5533333333333
590.2769368079274, 2949.075
590.6983366577279, 2781.596666666667
591.1196810619729, 2842.277222222222
591.5409700001403, 2786.451111111111
591.9622034517083, 2677.226111111111
592.3833813961545, 2587.418888888889
592.8045038129568, 2582.5644444444442
593.2255706815931, 2626.2544444444443
593.6465819815413, 2623.827222222222
594.0675376922794, 2524.311111111111
594.488437793285, 2655.3811111111113
594.9092822640364, 2584.991666666667
595.3300710840113, 2519.4566666666665
595.7508042326872, 2497.6116666666667
596.1714816895425, 2570.4283333333333
596.5921034340548, 2553.4377777777777
597.0126694457022, 2638.3905555555557
597.4331797039623, 2504.8933333333334
597.8536341883132, 2531.592777777778
598.2740328782329, 2538.8744444444446
598.6943757531989, 2512.175
599.1146627926894, 2490.33
599.5348939761823, 2512.175
599.9550692831551, 2485.4755555555557
600.3751886930862, 2568.001111111111
600.795252185453, 2529.1655555555553
601.2152597397338, 2563.1466666666665
601.6352113354062, 2592.2733333333335
602.0551069519482, 2497.6116666666667
602.4749465688378, 2543.728888888889
602.8947301655527, 2509.7477777777776
603.3144577215706, 2575.282777777778
603.7341292163699, 2507.3205555555555
604.153744629428, 2526.7383333333332
604.5733039402232, 2599.555
604.9928071282329, 2461.2033333333334
605.4122541729356, 2473.3394444444443
605.8316450538086, 2580.137222222222
606.2509797503302, 2521.883888888889
606.670258241978, 2519.4566666666665
607.0894805082299, 2519.4566666666665
607.5086465285641, 2543.728888888889
607.9277562824581, 2587.418888888889
608.3468097493899, 2495.1844444444446
608.7658069088376, 2553.4377777777777
609.1847477402787, 2558.2922222222223
609.6036322231914, 2584.991666666667
610.0224603370534, 2524.311111111111
610.4412320613428, 2536.447222222222
610.8599473755373, 2560.7194444444444
611.2786062591147, 2529.1655555555553
611.6972086915533, 2526.7383333333332
612.1157546523305, 2521.883888888889
612.5342441209243, 2497.6116666666667
612.952677076813, 2475.766666666667
613.3710534994736, 2470.912222222222
613.789373368385, 2531.592777777778
614.2076366630243, 2548.5833333333335
614.62584336287, 2483.048333333333
615.0439934473997, 2478.193888888889
615.4620868960909, 2514.6022222222223
615.8801236884221, 2514.6022222222223
616.298103803871, 2534.02
616.7160272219153, 2519.4566666666665
617.1338939220329, 2478.193888888889
617.5517038837019, 2580.137222222222
617.9694570864001, 2565.573888888889
618.3871535096054, 2487.902777777778
618.8047931327956, 2514.6022222222223
619.2223759354484, 2487.902777777778
619.6399018970421, 2480.621111111111
620.0573709970545, 2541.3016666666667
620.4747832149632, 2502.4661111111113
620.8921385302463, 2594.7005555555556
621.3094369223816, 2487.902777777778
621.7266783708471, 2587.418888888889
622.1438628551207, 2553.4377777777777
622.5609903546799, 2514.6022222222223
622.9780608490031, 2541.3016666666667
623.395074317568, 2492.757222222222
623.8120307398522, 2514.6022222222223
624.228930095334, 2463.6305555555555
624.645772363491, 2531.592777777778
625.0625575238014, 2548.5833333333335
625.4792855557428, 2611.6911111111112
625.8959564387931, 2502.4661111111113
626.3125701524302, 2514.6022222222223
626.7291266761321, 2519.4566666666665
627.1456259893766, 2577.71
627.5620680716416, 2478.193888888889
627.978452902405, 2548.5833333333335
628.3947804611447, 2555.865
628.8110507273384, 2529.1655555555553
629.2272636804644, 2451.4944444444445
629.6434193000001, 2541.3016666666667
630.0595175654236, 2509.7477777777776
630.4755584562129, 2502.4661111111113
630.8915419518455, 2524.311111111111
631.3074680317999, 2572.8555555555554
631.7233366755535, 2514.6022222222223
632.1391478625843, 2543.728888888889
632.5549015723702, 2558.2922222222223
632.9705977843889, 2458.7761111111113
633.3862364781188, 2517.0294444444444
633.8018176330373, 2478.193888888889
634.2173412286224, 2512.175
634.6328072443522, 2461.2033333333334
635.0482156597042, 2507.3205555555555
635.4635664541566, 2531.592777777778
635.8788596071872, 2502.4661111111113
636.2940950982738, 2582.5644444444442
636.7092729068943, 2563.1466666666665
637.1243930125266, 2458.7761111111113
637.5394553946488, 2616.5455555555554
637.9544600327383, 2470.912222222222
638.3694069062735, 2468.485
638.784295994732, 2444.212777777778
639.1991272775919, 2410.2316666666666
639.6139007343309, 2563.1466666666665
640.0286163444265, 2558.2922222222223
640.4432740873574, 2473.3394444444443
640.857873942601, 2451.4944444444445
641.2724158896351, 2555.865
641.686899907938, 2483.048333333333
642.101325976987, 2495.1844444444446
642.5156940762606, 2485.4755555555557
642.9300041852364, 2470.912222222222
643.344256283392, 2502.4661111111113
643.758450350206, 2519.4566666666665
644.1725863651554, 2517.0294444444444
644.5866643077189, 2478.193888888889
645.0006841573738, 2543.728888888889
645.4146458935983, 2504.8933333333334
645.8285494958702, 2470.912222222222
646.2423949436671, 2541.3016666666667
646.6561822164675, 2502.4661111111113
647.0699112937488, 2531.592777777778
647.483582154989, 2555.865
647.897194779666, 2524.311111111111
648.3107491472578, 2500.038888888889
648.724245237242, 2543.728888888889
649.1376830290968, 2534.02
649.5510625022998, 2570.4283333333333
649.964383636329, 2512.175
650.3776464106625, 2538.8744444444446
650.790850804778, 2468.485
651.2039967981532, 2512.175
651.6170843702662, 2553.4377777777777
652.0301135005949, 2563.1466666666665
652.443084168617, 2519.4566666666665
652.8559963538107, 2521.883888888889
653.2688500356536, 2548.5833333333335
653.6816451936236, 2551.0105555555556
654.0943818071987, 2502.4661111111113
654.5070598558568, 2543.728888888889
654.9196793190757, 2548.5833333333335
655.3322401763332, 2548.5833333333335
655.7447424071077, 2490.33
656.1571859908762, 2446.64
656.5695709071173, 2541.3016666666667
656.9818971353087, 2451.4944444444445
657.394164654928, 2495.1844444444446
657.8063734454535, 2514.6022222222223
658.2185234863628, 2526.7383333333332
658.6306147571338, 2495.1844444444446
659.0426472372449, 2509.7477777777776
659.454620906173, 2560.7194444444444
659.8665357433969, 2599.555
660.2783917283939, 2565.573888888889
660.6901888406422, 2473.3394444444443
661.1019270596197, 2582.5644444444442
661.5136063648039, 2524.311111111111
661.9252267356732, 2519.4566666666665
662.336788151705, 2502.4661111111113
662.7482905923775, 2534.02
663.1597340371688, 2468.485
663.5711184655561, 2521.883888888889
663.9824438570179, 2504.8933333333334
664.3937101910318, 2524.311111111111
664.8049174470756, 2560.7194444444444
665.2160656046276, 2667.5172222222222
665.627154643165, 2534.02
666.0381845421665, 2507.3205555555555
666.4491552811094, 2507.3205555555555
666.8600668394716, 2480.621111111111
667.2709191967314, 2548.5833333333335
667.6817123323663, 2565.573888888889
668.0924462258544, 2541.3016666666667
668.5031208566734, 2492.757222222222
668.9137362043014, 2558.2922222222223
669.324292248216, 2538.8744444444446
669.7347889678953, 2517.0294444444444
670.1452263428172, 2538.8744444444446
670.5556043524593, 2534.02
670.9659229763, 2466.0577777777776
671.3761821938167, 2500.038888888889
671.7863819844875, 2487.902777777778
672.1965223277904, 2548.5833333333335
672.6066032032028, 2526.7383333333332
673.0166245902033, 2478.193888888889
673.4265864682691, 2485.4755555555557
673.8364888168785, 2536.447222222222
674.2463316155092, 2509.7477777777776
674.6561148436392, 2555.865
675.0658384807463, 2570.4283333333333
675.4755025063084, 2541.3016666666667
675.8851068998035, 2483.048333333333
676.2946516407094, 2509.7477777777776
676.7041367085039, 2565.573888888889
677.1135620826649, 2534.02
677.5229277426704, 2514.6022222222223
677.9322336679982, 2480.621111111111
678.3414798381262, 2592.2733333333335
678.7506662325325, 2492.757222222222
679.1597928306944, 2565.573888888889
679.5688596120904, 2521.883888888889
679.977866556198, 2553.4377777777777
680.3868136424953, 2546.156111111111
680.7957008504601, 2563.1466666666665
681.2045281595704, 2551.0105555555556
681.6132955493039, 2558.2922222222223
682.0220029991384, 2546.156111111111
682.430650488552, 2541.3016666666667
682.8392379970227, 2526.7383333333332
683.2477655040282, 2548.5833333333335
683.6562329890462, 2572.8555555555554
684.064640431555, 2551.0105555555556
684.472987811032, 2563.1466666666665
684.8812751069555, 2492.757222222222
685.2895022988033, 2582.5644444444442
685.6976693660531, 2492.757222222222
686.1057762881829, 2509.7477777777776
686.5138230446706, 2473.3394444444443
686.9218096149941, 2568.001111111111
687.3297359786312, 2497.6116666666667
687.7376021150599, 2548.5833333333335
688.145408003758, 2470.912222222222
688.5531536242033, 2490.33
688.9608389558739, 2529.1655555555553
689.3684639782474, 2497.6116666666667
689.7760286708021, 2577.71
690.1835330130154, 2402.95
690.5909769843656, 2500.038888888889
690.9983605643303, 2524.311111111111
691.4056837323875, 2546.156111111111
691.8129464680152, 2461.2033333333334
692.220148750691, 2519.4566666666665
692.6272905598929, 2519.4566666666665
693.0343718750988, 2453.9216666666666
693.4413926757868, 2521.883888888889
693.8483529414345, 2509.7477777777776
694.25525265152, 2529.1655555555553
694.6620917855208, 2548.5833333333335
695.0688703229151, 2485.4755555555557
695.4755882431808, 2441.7855555555557
695.8822455257957, 2582.5644444444442
696.2888421502378, 2480.621111111111
696.6953780959847, 2572.8555555555554
697.1018533425145, 2526.7383333333332
697.5082678693051, 2519.4566666666665
697.9146216558341, 2517.0294444444444
698.3209146815799, 2519.4566666666665
698.72714692602, 2584.991666666667
699.1333183686324, 2439.358333333333
699.5394289888949, 2568.001111111111
699.9454787662854, 2551.0105555555556
700.3514676802821, 2577.71
700.7573957103624, 2507.3205555555555
701.1632628360044, 2570.4283333333333
701.569069036686, 2461.2033333333334
701.9748142918851, 2495.1844444444446
702.3804985810796, 2534.02
702.7861218837471, 2497.6116666666667
703.1916841793659, 2592.2733333333335
703.5971854474136, 2485.4755555555557
704.0026256673683, 2492.757222222222
704.4080048187078, 2507.3205555555555
704.8133228809098, 2502.4661111111113
705.2185798334524, 2541.3016666666667
705.6237756558133, 2512.175
706.0289103274706, 2543.728888888889
706.4339838279021, 2575.282777777778
706.8389961365859, 2466.0577777777776
707.2439472329994, 2568.001111111111
707.6488370966208, 2509.7477777777776
708.0536657069279, 2594.7005555555556
708.4584330433985, 2487.902777777778
708.8631390855107, 2492.757222222222
709.2677838127423, 2558.2922222222223
709.6723672045712, 2470.912222222222
710.0768892404751, 2487.902777777778
710.4813498999321, 2536.447222222222
710.88574916242, 2495.1844444444446
711.2900870074167, 2480.621111111111
711.6943634144001, 2480.621111111111
712.0985783628479, 2497.6116666666667
712.5027318322383, 2526.7383333333332
712.906823802049, 2512.175
713.310854251758, 2534.02
713.7148231608429, 2519.4566666666665
714.1187305087819, 2546.156111111111
714.5225762750528, 2492.757222222222
714.9263604391333, 2451.4944444444445
715.3300829805016, 2541.3016666666667
715.7337438786353, 2470.912222222222
716.1373431130124, 2483.048333333333
716.5408806631108, 2500.038888888889
716.9443565084084, 2495.1844444444446
717.3477706283832, 2577.71
717.7511230025127, 2485.4755555555557
718.1544136102751, 2519.4566666666665
718.5576424311482, 2558.2922222222223
718.9608094446097, 2609.2638888888887
719.363914630138, 2490.33
719.7669579672105, 2551.0105555555556
720.1699394353052, 2500.038888888889
720.5728590138999, 2490.33
720.9757166824728, 2524.311111111111
721.3785124205016, 2606.8366666666666
721.7812462074642, 2563.1466666666665
722.1839180228383, 2534.02
722.586527846102, 2480.621111111111
722.989075656733, 2512.175
723.3915614342095, 2577.71
723.7939851580091, 2507.3205555555555
724.1963468076099, 2551.0105555555556
724.5986463624895, 2446.64
725.0008838021259, 2475.766666666667
725.4030591059972, 2456.3488888888887
725.8051722535811, 2521.883888888889
726.2072232243553, 2534.02
726.6092119977981, 2570.4283333333333
727.011138553387, 2512.175
727.4130028706, 2517.0294444444444
727.8148049289152, 2451.4944444444445
728.2165447078104, 2517.0294444444444
728.6182221867631, 2582.5644444444442
729.0198373452516, 2543.728888888889
729.4213901627536, 2536.447222222222
729.8228806187471, 2480.621111111111
730.2243086927101, 2536.447222222222
730.6256743641202, 2560.7194444444444
731.0269776124553, 2507.3205555555555
731.4282184171935, 2517.0294444444444
731.8293967578126, 2548.5833333333335
732.2305126137903, 2560.7194444444444
732.6315659646046, 2568.001111111111
733.0325567897337, 2507.3205555555555
733.4334850686549, 2483.048333333333
733.8343507808465, 2485.4755555555557
734.2351539057863, 2480.621111111111
734.6358944229522, 2519.4566666666665
735.0365723118219, 2546.156111111111
735.4371875518735, 2519.4566666666665
735.8377401225848, 2526.7383333333332
736.2382300034338, 2524.311111111111
736.6386571738981, 2534.02
737.0390216134557, 2531.592777777778
737.4393233015847, 2514.6022222222223
737.8395622177627, 2512.175
738.2397383414677, 2594.7005555555556
738.6398516521779, 2570.4283333333333
739.0399021293706, 2524.311111111111
739.439889752524, 2551.0105555555556
739.8398145011159, 2538.8744444444446
740.2396763546243, 2468.485
740.639475292527, 2543.728888888889
741.0392112943019, 2502.4661111111113
741.4388843394269, 2470.912222222222
741.8384944073797, 2441.7855555555557
742.2380414776385, 2439.358333333333
742.637525529681, 2453.9216666666666
743.0369465429851, 2538.8744444444446
743.4363044970287, 2466.0577777777776
743.8355993712896, 2582.5644444444442
744.2348311452458, 2468.485
744.6339997983753, 2548.5833333333335
745.0331053101557, 2534.02
745.432147660065, 2521.883888888889
745.8311268275811, 2453.9216666666666
746.230042792182, 2536.447222222222
746.6288955333454, 2538.8744444444446
747.0276850305493, 2463.6305555555555
747.4264112632713, 2509.7477777777776
747.8250742109897, 2519.4566666666665
748.2236738531822, 2570.4283333333333
748.6222101693266, 2524.311111111111
749.0206831389012, 2553.4377777777777
749.4190927413832, 2509.7477777777776
749.817438956251, 2572.8555555555554
750.2157217629822, 2509.7477777777776
750.6139411410547, 2551.0105555555556
751.0120970699468, 2502.4661111111113
751.4101895291359, 2495.1844444444446
751.8082184981, 2517.0294444444444
752.2061839563171, 2514.6022222222223
752.604085883265, 2500.038888888889
753.0019242584217, 2490.33
753.399699061265, 2541.3016666666667
753.7974102712727, 2497.6116666666667
754.1950578679227, 2512.175
754.5926418306931, 2572.8555555555554
754.9901621390615, 2514.6022222222223
755.387618772506, 2504.8933333333334
755.7850117105044, 2526.7383333333332
756.1823409325345, 2519.4566666666665
756.5796064180743, 2526.7383333333332
756.9768081466016, 2487.902777777778
757.3739460975944, 2502.4661111111113
757.7710202505305, 2521.883888888889
758.1680305848877, 2524.311111111111
758.564977080144, 2439.358333333333
758.9618597157773, 2492.757222222222
759.3586784712656, 2631.108888888889
759.7554333260865, 2519.4566666666665
760.1521242597179, 2521.883888888889
760.5487512516379, 2512.175
760.9453142813243, 2509.7477777777776
761.341813328255, 2502.4661111111113
761.738248371908, 2490.33
762.1346193917608, 2568.001111111111
762.5309263672914, 2500.038888888889
762.927169277978, 2563.1466666666665
763.3233481032983, 2548.5833333333335
763.7194628227302, 2553.4377777777777
764.1155134157514, 2538.8744444444446
764.5114998618401, 2485.4755555555557
764.9074221404738, 2521.883888888889
765.3032802311308, 2534.02
765.6990741132888, 2517.0294444444444
766.0948037664257, 2446.64
766.4904691700191, 2444.212777777778
766.8860703035473, 2524.311111111111
767.2816071464881, 2521.883888888889
767.6770796783193, 2468.485
768.0724878785187, 2536.447222222222
768.4678317265643, 2587.418888888889
768.8631112019339, 2546.156111111111
769.2583262841056, 2432.076666666667
769.653476952557, 2546.156111111111
770.0485631867662, 2468.485
770.4435849662109, 2495.1844444444446
770.8385422703691, 2555.865
771.2334350787187, 2475.766666666667
771.6282633707374, 2512.175
772.0230271259036, 2546.156111111111
772.4177263236944, 2521.883888888889
772.8123609435884, 2521.883888888889
773.2069309650631, 2570.4283333333333
773.6014363675963, 2441.7855555555557
773.9958771306663, 2473.3394444444443
774.3902532337505, 2485.4755555555557
774.7845646563271, 2558.2922222222223
775.1788113778739, 2461.2033333333334
775.5729933778688, 2485.4755555555557
775.9671106357898, 2529.1655555555553
776.3611631311144, 2531.592777777778
776.755150843321, 2456.3488888888887
777.1490737518869, 2504.8933333333334
777.5429318362906, 2507.3205555555555
777.9367250760095, 2500.038888888889
778.3304534505218, 2480.621111111111
778.7241169393052, 2526.7383333333332
779.1177155218376, 2560.7194444444444
779.5112491775968, 2536.447222222222
779.904717886061, 2495.1844444444446
780.2981216267079, 2480.621111111111
780.6914603790154, 2546.156111111111
781.0847341224612, 2577.71
781.4779428365234, 2594.7005555555556
781.8710865006798, 2551.0105555555556
782.2641650944086, 2495.1844444444446
782.657178597187, 2517.0294444444444
783.0501269884934, 2558.2922222222223
783.4430102478057, 2487.902777777778
783.8358283546014, 2485.4755555555557
784.2285812883588, 2565.573888888889
784.6212690285556, 2410.2316666666666
785.0138915546697, 2553.4377777777777
785.4064488461789, 2507.3205555555555
785.7989408825612, 2512.175
786.1913676432944, 2521.883888888889
786.5837291078566, 2541.3016666666667
786.9760252557254, 2609.2638888888887
787.3682560663788, 2546.156111111111
787.7604215192946, 2563.1466666666665
788.1525215939508, 2519.4566666666665
788.5445562698254, 2553.4377777777777
788.9365255263959, 2514.6022222222223
789.3284293431406, 2517.0294444444444
789.7202676995372, 2473.3394444444443
790.1120405750635, 2548.5833333333335
790.5037479491975, 2521.883888888889
790.8953898014171, 2541.3016666666667
791.2869661112001, 2536.447222222222
791.6784768580243, 2475.766666666667
792.0699220213678, 2543.728888888889
792.4613015807084, 2534.02
792.852615515524, 2548.5833333333335
793.2438638052924, 2546.156111111111
793.6350464294916, 2507.3205555555555
794.0261633675993, 2507.3205555555555
794.4172145990937, 2521.883888888889
794.8082001034524, 2470.912222222222
795.1991198601534, 2473.3394444444443
795.5899738486744, 2546.156111111111
795.9807620484936, 2551.0105555555556
796.3714844390886, 2480.621111111111
796.7621409999376, 2514.6022222222223
797.1527317105182, 2456.3488888888887
797.5432565503083, 2468.485
797.933715498786, 2480.621111111111
798.3241085354289, 2548.5833333333335
798.7144356397151, 2541.3016666666667
799.1046967911225, 2492.757222222222
799.4948919691287, 2526.7383333333332
799.8850211532119, 2548.5833333333335
800.2750843228498, 2470.912222222222
800.6650814575204, 2500.038888888889
801.0550125367017, 2563.1466666666665
801.4448775398711, 2453.9216666666666
801.8346764465069, 2485.4755555555557
802.224409236087, 2611.6911111111112
802.614075888089, 2500.038888888889
803.0036763819912, 2521.883888888889
803.393210697271, 2470.912222222222
803.7826788134066, 2473.3394444444443
804.1720807098758, 2560.7194444444444
804.5614163661564, 2572.8555555555554
804.9506857617265, 2485.4755555555557
805.3398888760638, 2534.02
805.7290256886463, 2568.001111111111
806.1180961789518, 2538.8744444444446
806.507100326458, 2551.0105555555556
806.8960381106433, 2521.883888888889
807.2849095109851, 2531.592777777778
807.6737145069615, 2514.6022222222223
808.0624530780502, 2509.7477777777776
808.4511252037294, 2495.1844444444446
808.8397308634767, 2485.4755555555557
809.2282700367703, 2568.001111111111
809.6167427030877, 2580.137222222222
810.0051488419068, 2563.1466666666665
810.3934884327059, 2521.883888888889
810.7817614549624, 2487.902777777778
811.1699678881547, 2466.0577777777776
811.5581077117603, 2519.4566666666665
811.946180905257, 2492.757222222222
812.3341874481231, 2534.02
812.722127319836, 2517.0294444444444
813.1100004998741, 2541.3016666666667
813.4978069677148, 2548.5833333333335
813.8855467028363, 2538.8744444444446
814.2732196847163, 2599.555
814.6608258928328, 2551.0105555555556
815.0483653066638, 2480.621111111111
815.4358379056869, 2495.1844444444446
815.82324366938, 2504.8933333333334
816.2105825772212, 2470.912222222222
816.5978546086883, 2534.02
816.9850597432592, 2470.912222222222
817.3721979604117, 2487.902777777778
817.7592692396238, 2536.447222222222
818.1462735603732, 2538.8744444444446
818.5332109021379, 2546.156111111111
818.9200812443959, 2485.4755555555557
819.306884566625, 2551.0105555555556
819.6936208483029, 2526.7383333333332
820.0802900689077, 2572.8555555555554
820.4668922079172, 2541.3016666666667
820.8534272448094, 2584.991666666667
821.239895159062, 2470.912222222222
821.626295930153, 2507.3205555555555
822.0126295375603, 2502.4661111111113
822.3988959607616, 2509.7477777777776
822.785095179235, 2526.7383333333332
823.1712271724583, 2534.02
823.5572919199096, 2487.902777777778
823.9432894010663, 2500.038888888889
824.3292195954066, 2519.4566666666665
824.7150824824083, 2614.1183333333333
825.1008780415495, 2526.7383333333332
825.486606252308, 2492.757222222222
825.8722670941613, 2538.8744444444446
826.2578605465877, 2504.8933333333334
826.643386589065, 2487.902777777778
827.028845201071, 2526.7383333333332
827.4142363620837, 2524.311111111111
827.7995600515808, 2553.4377777777777
828.1848162490403, 2497.6116666666667
828.5700049339401, 2497.6116666666667
828.9551260857583, 2565.573888888889
829.3401796839723, 2526.7383333333332
829.7251657080603, 2580.137222222222
830.1100841375, 2531.592777777778
830.4949349517696, 2531.592777777778
830.8797181303465, 2478.193888888889
831.264433652709, 2526.7383333333332
831.649081498335, 2577.71
832.0336616467022, 2500.038888888889
832.4181740772884, 2519.4566666666665
832.8026187695717, 2531.592777777778
833.1869957030299, 2497.6116666666667
833.5713048571408, 2500.038888888889
833.9555462113824, 2504.8933333333334
834.3397197452325, 2519.4566666666665
834.723825438169, 2572.8555555555554
835.1078632696698, 2453.9216666666666
835.4918332192129, 2538.8744444444446
835.875735266276, 2497.6116666666667
836.259569390337, 2572.8555555555554
836.6433355708738, 2565.573888888889
837.0270337873644, 2504.8933333333334
837.4106640192867, 2534.02
837.7942262461185, 2507.3205555555555
838.1777204473375, 2502.4661111111113
838.5611466024219, 2512.175
838.9445046908494, 2531.592777777778
839.3277946920979, 2521.883888888889
839.7110165856454, 2541.3016666666667
840.0941703509696, 2485.4755555555557
840.4772559675484, 2538.8744444444446
840.8602734148599, 2558.2922222222223
841.2432226723819, 2611.6911111111112
841.6261037195922, 2519.4566666666665
842.0089165359686, 2478.193888888889
842.3916611009893, 2558.2922222222223
842.7743373941316, 2538.8744444444446
843.156945394874, 2483.048333333333
843.5394850826943, 2519.4566666666665
843.9219564370701, 2439.358333333333
844.3043594374793, 2534.02
844.6866940634001, 2509.7477777777776
845.06896029431, 2519.4566666666665
845.4511581096873, 2543.728888888889
845.8332874890094, 2565.573888888889
846.2153484117546, 2536.447222222222
846.5973408574006, 2500.038888888889
846.9792648054253, 2606.8366666666666
847.3611202353064, 2580.137222222222
847.7429071265223, 2536.447222222222
848.1246254585504, 2526.7383333333332
848.5062752108686, 2529.1655555555553
848.8878563629551, 2543.728888888889
849.2693688942875, 2475.766666666667
849.6508127843439, 2507.3205555555555
850.0321880126021, 2497.6116666666667
850.4134945585397, 2577.71
850.7947324016351, 2570.4283333333333
851.1759015213659, 2575.282777777778
851.55700189721, 2453.9216666666666
851.9380335086452, 2507.3205555555555
852.3189963351494, 2490.33
852.6998903562007, 2587.418888888889
853.0807155512767, 2517.0294444444444
853.4614718998556, 2538.8744444444446
853.8421593814152, 2507.3205555555555
854.2227779754331, 2568.001111111111
854.6033276613874, 2529.1655555555553
854.983808418756, 2560.7194444444444
855.3642202270167, 2509.7477777777776
855.7445630656476, 2483.048333333333
856.1248369141263, 2490.33
856.5050417519308, 2451.4944444444445
856.8851775585389, 2514.6022222222223
857.2652443134286, 2543.728888888889
857.6452419960779, 2553.4377777777777
858.0251705859644, 2500.038888888889
858.4050300625662, 2543.728888888889
858.784820405361, 2570.4283333333333
859.1645415938268, 2502.4661111111113
859.5441936074416, 2468.485
859.923776425683, 2582.5644444444442
860.3032900280291, 2502.4661111111113
860.6827343939576, 2509.7477777777776
861.0621095029466, 2436.931111111111
861.441415334474, 2487.902777777778
861.8206518680174, 2487.902777777778
862.1998190830549, 2500.038888888889
862.5789169590645, 2490.33
862.9579454755236, 2526.7383333333332
863.3369046119107, 2492.757222222222
863.7157943477033, 2507.3205555555555
864.0946146623794, 2572.8555555555554
864.4733655354167, 2524.311111111111
864.8520469462933, 2458.7761111111113
865.2306588744871, 2451.4944444444445
865.609201299476, 2473.3394444444443
865.9876742007377, 2434.503888888889
866.3660775577501, 2560.7194444444444
866.7444113499912, 2565.573888888889
867.1226755569388, 2519.4566666666665
867.500870158071, 2553.4377777777777
867.8789951328655, 2495.1844444444446
868.2570504608001, 2529.1655555555553
868.6350361213526, 2526.7383333333332
869.0129520940013, 2529.1655555555553
869.3907983582237, 2487.902777777778
869.7685748934982, 2570.4283333333333
870.146281679302, 2558.2922222222223
870.5239186951134, 2560.7194444444444
870.90148592041, 2480.621111111111
871.27898333467, 2526.7383333333332
871.6564109173712, 2553.4377777777777
872.0337686479913, 2597.1277777777777
872.4110565060084, 2524.311111111111
872.7882744709003, 2461.2033333333334
873.1654225221448, 2565.573888888889
873.5425006392201, 2531.592777777778
873.9195088016037, 2480.621111111111
874.2964469887736, 2560.7194444444444
874.6733151802077, 2475.766666666667
875.050113355384, 2483.048333333333
875.4268414937803, 2514.6022222222223
875.8034995748744, 2529.1655555555553
876.1800875781444, 2485.4755555555557
876.5566054830679, 2546.156111111111
876.9330532691229, 2475.766666666667
877.3094309157873, 2551.0105555555556
877.6857384025392, 2490.33
878.061975708856, 2521.883888888889
878.438142814216, 2517.0294444444444
878.8142396980969, 2531.592777777778
879.1902663399766, 2524.311111111111
879.5662227193332, 2529.1655555555553
879.9421088156442, 2509.7477777777776
880.3179246083878, 2575.282777777778
880.6936700770416, 2504.8933333333334
881.0693452010837, 2502.4661111111113
881.4449499599921, 2519.4566666666665
881.8204843332443, 2558.2922222222223
882.1959483003185, 2594.7005555555556
882.5713418406924, 2483.048333333333
882.9466649338441, 2529.1655555555553
883.3219175592512, 2582.5644444444442
883.6970996963919, 2500.038888888889
884.0722113247438, 2502.4661111111113
884.4472524237849, 2519.4566666666665
884.822222972993, 2495.1844444444446
885.1971229518462, 2512.175
885.5719523398224, 2500.038888888889
885.9467111163991, 2480.621111111111
886.3213992610544, 2500.038888888889
886.6960167532662, 2483.048333333333
887.0705635725126, 2524.311111111111
887.4450396982711, 2558.2922222222223
887.8194451100198, 2490.33
888.1937797872365, 2485.4755555555557
888.568043709399, 2592.2733333333335
888.9422368559856, 2502.4661111111113
889.3163592064737, 2534.02
889.6904107403415, 2441.7855555555557
890.0643914370667, 2570.4283333333333
890.438301276127, 2483.048333333333
890.8121402370008, 2495.1844444444446
891.1859082991656, 2439.358333333333
891.5596054420996, 2582.5644444444442
891.9332316452803, 2563.1466666666665
892.3067868881857, 2504.8933333333334
892.6802711502938, 2492.757222222222
893.0536844110824, 2473.3394444444443
893.4270266500296, 2517.0294444444444
893.8002978466128, 2419.9405555555554
894.1734979803103, 2512.175
894.5466270305999, 2563.1466666666665
894.9196849769595, 2514.6022222222223
895.2926717988669, 2434.503888888889
895.6655874758, 2478.193888888889
896.0384319872365, 2475.766666666667
896.4112053126547, 2517.0294444444444
896.7839074315323, 2580.137222222222
897.156538323347, 2475.766666666667
897.529097967577, 2546.156111111111
897.9015863436998, 2483.048333333333
898.2740034311936, 2487.902777777778
898.6463492095362, 2500.038888888889
899.0186236582055, 2551.0105555555556
899.3908267566794, 2570.4283333333333
899.7629584844356, 2548.5833333333335
900.1350188209522, 2497.6116666666667
900.5070077457069, 2534.02
900.8789252381778, 2480.621111111111
901.2507712778427, 2500.038888888889
901.6225458441793, 2524.311111111111
901.9942489166658, 2434.503888888889
902.3658804747797, 2546.156111111111
902.7374404979993, 2495.1844444444446
903.1089289658024, 2563.1466666666665
903.4803458576665, 2546.156111111111
903.8516911530699, 2543.728888888889
904.2229648314902, 2487.902777777778
904.5941668724056, 2512.175
904.9652972552939, 2463.6305555555555
905.3363559596327, 2487.902777777778
905.7073429649, 2565.573888888889
906.0782582505739, 2458.7761111111113
906.4491017961321, 2504.8933333333334
906.8198735810525, 2568.001111111111
907.1905735848133, 2536.447222222222
907.5612017868917, 2473.3394444444443
907.9317581667661, 2468.485
908.3022427039143, 2521.883888888889
908.6726553778141, 2548.5833333333335
909.0429961679436, 2526.7383333333332
909.4132650537804, 2500.038888888889
909.7834620148025, 2458.7761111111113
910.1535870304876, 2504.8933333333334
910.523640080314, 2461.2033333333334
910.8936211437593, 2526.7383333333332
911.2635302003015, 2470.912222222222
911.6333672294182, 2497.6116666666667
912.0031322105876, 2497.6116666666667
912.3728251232876, 2504.8933333333334
912.742445946996, 2453.9216666666666
913.1119946611905, 2519.4566666666665
913.4814712453491, 2449.0672222222224
913.8508756789498, 2502.4661111111113
914.2202079414703, 2492.757222222222
914.5894680123887, 2485.4755555555557
914.9586558711829, 2568.001111111111
915.3277714973304, 2565.573888888889
915.6968148703095, 2500.038888888889
916.0657859695979, 2470.912222222222
916.4346847746734, 2444.212777777778
916.8035112650142, 2563.1466666666665
917.1722654200979, 2507.3205555555555
917.5409472194023, 2446.64
917.9095566424055, 2500.038888888889
918.2780936685854, 2514.6022222222223
918.6465582774198, 2526.7383333333332
919.0149504483866, 2584.991666666667
919.3832701609637, 2570.4283333333333
919.7515173946289, 2490.33
920.1196921288599, 2507.3205555555555
920.4877943431352, 2521.883888888889
920.8558240169323, 2531.592777777778
921.223781129729, 2509.7477777777776
921.5916656610033, 2514.6022222222223
921.9594775902328, 2468.485
922.327216896896, 2514.6022222222223
922.6948835604703, 2446.64
923.0624775604338, 2592.2733333333335
923.4299988762641, 2463.6305555555555
923.7974474874394, 2483.048333333333
924.1648233734376, 2487.902777777778
924.5321265137363, 2463.6305555555555
924.8993568878135, 2560.7194444444444
925.2665144751472, 2529.1655555555553
925.6335992552152, 2509.7477777777776
926.0006112074952, 2502.4661111111113
926.3675503114656, 2534.02
926.7344165466038, 2534.02
927.1012098923877, 2519.4566666666665
927.4679303282956, 2422.367777777778
927.8345778338048, 2500.038888888889
928.2011523883937, 2565.573888888889
928.5676539715399, 2439.358333333333
928.9340825627213, 2466.0577777777776
929.300438141416, 2538.8744444444446
929.6667206871015, 2519.4566666666665
930.032930179256, 2483.048333333333
930.3990665973574, 2502.4661111111113
930.7651299208834, 2536.447222222222
931.131120129312, 2534.02
931.497037202121, 2568.001111111111
931.8628811187882, 2558.2922222222223
932.2286518587919, 2553.4377777777777
932.5943494016095, 2487.902777777778
932.959973726719, 2575.282777777778
933.3255248135985, 2509.7477777777776
933.6910026417256, 2475.766666666667
934.0564071905786, 2497.6116666666667
934.421738439635, 2483.048333333333
934.7869963683726, 2483.048333333333
935.1521809562696, 2563.1466666666665
935.5172921828038, 2531.592777777778
935.882330027453, 2560.7194444444444
936.2472944696952, 2500.038888888889
936.6121854890082, 2490.33
936.9770030648699, 2512.175
937.3417471767581, 2509.7477777777776
937.7064178041509, 2568.001111111111
938.071014926526, 2548.5833333333335
938.4355385233613, 2534.02
938.7999885741348, 2509.7477777777776
939.1643650583242, 2548.5833333333335
939.5286679554074, 2553.4377777777777
939.8928972448628, 2383.532222222222
940.2570529061674, 2507.3205555555555
940.6211349187996, 2470.912222222222
940.9851432622372, 2538.8744444444446
941.3490779159583, 2531.592777777778
941.7129388594406, 2534.02
942.0767260721618, 2546.156111111111
942.4404395336, 2456.3488888888887
942.8040792232331, 2480.621111111111
943.1676451205389, 2543.728888888889
943.5311372049953, 2517.0294444444444
943.8945554560802, 2458.7761111111113
944.2578998532713, 2570.4283333333333
944.621170376047, 2524.311111111111
944.9843670038847, 2468.485
945.3474897162623, 2507.3205555555555
945.710538492658, 2507.3205555555555
946.0735133125493, 2563.1466666666665
946.4364141554144, 2541.3016666666667
946.7992410007312, 2507.3205555555555
947.1619938279771, 2497.6116666666667
947.5246726166306, 2458.7761111111113
947.8872773461691, 2507.3205555555555
948.2498079960709, 2587.418888888889
948.6122645458137, 2541.3016666666667
948.9746469748751, 2478.193888888889
949.3369552627336, 2502.4661111111113
949.6991893888663, 2473.3394444444443
950.0613493327519, 2480.621111111111
950.4234350738678, 2461.2033333333334
950.7854465916919, 2531.592777777778
951.1473838657021, 2534.02
951.5092468753764, 2466.0577777777776
951.871035600193, 2529.1655555555553
952.2327500196291, 2538.8744444444446
952.5943901131628, 2514.6022222222223
952.9559558602721, 2546.156111111111
953.3174472404351, 2580.137222222222
953.6788642331294, 2524.311111111111
954.040206817833, 2495.1844444444446
954.4014749740235, 2521.883888888889
954.7626686811789, 2507.3205555555555
955.1237879187775, 2504.8933333333334
955.4848326662968, 2492.757222222222
955.8458029032148, 2458.7761111111113
956.2066986090091, 2509.7477777777776
956.5675197631579, 2521.883888888889
956.9282663451391, 2478.193888888889
957.2889383344307, 2475.766666666667
957.6495357105102, 2507.3205555555555
958.0100584528556, 2568.001111111111
958.3705065409446, 2495.1844444444446
958.7308799542557, 2497.6116666666667
959.0911786722664, 2551.0105555555556
959.4514026744546, 2541.3016666666667
959.8115519402979, 2485.4755555555557
960.1716264492745, 2473.3394444444443
960.5316261808625, 2468.485
960.8915511145395, 2509.7477777777776
961.2514012297835, 2553.4377777777777
961.6111765060718, 2555.865
961.9708769228831, 2524.311111111111
962.330502459695, 2507.3205555555555
962.6900530959854, 2553.4377777777777
963.0495288112322, 2497.6116666666667
963.4089295849129, 2536.447222222222
963.7682553965058, 2536.447222222222
964.1275062254888, 2551.0105555555556
964.4866820513397, 2507.3205555555555
964.8457828535363, 2555.865
965.2048086115565, 2453.9216666666666
965.5637593048781, 2492.757222222222
965.9226349129792, 2500.038888888889
966.2814354153378, 2487.902777777778
966.6401607914315, 2497.6116666666667
966.998811020738, 2582.5644444444442
967.3573860827355, 2577.71
967.715885956902, 2534.02
968.0743106227152, 2468.485
968.4326600596529, 2541.3016666666667
968.7909342471929, 2492.757222222222
969.1491331648133, 2509.7477777777776
969.5072567919922, 2449.0672222222224
969.8653051082072, 2473.3394444444443
970.2232780929362, 2466.0577777777776
970.5811757256569, 2534.02
970.9389979858473, 2466.0577777777776
971.2967448529856, 2468.485
971.6544163065495, 2495.1844444444446
972.0120123260166, 2483.048333333333
972.3695328908652, 2458.7761111111113
972.7269779805728, 2478.193888888889
973.0843475746177, 2517.0294444444444
973.4416416524775, 2551.0105555555556
973.7988601936299, 2558.2922222222223
974.1560031775534, 2541.3016666666667
974.5130705837252, 2473.3394444444443
974.8700623916237, 2521.883888888889
975.2269785807267, 2490.33
975.5838191305116, 2466.0577777777776
975.940584020457, 2495.1844444444446
976.2972732300401, 2504.8933333333334
976.6538867387394, 2451.4944444444445
977.0104245260326, 2529.1655555555553
977.366886571397, 2521.883888888889
977.7232728543113, 2546.156111111111
978.079583354253, 2512.175
978.4358180507, 2534.02
978.7919769231304, 2500.038888888889
979.1480599510217, 2553.4377777777777
979.5040671138518, 2517.0294444444444
979.8599983910992, 2480.621111111111
980.2158537622412, 2546.156111111111
980.5716332067559, 2427.222222222222
980.9273367041209, 2541.3016666666667
981.2829642338144, 2502.4661111111113
981.6385157753143, 2509.7477777777776
981.9939913080984, 2502.4661111111113
982.3493908116445, 2487.902777777778
982.7047142654303, 2534.02
983.0599616489342, 2514.6022222222223
983.4151329416338, 2519.4566666666665
983.770228123007, 2490.33
984.1252471725317, 2492.757222222222
984.4801900696855, 2531.592777777778
984.8350567939466, 2512.175
985.189847324793, 2538.8744444444446
985.5445616417024, 2548.5833333333335
985.8991997241528, 2543.728888888889
986.2537615516217, 2451.4944444444445
986.6082471035874, 2587.418888888889
986.9626563595276, 2500.038888888889
987.3169892989204, 2514.6022222222223
987.6712459012435, 2497.6116666666667
988.0254261459746, 2495.1844444444446
988.3795300125918, 2553.4377777777777
988.733557480573, 2553.4377777777777
989.0875085293962, 2521.883888888889
989.4413831385392, 2483.048333333333
989.7951812874794, 2536.447222222222
990.1489029556951, 2492.757222222222
990.5025481226647, 2483.048333333333
990.8561167678653, 2548.5833333333335
991.2096088707751, 2558.2922222222223
991.5630244108718, 2521.883888888889
991.9163633676334, 2538.8744444444446
992.269625720538, 2514.6022222222223
992.6228114490633, 2514.6022222222223
992.9759205326872, 2524.311111111111
993.3289529508872, 2543.728888888889
993.6819086831417, 2529.1655555555553
994.0347877089287, 2507.3205555555555
994.3875900077255, 2507.3205555555555
994.7403155590106, 2551.0105555555556
995.0929643422612, 2492.757222222222
995.4455363369556, 2500.038888888889
995.7980315225718, 2521.883888888889
996.1504498785876, 2584.991666666667
996.5027913844808, 2553.4377777777777
996.8550560197291, 2519.4566666666665
997.2072437638105, 2461.2033333333334
997.5593545962032, 2485.4755555555557
997.9113884963849, 2517.0294444444444
998.2633454438334, 2536.447222222222
998.6152254180263, 2529.1655555555553
998.967028398442, 2495.1844444444446
999.3187543645583, 2468.485
999.6704032958529, 2487.902777777778
1000.0219751718037, 2570.4283333333333
1000.3734699718887, 2616.5455555555554
1000.7248876755855, 2463.6305555555555
1001.0762282623723, 2458.7761111111113
1001.4274917117272, 2541.3016666666667
1001.7786780031272, 2504.8933333333334
1002.1297871160513, 2582.5644444444442
1002.4808190299765, 2514.6022222222223
1002.831773724381, 2483.048333333333
1003.1826511787431, 2480.621111111111
1003.5334513725397, 2536.447222222222
1003.8841742852499, 2551.0105555555556
1004.2348198963505, 2502.4661111111113
1004.58538818532, 2475.766666666667
1004.9358791316362, 2490.33
1005.2862927147766, 2526.7383333333332
1005.6366289142197, 2480.621111111111
1005.9868877094427, 2490.33
1006.3370690799243, 2512.175
1006.6871730051417, 2514.6022222222223
1007.0371994645731, 2497.6116666666667
1007.387148437696, 2548.5833333333335
1007.7370199039891, 2500.038888888889
1008.0868138429296, 2558.2922222222223
1008.4365302339957, 2492.757222222222
1008.7861690566647, 2502.4661111111113
1009.135730290415, 2524.311111111111
1009.4852139147247, 2402.95
1009.8346199090714, 2485.4755555555557
1010.183948252933, 2441.7855555555557
1010.5331989257868, 2577.71
1010.8823719071117, 2521.883888888889
1011.2314671763851, 2582.5644444444442
1011.5804847130852, 2546.156111111111
1011.9294244966892, 2534.02
1012.2782865066753, 2592.2733333333335
1012.6270707225216, 2553.4377777777777
1012.9757771237059, 2512.175
1013.3244056897063, 2570.4283333333333
1013.6729564000002, 2555.865
1014.0214292340655, 2502.4661111111113
1014.3698241713803, 2512.175
1014.7181411914225, 2538.8744444444446
1015.0663802736703, 2485.4755555555557
1015.414541397601, 2551.0105555555556
1015.7626245426926, 2490.33
1016.1106296884232, 2504.8933333333334
1016.4585568142705, 2553.4377777777777
1016.8064058997128, 2521.883888888889
1017.1541769242275, 2485.4755555555557
1017.5018698672923, 2616.5455555555554
1017.8494847083857, 2512.175
1018.1970214269853, 2526.7383333333332
1018.544480002569, 2480.621111111111
1018.8918604146148, 2560.7194444444444
1019.2391626426003, 2480.621111111111
1019.5863866660034, 2500.038888888889
1019.9335324643024, 2487.902777777778
1020.2806000169747, 2485.4755555555557
1020.6275893034986, 2548.5833333333335
1020.9745003033515, 2577.71
1021.3213329960116, 2475.766666666667
1021.6680873609569, 2565.573888888889
1022.0147633776651, 2458.7761111111113
1022.3613610256143, 2509.7477777777776
1022.7078802842818, 2529.1655555555553
1023.054321133146, 2526.7383333333332
1023.4006835516849, 2517.0294444444444
1023.7469675193759, 2468.485
1024.0931730156972, 2558.2922222222223
1024.4393000201267, 2485.4755555555557
1024.785348512142, 2517.0294444444444
1025.1313184712212, 2531.592777777778
1025.4772098768424, 2536.447222222222
1025.8230227084832, 2514.6022222222223
1026.1687569456215, 2555.865
1026.5144125677348, 2468.485
1026.8599895543018, 2461.2033333333334
1027.2054878848003, 2526.7383333333332
1027.5509075387072, 2531.592777777778
1027.8962484955014, 2551.0105555555556
1028.2415107346603, 2487.902777777778
1028.586694235662, 2470.912222222222
1028.9317989779845, 2429.6494444444443
1029.2768249411054, 2519.4566666666665
1029.6217721045025, 2519.4566666666665
1029.9666404476538, 2519.4566666666665
