# FLAME spectrum data format
# Time of snapshot: 2021-02-08T18:09:57Eastern Standard Time
# Number of frames accumulated: 0
# Scan time per exposure [us]: 100000189.1861363086452, 2024.3033333333333
189.64926416366848, 2031.585
190.11235512512943, 2007.3127777777777
190.57540917250594, 1985.4677777777779
191.03842628527582, 2043.7211111111112
191.50140644291702, 2097.12
191.9643496249074, 2055.8572222222224
192.4272558107249, 2097.12
192.89012497984731, 2063.1388888888887
193.35295711175254, 2097.12
193.81575218591854, 2157.8005555555555
194.27851018182312, 2189.3544444444447
194.7412310789442, 2162.655
195.20391485675964, 2257.3166666666666
195.66656149474733, 2235.471666666667
196.12917097238517, 2327.706111111111
196.59174326915107, 2257.3166666666666
197.05427836452282, 2199.0633333333335
197.51677623797838, 2257.3166666666666
197.97923686899566, 2317.9972222222223
198.44166023705247, 2330.133333333333
198.9040463216267, 2344.6966666666667
199.36639510219626, 2432.076666666667
199.82870655823908, 2441.7855555555557
200.29098066923297, 2368.968888888889
200.7532174146558, 2449.0672222222224
201.21541677398554, 2451.4944444444445
201.6775787267, 2470.912222222222
202.13970325227712, 2485.4755555555557
202.60179033019475, 2453.9216666666666
203.06383993993072, 2502.4661111111113
203.52585206096302, 2470.912222222222
203.9878266727695, 2495.1844444444446
204.44976375482798, 2449.0672222222224
204.91166328661643, 2441.7855555555557
205.3735252476127, 2451.4944444444445
205.83534961729464, 2441.7855555555557
206.2971363751402, 2458.7761111111113
206.75888550062717, 2497.6116666666667
207.22059697323357, 2480.621111111111
207.68227077243716, 2466.0577777777776
208.14390687771592, 2456.3488888888887
208.6055052685476, 2424.795
209.0670659244102, 2507.3205555555555
209.5285888247816, 2475.766666666667
209.99007394913966, 2473.3394444444443
210.4515212769622, 2512.175
210.9129307877272, 2529.1655555555553
211.3743024609125, 2449.0672222222224
211.835636275996, 2473.3394444444443
212.29693221245557, 2504.8933333333334
212.7581902497691, 2504.8933333333334
213.21941036741444, 2446.64
213.68059254486954, 2463.6305555555555
214.14173676161224, 2441.7855555555557
214.60284299712043, 2415.086111111111
215.06391123087198, 2536.447222222222
215.52494144234484, 2473.3394444444443
215.9859336110168, 2441.7855555555557
216.4468877163658, 2461.2033333333334
216.9078037378697, 2422.367777777778
217.36868165500644, 2439.358333333333
217.82952144725382, 2436.931111111111
218.29032309408976, 2485.4755555555557
218.75108657499214, 2456.3488888888887
219.2118118694389, 2456.3488888888887
219.67249895690784, 2487.902777777778
220.13314781687689, 2458.7761111111113
220.5937584288239, 2473.3394444444443
221.0543307722268, 2444.212777777778
221.51486482656347, 2395.6683333333335
221.97536057131174, 2458.7761111111113
222.43581798594948, 2492.757222222222
222.8962370499547, 2485.4755555555557
223.35661774280518, 2480.621111111111
223.81696004397878, 2432.076666666667
224.2772639329535, 2492.757222222222
224.73752938920714, 2451.4944444444445
225.1977563922176, 2434.503888888889
225.65794492146279, 2378.677777777778
226.1180949564205, 2475.766666666667
226.57820647656874, 2500.038888888889
227.03827946138532, 2417.5133333333333
227.4983138903481, 2402.95
227.95830974293503, 2444.212777777778
228.418266998624, 2424.795
228.87818563689282, 2456.3488888888887
229.33806563721944, 2468.485
229.79790697908172, 2475.766666666667
230.25770964195752, 2456.3488888888887
230.71747360532476, 2412.6588888888887
231.1771988486613, 2434.503888888889
231.63688535144504, 2492.757222222222
232.09653309315385, 2521.883888888889
232.5561420532656, 2419.9405555555554
233.01571221125823, 2490.33
233.4752435466096, 2461.2033333333334
233.93473603879755, 2475.766666666667
234.3941896673, 2470.912222222222
234.85360441159483, 2400.5227777777777
235.31298025115996, 2466.0577777777776
235.77231716547317, 2461.2033333333334
236.23161513401246, 2395.6683333333335
236.69087413625567, 2572.8555555555554
237.15009415168063, 2449.0672222222224
237.60927515976533, 2444.212777777778
238.0684171399876, 2436.931111111111
238.52752007182528, 2461.2033333333334
238.9865839347563, 2453.9216666666666
239.44560870825856, 2415.086111111111
239.90459437180988, 2470.912222222222
240.36354090488823, 2468.485
240.82244828697142, 2432.076666666667
241.28131649753738, 2470.912222222222
241.740145516064, 2490.33
242.1989353220291, 2534.02
242.65768589491063, 2531.592777777778
243.1163972141864, 2466.0577777777776
243.5750692593344, 2514.6022222222223
244.03370200983244, 2417.5133333333333
244.49229544515842, 2575.282777777778
244.95084954479023, 2509.7477777777776
245.40936428820572, 2497.6116666666667
245.8678396548828, 2468.485
246.3262756242994, 2492.757222222222
246.7846721759333, 2478.193888888889
247.2430292892625, 2470.912222222222
247.7013469437648, 2381.105
248.15962511891811, 2371.396111111111
248.61786379420033, 2402.95
249.0760629490893, 2468.485
249.53422256306294, 2480.621111111111
249.9923426155991, 2507.3205555555555
250.4504230861757, 2502.4661111111113
250.90846395427067, 2475.766666666667
251.3664651993618, 2419.9405555555554
251.82442680092703, 2470.912222222222
252.2823487384442, 2560.7194444444444
252.7402309913912, 2427.222222222222
253.19807353924597, 2473.3394444444443
253.65587636148632, 2439.358333333333
254.1136394375902, 2451.4944444444445
254.57136274703547, 2504.8933333333334
255.02904626929998, 2434.503888888889
255.48668998386165, 2504.8933333333334
255.94429387019835, 2410.2316666666666
256.401857907788, 2495.1844444444446
256.8593820761084, 2507.3205555555555
257.3168663546375, 2432.076666666667
257.77431072285316, 2521.883888888889
258.2317151602333, 2536.447222222222
258.6890796462558, 2487.902777777778
259.14640416039845, 2487.902777777778
259.6036886821393, 2500.038888888889
260.0609331909561, 2538.8744444444446
260.51813766632677, 2473.3394444444443
260.9753020877292, 2492.757222222222
261.4324264346412, 2449.0672222222224
261.8895106865408, 2446.64
262.3465548229058, 2432.076666666667
262.8035588232141, 2475.766666666667
263.26052266694353, 2514.6022222222223
263.717446333572, 2473.3394444444443
264.1743298025776, 2424.795
264.6311730534378, 2432.076666666667
265.0879760656308, 2463.6305555555555
265.5447388186344, 2434.503888888889
266.00146129192643, 2446.64
266.4581434649849, 2432.076666666667
266.91478531728757, 2475.766666666667
267.3713868283124, 2529.1655555555553
267.82794797753724, 2645.6722222222224
268.28446874443995, 2458.7761111111113
268.7409491084984, 2461.2033333333334
269.19738904919063, 2473.3394444444443
269.6537885459943, 2441.7855555555557
270.1101475783875, 2441.7855555555557
270.56646612584797, 2463.6305555555555
271.0227441678536, 2475.766666666667
271.4789816838824, 2441.7855555555557
271.93517865341204, 2480.621111111111
272.3913350559207, 2485.4755555555557
272.84745087088595, 2456.3488888888887
273.3035260777859, 2526.7383333333332
273.7595606560983, 2485.4755555555557
274.2155545853011, 2441.7855555555557
274.6715078448722, 2473.3394444444443
275.1274204142894, 2497.6116666666667
275.58329227303074, 2487.902777777778
276.0391234005739, 2463.6305555555555
276.4949137763969, 2534.02
276.9506633799776, 2529.1655555555553
277.4063721907939, 2453.9216666666666
277.8620401883236, 2478.193888888889
278.3176673520446, 2456.3488888888887
278.773253661435, 2507.3205555555555
279.22879909597236, 2456.3488888888887
279.68430363513477, 2500.038888888889
280.1397672584, 2526.7383333333332
280.595189945246, 2604.4094444444445
281.05057167515076, 2521.883888888889
281.5059124275919, 2487.902777777778
281.9612121820476, 2504.8933333333334
282.4164709179954, 2449.0672222222224
282.87168861491347, 2434.503888888889
283.3268652522797, 2548.5833333333335
283.78200080957174, 2517.0294444444444
284.2370952662677, 2531.592777777778
284.6921486018453, 2473.3394444444443
285.14716079578255, 2456.3488888888887
285.60213182755723, 2480.621111111111
286.0570616766474, 2555.865
286.5119503225307, 2514.6022222222223
286.9667977446852, 2470.912222222222
287.4216039225886, 2351.9783333333335
287.87636883571895, 2534.02
288.33109246355417, 2531.592777777778
288.785774785572, 2453.9216666666666
289.2404157812505, 2466.0577777777776
289.6950154300672, 2473.3394444444443
290.14957371150035, 2468.485
290.60409060502775, 2495.1844444444446
291.05856609012716, 2504.8933333333334
291.51300014627657, 2536.447222222222
291.96739275295386, 2495.1844444444446
292.42174388963684, 2502.4661111111113
292.8760535358034, 2492.757222222222
293.3303216709316, 2492.757222222222
293.7845482744991, 2497.6116666666667
294.2387333259839, 2449.0672222222224
294.6928768048639, 2524.311111111111
295.14697869061683, 2456.3488888888887
295.6010389627208, 2485.4755555555557
296.05505760065347, 2415.086111111111
296.50903458389297, 2439.358333333333
296.9629698919169, 2507.3205555555555
297.4168635042034, 2517.0294444444444
297.8707154002302, 2507.3205555555555
298.32452555947515, 2495.1844444444446
298.7782939614164, 2424.795
299.2320205855315, 2429.6494444444443
299.6857054112985, 2458.7761111111113
300.1393484181953, 2551.0105555555556
300.5929495856997, 2565.573888888889
301.0465088932897, 2538.8744444444446
301.50002632044306, 2449.0672222222224
301.9535018466377, 2449.0672222222224
302.40693545135156, 2441.7855555555557
302.8603271140625, 2531.592777777778
303.31367681424837, 2451.4944444444445
303.7669845313871, 2512.175
304.2202502449565, 2453.9216666666666
304.6734739344345, 2548.5833333333335
305.12665557929904, 2446.64
305.57979515902787, 2466.0577777777776
306.03289265309905, 2490.33
306.4859480409903, 2504.8933333333334
306.93896130217956, 2514.6022222222223
307.39193241614487, 2531.592777777778
307.8448613623638, 2546.156111111111
308.2977481203145, 2446.64
308.75059266947466, 2502.4661111111113
309.20339498932225, 2575.282777777778
309.6561550593353, 2427.222222222222
310.10887285899145, 2497.6116666666667
310.56154836776875, 2449.0672222222224
311.01418156514495, 2519.4566666666665
311.46677243059804, 2551.0105555555556
311.9193209436059, 2478.193888888889
312.37182708364634, 2517.0294444444444
312.8242908301973, 2473.3394444444443
313.27671216273677, 2568.001111111111
313.7290910607424, 2485.4755555555557
314.1814275036922, 2526.7383333333332
314.63372147106406, 2497.6116666666667
315.08597294233584, 2441.7855555555557
315.53818189698546, 2500.038888888889
315.99034831449075, 2555.865
316.44247217432957, 2478.193888888889
316.8945534559799, 2507.3205555555555
317.3465921389196, 2446.64
317.7985882026266, 2514.6022222222223
318.2505416265786, 2468.485
318.7024523902536, 2497.6116666666667
319.1543204731295, 2604.4094444444445
319.6061458546842, 2526.7383333333332
320.0579285143956, 2512.175
320.50966843174143, 2429.6494444444443
320.9613655861997, 2541.3016666666667
321.4130199572483, 2463.6305555555555
321.86463152436505, 2449.0672222222224
322.3162002670279, 2529.1655555555553
322.76772616471476, 2487.902777777778
323.2192091969033, 2490.33
323.6706493430717, 2504.8933333333334
324.1220465826977, 2453.9216666666666
324.5734008952591, 2509.7477777777776
325.0247122602339, 2531.592777777778
325.4759806571, 2519.4566666666665
325.9272060653352, 2507.3205555555555
326.3783884644174, 2635.963333333333
326.8295278338246, 2529.1655555555553
327.2806241530346, 2524.311111111111
327.7316774015252, 2572.8555555555554
328.1826875587743, 2546.156111111111
328.63365460425996, 2504.8933333333334
329.08457851745993, 2456.3488888888887
329.5354592778521, 2517.0294444444444
329.9862968649143, 2551.0105555555556
330.4370912581245, 2478.193888888889
330.88784243696057, 2521.883888888889
331.3385503809005, 2468.485
331.78921506942197, 2497.6116666666667
332.2398364820029, 2553.4377777777777
332.69041459812127, 2521.883888888889
333.1409493972549, 2451.4944444444445
333.59144085888175, 2463.6305555555555
334.0418889624796, 2502.4661111111113
334.49229368752646, 2536.447222222222
334.94265501350003, 2432.076666666667
335.3929729198783, 2495.1844444444446
335.8432473861392, 2490.33
336.29347839176063, 2534.02
336.7436659162204, 2468.485
337.19380993899625, 2553.4377777777777
337.6439104395663, 2560.7194444444444
338.0939673974084, 2461.2033333333334
338.5439807920004, 2517.0294444444444
338.9939506028201, 2536.447222222222
339.4438768093455, 2478.193888888889
339.89375939105446, 2470.912222222222
340.34359832742473, 2504.8933333333334
340.7933935979344, 2541.3016666666667
341.24314518206126, 2541.3016666666667
341.69285305928315, 2410.2316666666666
342.14251720907805, 2519.4566666666665
342.5921376109237, 2444.212777777778
343.0417142442982, 2480.621111111111
343.4912470886792, 2509.7477777777776
343.9407361235448, 2468.485
344.39018132837265, 2529.1655555555553
344.8395826826408, 2514.6022222222223
345.2889401658271, 2441.7855555555557
345.73825375740944, 2509.7477777777776
346.1875234368658, 2492.757222222222
346.63674918367377, 2456.3488888888887
347.0859309773115, 2502.4661111111113
347.53506879725677, 2490.33
347.9841626229875, 2490.33
348.4332124339816, 2504.8933333333334
348.8822182097168, 2512.175
349.33117992967124, 2568.001111111111
349.78009757332256, 2432.076666666667
350.2289711201488, 2504.8933333333334
350.67780054962776, 2560.7194444444444
351.1265858412374, 2485.4755555555557
351.5753269744555, 2504.8933333333334
352.02402392876, 2495.1844444444446
352.47267668362883, 2497.6116666666667
352.92128521853977, 2490.33
353.36984951297086, 2546.156111111111
353.81836954639977, 2560.7194444444444
354.26684529830453, 2439.358333333333
354.715276748163, 2541.3016666666667
355.1636638754531, 2490.33
355.61200665965265, 2565.573888888889
356.0603050802395, 2470.912222222222
356.50855911669163, 2512.175
356.9567687484869, 2514.6022222222223
357.4049339551032, 2475.766666666667
357.85305471601833, 2512.175
358.30113101071026, 2500.038888888889
358.7491628186568, 2543.728888888889
359.1971501193359, 2487.902777777778
359.64509289222553, 2502.4661111111113
360.0929911168034, 2461.2033333333334
360.5408447725474, 2543.728888888889
360.98865383893553, 2483.048333333333
361.4364182954456, 2497.6116666666667
361.88413812155545, 2509.7477777777776
362.3318132967432, 2495.1844444444446
362.7794438004865, 2541.3016666666667
363.2270296122632, 2514.6022222222223
363.6745707115514, 2512.175
364.1220670778288, 2480.621111111111
364.5695186905733, 2512.175
365.01692552926295, 2475.766666666667
365.46428757337543, 2526.7383333333332
365.9116048023887, 2485.4755555555557
366.3588771957806, 2582.5644444444442
366.80610473302926, 2514.6022222222223
367.25328739361225, 2580.137222222222
367.7004251570076, 2439.358333333333
368.14751800269306, 2483.048333333333
368.59456591014674, 2458.7761111111113
369.0415688588464, 2492.757222222222
369.4885268282698, 2514.6022222222223
369.9354397978952, 2463.6305555555555
370.3823077472, 2524.311111111111
370.82913065566237, 2497.6116666666667
371.2759085027602, 2490.33
371.7226412679713, 2483.048333333333
372.1693289307736, 2529.1655555555553
372.615971470645, 2531.592777777778
373.0625688670632, 2541.3016666666667
373.5091210995062, 2548.5833333333335
373.95562814745205, 2582.5644444444442
374.4020899903785, 2568.001111111111
374.8485066077633, 2509.7477777777776
375.29487797908456, 2451.4944444444445
375.74120408382, 2470.912222222222
376.1874849014476, 2507.3205555555555
376.6337204114452, 2485.4755555555557
377.07991059329066, 2490.33
377.52605542646194, 2504.8933333333334
377.9721548904368, 2519.4566666666665
378.41820896469335, 2463.6305555555555
378.8642176287092, 2473.3394444444443
379.31018086196246, 2509.7477777777776
379.75609864393084, 2541.3016666666667
380.2019709540923, 2519.4566666666665
380.64779777192473, 2524.311111111111
381.093579076906, 2466.0577777777776
381.5393148485141, 2490.33
381.98500506622673, 2509.7477777777776
382.43064970952184, 2514.6022222222223
382.87624875787736, 2575.282777777778
383.32180219077117, 2565.573888888889
383.76730998768113, 2509.7477777777776
384.2127721280851, 2456.3488888888887
384.658188591461, 2526.7383333333332
385.1035593572866, 2570.4283333333333
385.54888440504004, 2594.7005555555556
385.994163714199, 2577.71
386.4393972642414, 2570.4283333333333
386.8845850346451, 2449.0672222222224
387.32972700488807, 2485.4755555555557
387.77482315444814, 2512.175
388.2198734628032, 2524.311111111111
388.66487790943114, 2490.33
389.1098364738098, 2478.193888888889
389.55474913541707, 2497.6116666666667
389.99961587373093, 2553.4377777777777
390.44443666822923, 2531.592777777778
390.8892114983898, 2529.1655555555553
391.3339403436905, 2487.902777777778
391.7786231836093, 2531.592777777778
392.2232599976239, 2517.0294444444444
392.6678507652125, 2538.8744444444446
393.11239546585284, 2558.2922222222223
393.55689407902264, 2531.592777777778
394.0013465841999, 2592.2733333333335
394.4457529608626, 2623.827222222222
394.89011318848856, 2543.728888888889
395.3344272465556, 2543.728888888889
395.77869511454173, 2568.001111111111
396.22291677192464, 2507.3205555555555
396.6670921981824, 2507.3205555555555
397.1112213727928, 2599.555
397.55530427523377, 2536.447222222222
397.99934088498316, 2534.02
398.4433311815189, 2473.3394444444443
398.8872751443188, 2541.3016666666667
399.33117275286077, 2553.4377777777777
399.7750239866227, 2502.4661111111113
400.2188288250826, 2570.4283333333333
400.6625872477181, 2538.8744444444446
401.1062992340072, 2563.1466666666665
401.5499647634279, 2682.0805555555557
401.99358381545795, 2606.8366666666666
402.43715636957535, 2577.71
402.8806824052578, 2621.4
403.3241619019833, 2648.0994444444445
403.7675948392297, 2628.681666666667
404.2109811964749, 2568.001111111111
404.6543209531968, 2616.5455555555554
405.0976140888734, 2643.245
405.5408605829823, 2635.963333333333
405.9840604150016, 2679.653333333333
406.4272135644091, 2689.362222222222
406.87032001068275, 2611.6911111111112
407.3133797333004, 2740.333888888889
407.7563927117399, 2689.362222222222
408.1993589254791, 2711.2072222222223
408.64227835399595, 2696.643888888889
409.08515097676843, 2652.9538888888887
409.52797677327436, 2720.916111111111
409.97075572299144, 2730.625
410.4134878053977, 2754.8972222222224
410.856172999971, 2742.761111111111
411.2988112861894, 2784.023888888889
411.74140264353053, 2759.7516666666666
412.18394705147244, 2716.0616666666665
412.6264444894928, 2844.7044444444446
413.0688949370698, 2902.9577777777777
413.5112983736811, 2854.4133333333334
413.9536547788046, 2861.695
414.39596413191833, 2893.248888888889
414.83822641250003, 2968.492777777778
415.2804416000276, 2992.765
415.722609673979, 2978.201666666667
416.16473061383203, 3116.5533333333333
416.6068043990647, 3182.088333333333
417.0488310091547, 3087.4266666666667
417.49081042358, 3167.525
417.93274262181853, 3233.06
418.37462758334823, 3279.177222222222
418.8164652876469, 3359.2755555555555
419.25825571419233, 3497.6272222222224
419.6999988424625, 3463.646111111111
420.1416946519353, 3589.8616666666667
420.58334312208865, 3606.8522222222223
421.02494423240046, 3716.077222222222
421.46649796234846, 3871.4194444444443
421.9080042914106, 3922.391111111111
422.34946319906476, 3917.536666666667
422.7908746647889, 4029.188888888889
423.2322386680608, 4111.714444444445
423.6735551883584, 4267.056666666666
424.1148242051596, 4313.1738888888885
424.55604569794224, 4402.981111111111
424.99721964618425, 4648.1305555555555
425.43834602936346, 4665.1211111111115
425.87942482695786, 4801.045555555555
426.32045601844516, 4881.143888888889
426.7614395833034, 5014.641111111111
427.20237550101035, 5145.711111111111
427.643263751044, 5335.0344444444445
428.0841043128821, 5451.541111111111
428.5248971660027, 5534.066666666667
428.96564228988353, 5689.408888888889
429.4063396640026, 5808.342777777778
429.8469892678377, 5975.821111111111
430.2875910808667, 6092.327777777778
430.72814508256766, 6352.040555555555
431.1686512524183, 6497.6738888888885
431.6091095698964, 6764.668333333333
432.04952001448015, 7097.197777777777
432.48988256564724, 7432.154444444444
432.93019720287555, 7861.772777777778
433.37046390564296, 7924.8805555555555
433.8106826534275, 8805.962222222222
434.2508534257068, 8585.085
434.690976201959, 9398.204444444444
435.13105096166186, 9296.261111111111
435.57107768429324, 9721.025
436.011056349331, 10022.000555555556
436.4509869362532, 10313.267222222223
436.8908694245375, 10298.70388888889
437.330703793662, 10650.65111111111
437.7704900231044, 10944.345
438.2102280923426, 10856.965
438.64991798085464, 11434.64388888889
439.0895596681183, 11509.887777777778
439.52915313361143, 11609.403888888888
439.968698356812, 11920.088333333333
440.4081953171978, 11924.942777777778
440.84764399424677, 12102.13
441.28704436743686, 12320.58
441.7263964162458, 11912.806666666667
442.1657001201515, 12306.016666666666
442.604955458632, 12429.805
443.044162411165, 12505.048888888889
443.48332095722856, 12551.166111111112
443.92243107630037, 12910.395
444.36149274785845, 13019.62
444.80050595138067, 13269.62388888889
445.2394706663448, 13565.745
445.67838687222894, 13621.57111111111
446.11725454851074, 13616.716666666667
446.5560736746682, 13988.081666666667
446.99484423017924, 13990.50888888889
447.4335661945217, 13866.720555555556
447.8722395471734, 13881.28388888889
448.3108642676124, 14063.325555555555
448.74944033531636, 13956.527777777777
449.18796772976333, 13871.575
449.6264464304311, 13866.720555555556
450.0648764167976, 14034.198888888888
450.5032576683408, 13835.166666666666
450.94159016453835, 13548.754444444445
451.37987388486823, 13427.393333333333
451.8181088088085, 13662.833888888888
452.25629491583686, 13184.67111111111
452.6944321854313, 12779.325
453.1325205970696, 12631.264444444445
453.5705601302296, 12376.406111111111
454.00855076438944, 12022.031666666666
454.44649247902674, 11944.360555555555
454.8843852536195, 11541.441666666668
455.32222906764554, 11225.902777777777
455.76002390058284, 10835.12
456.19776973190926, 10609.388333333334
456.63546654110263, 10206.469444444445
457.07311430764076, 9917.63
457.5107130110018, 9924.911666666667
457.9482626306634, 9541.410555555556
458.38576314610356, 9335.096666666666
458.82321453680004, 9293.833888888888
459.2606167822308, 8859.361111111111
459.69796986187373, 8730.718333333334
460.13527375520675, 8344.79
460.5725284417076, 8296.245555555555
461.0097339008544, 7822.937222222222
461.44689011212483, 7990.415555555555
461.8839970549969, 7619.050555555556
462.3210547089484, 7728.275555555556
462.7580630534572, 7718.566666666667
463.1950220680013, 7626.332222222222
463.63193173205855, 7225.8405555555555
464.0687920251067, 7174.868888888889
464.5056029266238, 7051.080555555555
464.9423644160876, 6808.358333333334
465.3790764729762, 6835.057777777778
465.8157390767672, 6643.307222222223
466.2523522069386, 6594.762777777778
466.6889158429684, 6444.275
467.12542996433433, 6327.768333333333
467.5618945505144, 6075.337222222222
467.9983095809864, 6225.825
468.4346750352282, 6216.116111111111
468.8709908927178, 6068.055555555556
469.30725713293293, 6034.074444444444
469.7434737353516, 5907.858888888889
470.1796406794516, 5983.102777777778
470.6157579447109, 5842.323888888889
471.05182551060733, 5648.146111111111
471.4878433566188, 5767.08
471.9238114622231, 5480.667777777778
472.35972980689826, 5682.127222222222
472.7955983701221, 5534.066666666667
473.23141713137244, 5592.32
473.66718607012734, 5468.531666666667
474.1029051658645, 5412.705555555555
474.53857439806194, 5555.911666666667
474.97419374619733, 5390.860555555556
475.4097631897488, 5507.367222222222
475.84528270819413, 5274.353888888889
476.28075228101125, 5393.287777777778
476.71617188767794, 5337.461666666667
477.15154150767216, 5269.499444444445
477.5868611204718, 5366.588333333333
478.0221307055547, 5395.715
478.4573502423987, 5373.87
478.89251971048185, 5402.996666666667
479.3276390892819, 5606.883333333333
479.76270835827677, 5572.902222222222
480.19772749694437, 5631.155555555555
480.6326964847625, 5669.991111111111
481.0676153012091, 5873.877777777778
481.50248392576214, 5767.08
481.9373023378993, 5949.121666666667
482.3720705170987, 6216.116111111111
482.80678844283807, 6337.477222222222
483.2414560945953, 6390.876111111111
483.6760734518483, 6861.7572222222225
484.110640494075, 6796.222222222223
484.5451572007532, 6934.573888888889
484.9796235513608, 7111.761111111111
485.41403952537576, 7429.727222222222
485.8484051022759, 7684.585555555555
486.2827202615391, 7910.317222222222
486.7169849826432, 8191.875
487.1511992450663, 8407.897777777778
487.585363028286, 8604.502777777778
488.01947631178035, 8747.708888888888
488.4535390750272, 9029.266666666666
488.88755129750444, 9271.988888888889
489.32151295868994, 9521.992777777778
489.75542403806156, 9619.081666666667
490.1892845150972, 9929.766111111112
490.6230943692748, 10128.798333333334
491.05685358007213, 10371.520555555555
491.4905621269672, 10471.036666666667
491.9242199894378, 10767.157777777778
492.3578271469619, 10966.19
492.7913835790173, 11085.12388888889
493.2248892650819, 11395.808333333332
493.65834418463356, 11606.976666666667
494.09174831715035, 11769.600555555555
494.52510164210986, 12116.693333333333
494.9584041389902, 12330.288888888888
495.3916557872692, 12733.207777777778
495.8248565664246, 13077.873333333333
496.25800645593455, 13298.750555555556
496.69110543527665, 13832.739444444445
497.124153483929, 14250.221666666666
497.5571505813694, 14441.972222222223
497.99009670707574, 14837.609444444444
498.42299184052587, 15262.373333333333
498.8558359611977, 15781.798888888889
499.28862904856913, 16218.698888888888
499.72137108211814, 16723.56111111111
500.15406204132233, 17182.306111111113
500.5867019056598, 17784.257222222222
501.01929065460854, 18058.533333333333
501.45182826764614, 19107.093333333334
501.8843147242507, 19694.481111111112
502.3167500039, 20281.86888888889
502.749134086072, 20966.345555555556
503.1814669502445, 21546.451666666668
503.6137485758955, 22007.623888888887
504.04597894250264, 22840.161111111112
504.4781580295442, 23667.84388888889
504.9102858164977, 24519.79888888889
505.3423622828412, 25575.640555555554
505.7743874080526, 26267.39888888889
506.20636117160956, 27165.47111111111
506.63828355299034, 27655.77
507.07015453167253, 28621.804444444446
507.50197408713404, 29541.721666666668
507.93374219885294, 30801.45
508.36545884630686, 31828.165
508.7971240089739, 32646.13888888889
509.2287376663318, 33027.21277777778
509.66029979785856, 34485.973333333335
510.0918103830321, 35369.48222222222
510.5232694013299, 36163.18388888889
510.9546768322305, 37918.06555555556
511.3860326552112, 38223.89555555556
511.81733684975023, 39265.17388888889
512.2485893953253, 39901.10611111111
512.6797902714144, 41228.79666666667
513.1109394574953, 42189.97666666667
513.5420369330461, 42838.045
513.9730826775443, 43862.33277777778
514.4040766704684, 44350.20444444445
514.8350188912955, 45461.87222222222
515.2659093195042, 46330.817777777775
515.6967479345718, 47066.26611111111
516.1275347159767, 47626.95444444445
516.5582696431964, 47881.81277777778
516.9889526957089, 48500.75444444444
517.4195838529922, 49410.96277777778
517.8501630945242, 49457.08
518.2806903997824, 50690.10888888889
518.7111657482452, 50709.526666666665
519.1415891193901, 51301.76888888889
519.5719604926952, 51474.10166666667
520.0022798476382, 51653.71611111111
520.4325471636973, 51590.60833333333
520.8627624203501, 51828.476111111115
521.2929255970745, 52114.888333333336
521.7230366733485, 51942.555555555555
522.1530956286498, 51503.22833333333
522.5831024424566, 51821.194444444445
523.0130570942465, 51600.31722222222
523.4429595634975, 52000.80888888889
523.8728098296876, 51716.82388888889
524.3026078722943, 51762.94111111111
524.732353670796, 50830.887777777774
525.1620472046701, 50918.26777777778
525.5916884533947, 50226.50944444445
526.0212773964479, 49830.87222222222
526.4508140133071, 49253.193333333336
526.8802982834507, 49199.794444444444
527.3097301863561, 48957.072222222225
527.7391097015015, 48192.49722222222
528.168436808365, 47194.90888888889
528.5977114864237, 47187.627222222225
529.0269337151562, 46830.82555555556
529.4561034740402, 46117.22222222222
529.8852207425534, 45500.70777777778
530.314285500174, 44949.72833333333
530.7432977263796, 44279.815
531.1722574006484, 43753.107777777775
531.6011645024578, 43308.92611111111
532.030019011286, 42524.933333333334
532.458820906611, 41811.33
532.8875701679102, 42015.21666666667
533.3162667746622, 40787.04222222222
533.7449107063443, 40660.82666666667
534.1735019424347, 39405.95277777778
534.602040462411, 39117.113333333335
535.0305262457513, 39257.892222222225
535.4589592719335, 38575.842777777776
535.8873395204353, 38163.215
536.3156669707347, 37578.25444444444
536.7439416023096, 37236.01611111111
537.1721633946379, 37219.025555555556
537.6003323271975, 37163.19944444444
538.028448379466, 36199.59222222222
538.4565115309218, 36631.637777777774
538.8845217610424, 36925.331666666665
539.3124790493057, 36850.08777777778
539.7403833751898, 36864.65111111111
540.1682347181724, 36898.63222222222
540.5960330577315, 37847.67611111111
541.0237783733447, 37740.878333333334
541.4514706444902, 37743.305555555555
541.8791098506459, 38371.95611111111
542.3066959712894, 38495.74444444444
542.7342289858989, 39274.88277777778
543.1617088739521, 39085.55944444444
543.5891356149269, 39379.253333333334
544.0165091883014, 39245.75611111111
544.4438295735529, 39221.48388888889
544.8710967501598, 39425.37055555556
545.2983106976, 39461.77888888889
545.7254713953512, 38993.325
546.1525788228913, 38721.476111111115
546.5796329596982, 37990.88222222222
547.0066337852497, 37864.666666666664
547.4335812790239, 36752.99888888889
547.8604754204986, 36444.74166666667
548.2873161891516, 35580.650555555556
548.7141035644607, 34585.48944444444
549.140837525904, 34032.08277777778
549.5675180529594, 32956.823333333334
549.9941451251045, 31675.25
550.4207187218174, 31350.00222222222
550.847238822576, 30459.211666666666
551.2737054068582, 29546.57611111111
551.7001184541417, 28417.917777777777
552.1264779439044, 27995.58111111111
552.5527838556245, 26988.283888888887
552.9790361687795, 26595.073888888888
553.4052348628476, 25730.98277777778
553.8313799173064, 25177.57611111111
554.2574713116339, 24917.863333333335
554.6835090253081, 24374.165555555555
555.1094930378068, 23949.40166666667
555.5354233286079, 23677.55277777778
555.961299877189, 23211.52611111111
556.3871226630284, 22747.926666666666
556.8128916656038, 22335.29888888889
557.2386068643932, 22257.62777777778
557.6642682388743, 21781.89222222222
558.0898757685251, 21228.485555555555
558.5154294328235, 21269.748333333333
558.9409292112473, 20922.655555555557
559.3663750832743, 20461.483333333334
559.7917670283828, 20243.033333333333
560.2171050260499, 20218.76111111111
560.6423890557544, 19772.152222222223
561.0676190969735, 19206.609444444446
561.4927951291855, 19432.341111111113
561.9179171318682, 18949.323888888888
562.3429850844992, 18709.02888888889
562.7679989665568, 18587.667777777777
563.1929587575185, 18318.24611111111
563.6178644368624, 18383.78111111111
564.0427159840664, 17937.172222222223
564.4675133786083, 17910.472777777777
564.892256599966, 18184.748888888887
565.3169456276173, 17611.924444444445
565.7415804410404, 17558.525555555556
566.1661610197128, 17553.67111111111
566.5906873431126, 17107.062222222223
567.0151593907176, 17531.82611111111
567.4395771420056, 16808.51388888889
567.8639405764549, 16932.30222222222
568.2882496735427, 17046.381666666668
568.7125044127475, 16517.24722222222
569.136704773547, 16937.156666666666
569.560850735419, 16483.266111111112
569.9849422778414, 16381.322777777777
570.408979380292, 16378.895555555555
570.8329620222488, 16410.449444444443
571.2568901831899, 16252.68
571.6807638425926, 16000.24888888889
572.1045829799353, 16109.47388888889
572.5283475746957, 15973.549444444445
572.9520576063518, 15512.377222222221
573.3757130543813, 15779.371666666666
573.7993138982621, 15594.902777777777
574.2228601174724, 15580.339444444444
574.6463516914896, 15590.048333333334
575.069788599792, 15592.475555555555
575.4931708218572, 15604.611666666666
575.916498337163, 15410.433888888889
576.3397711251878, 15485.677777777777
576.7629891654091, 15077.904444444444
577.1861524373047, 15342.471666666666
577.6092609203528, 15138.585
578.0323145940308, 15216.256111111112
578.4553134378172, 15366.743888888888
578.8782574311896, 15148.29388888889
579.3011465536257, 14944.407222222222
579.7239807846037, 14793.919444444444
580.146760103601, 15065.768333333333
580.5694844900961, 14776.92888888889
580.9921539235664, 15109.458333333334
581.4147683834901, 14895.862777777778
581.8373278493451, 15000.233333333334
582.2598323006089, 14927.416666666666
582.6822817167598, 14458.962777777779
583.1046760772754, 14750.229444444445
583.5270153616337, 14866.736111111111
583.9492995493126, 14706.539444444445
584.3715286197901, 14679.84
584.7937025525439, 14386.146111111111
585.2158213270517, 14347.310555555556
585.6378849227918, 14293.911666666667
586.059893319242, 14310.902222222223
586.4818464958798, 14031.771666666667
586.9037444321838, 14204.104444444445
587.3255871076311, 14019.635555555555
587.7473745017, 13978.372777777779
588.1691065938684, 13798.758333333333
588.590783363614, 13711.378333333334
589.0124047904148, 13526.909444444444
589.4339708537487, 13580.308333333332
589.8554815330937, 13369.14
590.2769368079274, 13318.168333333333
590.6983366577279, 13221.079444444444
591.1196810619729, 12983.211666666666
591.5409700001403, 12927.385555555555
591.9622034517083, 12682.236111111111
592.3833813961545, 12543.884444444444
592.8045038129568, 12325.434444444445
593.2255706815931, 12356.988333333333
593.6465819815413, 12029.313333333334
594.0675376922794, 11920.088333333333
594.488437793285, 11633.676111111112
594.9092822640364, 11437.07111111111
595.3300710840113, 11606.976666666667
595.7508042326872, 11386.099444444444
596.1714816895425, 11213.766666666666
596.5921034340548, 11167.649444444445
597.0126694457022, 11182.212777777779
597.4331797039623, 10990.462222222222
597.8536341883132, 10912.791111111112
598.2740328782329, 10832.692777777778
598.6943757531989, 10968.617222222223
599.1146627926894, 10718.613333333333
599.5348939761823, 10609.388333333334
599.9550692831551, 10711.331666666667
600.3751886930862, 10407.92888888889
600.795252185453, 10446.764444444445
601.2152597397338, 10473.46388888889
601.6352113354062, 10446.764444444445
602.0551069519482, 10526.862777777778
602.4749465688378, 10522.008333333333
602.8947301655527, 10264.722777777777
603.3144577215706, 10301.131111111112
603.7341292163699, 10269.577222222222
604.153744629428, 10206.469444444445
604.5733039402232, 10155.497777777779
604.9928071282329, 10182.197222222223
605.4122541729356, 10070.545
605.8316450538086, 10170.06111111111
606.2509797503302, 10293.849444444444
606.670258241978, 10342.39388888889
607.0894805082299, 10514.726666666667
607.5086465285641, 10565.698333333334
607.9277562824581, 11461.343333333334
608.3468097493899, 11759.891666666666
608.7658069088376, 12235.627222222221
609.1847477402787, 12619.128333333334
609.6036322231914, 13157.971666666666
610.0224603370534, 13451.665555555555
610.4412320613428, 13696.815
610.8599473755373, 14313.329444444444
611.2786062591147, 14437.117777777778
611.6972086915533, 14750.229444444445
612.1157546523305, 14738.093333333334
612.5342441209243, 14883.726666666667
612.952677076813, 14857.027222222223
613.3710534994736, 14643.431666666667
613.789373368385, 14992.951666666666
614.2076366630243, 14682.267222222223
614.62584336287, 14653.140555555556
615.0439934473997, 14279.348333333333
615.4620868960909, 13920.119444444445
615.8801236884221, 13691.960555555555
616.298103803871, 13240.497222222222
616.7160272219153, 12789.03388888889
617.1338939220329, 12315.725555555555
617.5517038837019, 11941.933333333332
617.9694570864001, 11313.282777777778
618.3871535096054, 10660.36
618.8047931327956, 10303.558333333332
619.2223759354484, 9898.212222222222
619.6399018970421, 9604.518333333333
620.0573709970545, 9497.720555555556
620.4747832149632, 9162.763888888889
620.8921385302463, 9123.928333333333
621.3094369223816, 9087.52
621.7266783708471, 8740.427222222223
622.1438628551207, 8711.300555555556
622.5609903546799, 8485.568888888889
622.9780608490031, 8563.24
623.395074317568, 8420.03388888889
623.8120307398522, 8322.945
624.228930095334, 8318.090555555556
624.645772363491, 8191.875
625.0625575238014, 7963.716111111111
625.4792855557428, 7915.171666666667
625.8959564387931, 7793.810555555556
626.3125701524302, 7655.458888888889
626.7291266761321, 7626.332222222222
627.1456259893766, 7536.525
627.5620680716416, 7444.290555555555
627.978452902405, 7369.046666666667
628.3947804611447, 7373.901111111111
628.8110507273384, 7320.502222222222
629.2272636804644, 7361.765
629.6434193000001, 7213.704444444445
630.0595175654236, 7123.897222222222
630.4755584562129, 6951.564444444444
630.8915419518455, 7055.935
631.3074680317999, 6968.555
631.7233366755535, 6827.776111111111
632.1391478625843, 6728.26
632.5549015723702, 6691.8516666666665
632.9705977843889, 6495.246666666667
633.3862364781188, 6568.0633333333335
633.8018176330373, 6531.655
634.2173412286224, 6458.838333333333
634.6328072443522, 6259.806111111111
635.0482156597042, 6293.787222222222
635.4635664541566, 6247.67
635.8788596071872, 6082.618888888889
636.2940950982738, 6075.337222222222
636.7092729068943, 5980.675555555556
637.1243930125266, 5968.539444444445
637.5394553946488, 5762.225555555556
637.9544600327383, 5733.098888888889
638.3694069062735, 5747.662222222222
638.784295994732, 5619.019444444444
639.1991272775919, 5480.667777777778
639.6139007343309, 5456.395555555556
640.0286163444265, 5451.541111111111
640.4432740873574, 5458.822777777777
640.857873942601, 5495.231111111111
641.2724158896351, 5373.87
641.686899907938, 5259.790555555555
642.101325976987, 5262.217777777778
642.5156940762606, 5356.879444444445
642.9300041852364, 5288.917222222222
643.344256283392, 5281.635555555556
643.758450350206, 5291.344444444445
644.1725863651554, 5133.575
644.5866643077189, 5082.6033333333335
645.0006841573738, 5087.457777777778
645.4146458935983, 5152.9927777777775
645.8285494958702, 5094.739444444444
646.2423949436671, 5048.622222222222
646.6561822164675, 5009.786666666667
647.0699112937488, 5046.195
647.483582154989, 5102.021111111111
647.897194779666, 5009.786666666667
648.3107491472578, 5041.3405555555555
648.724245237242, 4866.580555555555
649.1376830290968, 5077.748888888889
649.5510625022998, 5024.35
649.964383636329, 5051.049444444445
650.3776464106625, 4837.453888888889
650.790850804778, 4871.435
651.2039967981532, 4818.0361111111115
651.6170843702662, 4835.026666666667
652.0301135005949, 4798.618333333333
652.443084168617, 4779.200555555555
652.8559963538107, 4781.627777777778
653.2688500356536, 4827.745
653.6816451936236, 4793.763888888889
654.0943818071987, 4759.7827777777775
654.5070598558568, 4730.656111111111
654.9196793190757, 4747.6466666666665
655.3322401763332, 4643.276111111111
655.7447424071077, 4703.956666666667
656.1571859908762, 4633.567222222222
656.5695709071173, 4483.079444444445
656.9818971353087, 4633.567222222222
657.394164654928, 4502.497222222222
657.8063734454535, 4490.361111111111
658.2185234863628, 4536.4783333333335
658.6306147571338, 4500.07
659.0426472372449, 4517.060555555556
659.454620906173, 4504.924444444445
659.8665357433969, 4359.291111111111
660.2783917283939, 4254.920555555555
660.6901888406422, 4320.455555555555
661.1019270596197, 4318.028333333334
661.5136063648039, 4245.211666666667
661.9252267356732, 4376.281666666667
662.336788151705, 4274.338333333333
662.7482905923775, 4250.066111111111
663.1597340371688, 4247.638888888889
663.5711184655561, 4245.211666666667
663.9824438570179, 4208.803333333333
664.3937101910318, 4186.958333333333
664.8049174470756, 4354.4366666666665
665.2160656046276, 4184.531111111111
665.627154643165, 4152.977222222222
666.0381845421665, 4189.385555555556
666.4491552811094, 4143.268333333333
666.8600668394716, 4252.493333333333
667.2709191967314, 4128.705
667.6817123323663, 4145.695555555556
668.0924462258544, 4092.2966666666666
668.5031208566734, 4174.822222222222
668.9137362043014, 4036.4705555555556
669.324292248216, 4186.958333333333
669.7347889678953, 3924.818333333333
670.1452263428172, 3995.2077777777777
670.5556043524593, 4021.907222222222
670.9659229763, 3946.6633333333334
671.3761821938167, 3987.926111111111
671.7863819844875, 3949.0905555555555
672.1965223277904, 3912.682222222222
672.6066032032028, 4012.1983333333333
673.0166245902033, 3970.9355555555558
673.4265864682691, 3839.8655555555556
673.8364888168785, 3849.5744444444445
674.2463316155092, 3900.5461111111113
674.6561148436392, 3832.583888888889
675.0658384807463, 3779.185
675.4755025063084, 3684.5233333333335
675.8851068998035, 3868.992222222222
676.2946516407094, 3665.1055555555554
676.7041367085039, 3694.2322222222224
677.1135620826649, 3716.077222222222
677.5229277426704, 3747.6311111111113
677.9322336679982, 3810.738888888889
678.3414798381262, 3801.03
678.7506662325325, 3592.288888888889
679.1597928306944, 3650.5422222222223
679.5688596120904, 3565.5894444444443
679.977866556198, 3713.65
680.3868136424953, 3650.5422222222223
680.7957008504601, 3618.9883333333332
681.2045281595704, 3589.8616666666667
681.6132955493039, 3551.0261111111113
682.0220029991384, 3538.89
682.430650488552, 3521.8994444444443
682.8392379970227, 3558.3077777777776
683.2477655040282, 3558.3077777777776
683.6562329890462, 3534.0355555555557
684.064640431555, 3441.801111111111
684.472987811032, 3417.528888888889
684.8812751069555, 3436.9466666666667
685.2895022988033, 3373.838888888889
685.6976693660531, 3497.6272222222224
686.1057762881829, 3436.9466666666667
686.5138230446706, 3385.975
686.9218096149941, 3410.2472222222223
687.3297359786312, 3407.82
687.7376021150599, 3429.665
688.145408003758, 3385.975
688.5531536242033, 3237.9144444444446
688.9608389558739, 3337.4305555555557
689.3684639782474, 3351.9938888888887
689.7760286708021, 3269.4683333333332
690.1835330130154, 3301.0222222222224
690.5909769843656, 3383.547777777778
690.9983605643303, 3194.2244444444445
691.4056837323875, 3245.196111111111
691.8129464680152, 3281.6044444444447
692.220148750691, 3264.613888888889
692.6272905598929, 3169.952222222222
693.0343718750988, 3109.2716666666665
693.4413926757868, 3152.9616666666666
693.8483529414345, 3157.8161111111112
694.25525265152, 3128.6894444444442
694.6620917855208, 3135.971111111111
695.0688703229151, 3089.853888888889
695.4755882431808, 3145.68
695.8822455257957, 3080.145
696.2888421502378, 3060.7272222222223
696.6953780959847, 3123.835
697.1018533425145, 3114.126111111111
697.5082678693051, 3036.455
697.9146216558341, 3055.8727777777776
698.3209146815799, 3104.4172222222223
698.72714692602, 3048.5911111111113
699.1333183686324, 3014.61
699.5394289888949, 3043.7366666666667
699.9454787662854, 3004.9011111111113
700.3514676802821, 2990.337777777778
700.7573957103624, 2881.112777777778
701.1632628360044, 2922.3755555555554
701.569069036686, 2936.938888888889
701.9748142918851, 2922.3755555555554
702.3804985810796, 3026.746111111111
702.7861218837471, 2907.8122222222223
703.1916841793659, 2915.093888888889
703.5971854474136, 2917.521111111111
704.0026256673683, 2983.056111111111
704.4080048187078, 2941.7933333333335
704.8133228809098, 2990.337777777778
705.2185798334524, 2973.347222222222
705.6237756558133, 2936.938888888889
706.0289103274706, 2929.657222222222
706.4339838279021, 2958.7838888888887
706.8389961365859, 2963.6383333333333
707.2439472329994, 2983.056111111111
707.6488370966208, 2975.7744444444443
708.0536657069279, 3019.4644444444443
708.4584330433985, 3097.1355555555556
708.8631390855107, 3017.037222222222
709.2677838127423, 2939.366111111111
709.6723672045712, 3019.4644444444443
710.0768892404751, 3036.455
710.4813498999321, 3075.2905555555553
710.88574916242, 3004.9011111111113
711.2900870074167, 2946.6477777777777
711.6943634144001, 3002.4738888888887
712.0985783628479, 3038.882222222222
712.5027318322383, 2941.7933333333335
712.906823802049, 2946.6477777777777
713.310854251758, 2922.3755555555554
713.7148231608429, 2949.075
714.1187305087819, 2915.093888888889
714.5225762750528, 2832.568333333333
714.9263604391333, 2830.141111111111
715.3300829805016, 2793.7327777777778
715.7337438786353, 2830.141111111111
716.1373431130124, 2813.1505555555555
716.5408806631108, 2796.16
716.9443565084084, 2747.6155555555556
717.3477706283832, 2786.451111111111
717.7511230025127, 2776.742222222222
718.1544136102751, 2703.9255555555555
718.5576424311482, 2769.4605555555554
718.9608094446097, 2672.3716666666664
719.363914630138, 2652.9538888888887
719.7669579672105, 2638.3905555555557
720.1699394353052, 2660.2355555555555
720.5728590138999, 2677.226111111111
720.9757166824728, 2618.972777777778
721.3785124205016, 2667.5172222222222
721.7812462074642, 2665.09
722.1839180228383, 2594.7005555555556
722.586527846102, 2635.963333333333
722.989075656733, 2665.09
723.3915614342095, 2684.507777777778
723.7939851580091, 2611.6911111111112
724.1963468076099, 2638.3905555555557
724.5986463624895, 2689.362222222222
725.0008838021259, 2660.2355555555555
725.4030591059972, 2703.9255555555555
725.8051722535811, 2638.3905555555557
726.2072232243553, 2606.8366666666666
726.6092119977981, 2604.4094444444445
727.011138553387, 2560.7194444444444
727.4130028706, 2669.9444444444443
727.8148049289152, 2640.817777777778
728.2165447078104, 2674.798888888889
728.6182221867631, 2580.137222222222
729.0198373452516, 2679.653333333333
729.4213901627536, 2609.2638888888887
729.8228806187471, 2575.282777777778
730.2243086927101, 2577.71
730.6256743641202, 2669.9444444444443
731.0269776124553, 2609.2638888888887
731.4282184171935, 2563.1466666666665
731.8293967578126, 2643.245
732.2305126137903, 2577.71
732.6315659646046, 2521.883888888889
733.0325567897337, 2601.9822222222224
733.4334850686549, 2589.846111111111
733.8343507808465, 2633.536111111111
734.2351539057863, 2611.6911111111112
734.6358944229522, 2655.3811111111113
735.0365723118219, 2580.137222222222
735.4371875518735, 2568.001111111111
735.8377401225848, 2623.827222222222
736.2382300034338, 2541.3016666666667
736.6386571738981, 2553.4377777777777
737.0390216134557, 2553.4377777777777
737.4393233015847, 2606.8366666666666
737.8395622177627, 2623.827222222222
738.2397383414677, 2660.2355555555555
738.6398516521779, 2492.757222222222
739.0399021293706, 2570.4283333333333
739.439889752524, 2558.2922222222223
739.8398145011159, 2512.175
740.2396763546243, 2599.555
740.639475292527, 2553.4377777777777
741.0392112943019, 2563.1466666666665
741.4388843394269, 2568.001111111111
741.8384944073797, 2572.8555555555554
742.2380414776385, 2592.2733333333335
742.637525529681, 2609.2638888888887
743.0369465429851, 2584.991666666667
743.4363044970287, 2611.6911111111112
743.8355993712896, 2531.592777777778
744.2348311452458, 2541.3016666666667
744.6339997983753, 2529.1655555555553
745.0331053101557, 2497.6116666666667
745.432147660065, 2541.3016666666667
745.8311268275811, 2572.8555555555554
746.230042792182, 2572.8555555555554
746.6288955333454, 2534.02
747.0276850305493, 2468.485
747.4264112632713, 2611.6911111111112
747.8250742109897, 2551.0105555555556
748.2236738531822, 2541.3016666666667
748.6222101693266, 2565.573888888889
749.0206831389012, 2555.865
749.4190927413832, 2589.846111111111
749.817438956251, 2490.33
750.2157217629822, 2504.8933333333334
750.6139411410547, 2546.156111111111
751.0120970699468, 2507.3205555555555
751.4101895291359, 2553.4377777777777
751.8082184981, 2524.311111111111
752.2061839563171, 2555.865
752.604085883265, 2536.447222222222
753.0019242584217, 2551.0105555555556
753.399699061265, 2551.0105555555556
753.7974102712727, 2570.4283333333333
754.1950578679227, 2478.193888888889
754.5926418306931, 2570.4283333333333
754.9901621390615, 2543.728888888889
755.387618772506, 2509.7477777777776
755.7850117105044, 2572.8555555555554
756.1823409325345, 2497.6116666666667
756.5796064180743, 2490.33
756.9768081466016, 2502.4661111111113
757.3739460975944, 2524.311111111111
757.7710202505305, 2551.0105555555556
758.1680305848877, 2458.7761111111113
758.564977080144, 2519.4566666666665
758.9618597157773, 2475.766666666667
759.3586784712656, 2570.4283333333333
759.7554333260865, 2606.8366666666666
760.1521242597179, 2526.7383333333332
760.5487512516379, 2514.6022222222223
760.9453142813243, 2565.573888888889
761.341813328255, 2514.6022222222223
761.738248371908, 2490.33
762.1346193917608, 2521.883888888889
762.5309263672914, 2551.0105555555556
762.927169277978, 2551.0105555555556
763.3233481032983, 2478.193888888889
763.7194628227302, 2529.1655555555553
764.1155134157514, 2500.038888888889
764.5114998618401, 2490.33
764.9074221404738, 2475.766666666667
765.3032802311308, 2487.902777777778
765.6990741132888, 2470.912222222222
766.0948037664257, 2592.2733333333335
766.4904691700191, 2485.4755555555557
766.8860703035473, 2570.4283333333333
767.2816071464881, 2560.7194444444444
767.6770796783193, 2548.5833333333335
768.0724878785187, 2541.3016666666667
768.4678317265643, 2507.3205555555555
768.8631112019339, 2514.6022222222223
769.2583262841056, 2422.367777777778
769.653476952557, 2529.1655555555553
770.0485631867662, 2504.8933333333334
770.4435849662109, 2473.3394444444443
770.8385422703691, 2483.048333333333
771.2334350787187, 2422.367777777778
771.6282633707374, 2485.4755555555557
772.0230271259036, 2502.4661111111113
772.4177263236944, 2582.5644444444442
772.8123609435884, 2475.766666666667
773.2069309650631, 2519.4566666666665
773.6014363675963, 2521.883888888889
773.9958771306663, 2509.7477777777776
774.3902532337505, 2487.902777777778
774.7845646563271, 2517.0294444444444
775.1788113778739, 2475.766666666667
775.5729933778688, 2475.766666666667
775.9671106357898, 2509.7477777777776
776.3611631311144, 2424.795
776.755150843321, 2497.6116666666667
777.1490737518869, 2521.883888888889
777.5429318362906, 2453.9216666666666
777.9367250760095, 2514.6022222222223
778.3304534505218, 2461.2033333333334
778.7241169393052, 2536.447222222222
779.1177155218376, 2592.2733333333335
779.5112491775968, 2504.8933333333334
779.904717886061, 2473.3394444444443
780.2981216267079, 2509.7477777777776
780.6914603790154, 2546.156111111111
781.0847341224612, 2473.3394444444443
781.4779428365234, 2555.865
781.8710865006798, 2543.728888888889
782.2641650944086, 2451.4944444444445
782.657178597187, 2551.0105555555556
783.0501269884934, 2490.33
783.4430102478057, 2502.4661111111113
783.8358283546014, 2512.175
784.2285812883588, 2514.6022222222223
784.6212690285556, 2500.038888888889
785.0138915546697, 2509.7477777777776
785.4064488461789, 2504.8933333333334
785.7989408825612, 2504.8933333333334
786.1913676432944, 2478.193888888889
786.5837291078566, 2524.311111111111
786.9760252557254, 2534.02
787.3682560663788, 2551.0105555555556
787.7604215192946, 2468.485
788.1525215939508, 2502.4661111111113
788.5445562698254, 2599.555
788.9365255263959, 2531.592777777778
789.3284293431406, 2475.766666666667
789.7202676995372, 2497.6116666666667
790.1120405750635, 2441.7855555555557
790.5037479491975, 2466.0577777777776
790.8953898014171, 2514.6022222222223
791.2869661112001, 2521.883888888889
791.6784768580243, 2492.757222222222
792.0699220213678, 2524.311111111111
792.4613015807084, 2497.6116666666667
792.852615515524, 2531.592777777778
793.2438638052924, 2446.64
793.6350464294916, 2446.64
794.0261633675993, 2555.865
794.4172145990937, 2453.9216666666666
794.8082001034524, 2451.4944444444445
795.1991198601534, 2536.447222222222
795.5899738486744, 2536.447222222222
795.9807620484936, 2483.048333333333
796.3714844390886, 2504.8933333333334
796.7621409999376, 2500.038888888889
797.1527317105182, 2487.902777777778
797.5432565503083, 2453.9216666666666
797.933715498786, 2451.4944444444445
798.3241085354289, 2483.048333333333
798.7144356397151, 2504.8933333333334
799.1046967911225, 2429.6494444444443
799.4948919691287, 2446.64
799.8850211532119, 2475.766666666667
800.2750843228498, 2500.038888888889
800.6650814575204, 2458.7761111111113
801.0550125367017, 2483.048333333333
801.4448775398711, 2478.193888888889
801.8346764465069, 2449.0672222222224
802.224409236087, 2534.02
802.614075888089, 2521.883888888889
803.0036763819912, 2509.7477777777776
803.393210697271, 2492.757222222222
803.7826788134066, 2594.7005555555556
804.1720807098758, 2492.757222222222
804.5614163661564, 2534.02
804.9506857617265, 2485.4755555555557
805.3398888760638, 2548.5833333333335
805.7290256886463, 2492.757222222222
806.1180961789518, 2470.912222222222
806.507100326458, 2517.0294444444444
806.8960381106433, 2463.6305555555555
807.2849095109851, 2441.7855555555557
807.6737145069615, 2529.1655555555553
808.0624530780502, 2470.912222222222
808.4511252037294, 2555.865
808.8397308634767, 2519.4566666666665
809.2282700367703, 2543.728888888889
809.6167427030877, 2470.912222222222
810.0051488419068, 2461.2033333333334
810.3934884327059, 2478.193888888889
810.7817614549624, 2519.4566666666665
811.1699678881547, 2473.3394444444443
811.5581077117603, 2480.621111111111
811.946180905257, 2480.621111111111
812.3341874481231, 2463.6305555555555
812.722127319836, 2446.64
813.1100004998741, 2500.038888888889
813.4978069677148, 2495.1844444444446
813.8855467028363, 2534.02
814.2732196847163, 2519.4566666666665
814.6608258928328, 2453.9216666666666
815.0483653066638, 2461.2033333333334
815.4358379056869, 2546.156111111111
815.82324366938, 2487.902777777778
816.2105825772212, 2519.4566666666665
816.5978546086883, 2495.1844444444446
816.9850597432592, 2519.4566666666665
817.3721979604117, 2449.0672222222224
817.7592692396238, 2492.757222222222
818.1462735603732, 2500.038888888889
818.5332109021379, 2487.902777777778
818.9200812443959, 2446.64
819.306884566625, 2449.0672222222224
819.6936208483029, 2504.8933333333334
820.0802900689077, 2519.4566666666665
820.4668922079172, 2507.3205555555555
820.8534272448094, 2507.3205555555555
821.239895159062, 2463.6305555555555
821.626295930153, 2507.3205555555555
822.0126295375603, 2451.4944444444445
822.3988959607616, 2429.6494444444443
822.785095179235, 2536.447222222222
823.1712271724583, 2500.038888888889
823.5572919199096, 2492.757222222222
823.9432894010663, 2509.7477777777776
824.3292195954066, 2492.757222222222
824.7150824824083, 2449.0672222222224
825.1008780415495, 2514.6022222222223
825.486606252308, 2509.7477777777776
825.8722670941613, 2432.076666666667
826.2578605465877, 2509.7477777777776
826.643386589065, 2507.3205555555555
827.028845201071, 2458.7761111111113
827.4142363620837, 2509.7477777777776
827.7995600515808, 2509.7477777777776
828.1848162490403, 2456.3488888888887
828.5700049339401, 2492.757222222222
828.9551260857583, 2458.7761111111113
829.3401796839723, 2504.8933333333334
829.7251657080603, 2504.8933333333334
830.1100841375, 2478.193888888889
830.4949349517696, 2490.33
830.8797181303465, 2521.883888888889
831.264433652709, 2507.3205555555555
831.649081498335, 2468.485
832.0336616467022, 2502.4661111111113
832.4181740772884, 2490.33
832.8026187695717, 2417.5133333333333
833.1869957030299, 2415.086111111111
833.5713048571408, 2483.048333333333
833.9555462113824, 2485.4755555555557
834.3397197452325, 2470.912222222222
834.723825438169, 2473.3394444444443
835.1078632696698, 2470.912222222222
835.4918332192129, 2509.7477777777776
835.875735266276, 2517.0294444444444
836.259569390337, 2500.038888888889
836.6433355708738, 2534.02
837.0270337873644, 2417.5133333333333
837.4106640192867, 2500.038888888889
837.7942262461185, 2526.7383333333332
838.1777204473375, 2480.621111111111
838.5611466024219, 2526.7383333333332
838.9445046908494, 2463.6305555555555
839.3277946920979, 2470.912222222222
839.7110165856454, 2439.358333333333
840.0941703509696, 2470.912222222222
840.4772559675484, 2429.6494444444443
840.8602734148599, 2432.076666666667
841.2432226723819, 2485.4755555555557
841.6261037195922, 2458.7761111111113
842.0089165359686, 2495.1844444444446
842.3916611009893, 2517.0294444444444
842.7743373941316, 2446.64
843.156945394874, 2507.3205555555555
843.5394850826943, 2492.757222222222
843.9219564370701, 2517.0294444444444
844.3043594374793, 2521.883888888889
844.6866940634001, 2507.3205555555555
845.06896029431, 2531.592777777778
845.4511581096873, 2485.4755555555557
845.8332874890094, 2507.3205555555555
846.2153484117546, 2534.02
846.5973408574006, 2415.086111111111
846.9792648054253, 2509.7477777777776
847.3611202353064, 2531.592777777778
847.7429071265223, 2478.193888888889
848.1246254585504, 2497.6116666666667
848.5062752108686, 2534.02
848.8878563629551, 2519.4566666666665
849.2693688942875, 2470.912222222222
849.6508127843439, 2415.086111111111
850.0321880126021, 2458.7761111111113
850.4134945585397, 2415.086111111111
850.7947324016351, 2427.222222222222
851.1759015213659, 2456.3488888888887
851.55700189721, 2417.5133333333333
851.9380335086452, 2492.757222222222
852.3189963351494, 2485.4755555555557
852.6998903562007, 2483.048333333333
853.0807155512767, 2512.175
853.4614718998556, 2483.048333333333
853.8421593814152, 2432.076666666667
854.2227779754331, 2526.7383333333332
854.6033276613874, 2606.8366666666666
854.983808418756, 2480.621111111111
855.3642202270167, 2461.2033333333334
855.7445630656476, 2519.4566666666665
856.1248369141263, 2453.9216666666666
856.5050417519308, 2500.038888888889
856.8851775585389, 2509.7477777777776
857.2652443134286, 2461.2033333333334
857.6452419960779, 2470.912222222222
858.0251705859644, 2470.912222222222
858.4050300625662, 2490.33
858.784820405361, 2534.02
859.1645415938268, 2500.038888888889
859.5441936074416, 2456.3488888888887
859.923776425683, 2500.038888888889
860.3032900280291, 2432.076666666667
860.6827343939576, 2565.573888888889
861.0621095029466, 2480.621111111111
861.441415334474, 2458.7761111111113
861.8206518680174, 2470.912222222222
862.1998190830549, 2485.4755555555557
862.5789169590645, 2512.175
862.9579454755236, 2466.0577777777776
863.3369046119107, 2419.9405555555554
863.7157943477033, 2490.33
864.0946146623794, 2487.902777777778
864.4733655354167, 2427.222222222222
864.8520469462933, 2478.193888888889
865.2306588744871, 2546.156111111111
865.609201299476, 2436.931111111111
865.9876742007377, 2468.485
866.3660775577501, 2487.902777777778
866.7444113499912, 2478.193888888889
867.1226755569388, 2492.757222222222
867.500870158071, 2439.358333333333
867.8789951328655, 2463.6305555555555
868.2570504608001, 2492.757222222222
868.6350361213526, 2507.3205555555555
869.0129520940013, 2485.4755555555557
869.3907983582237, 2400.5227777777777
869.7685748934982, 2470.912222222222
870.146281679302, 2500.038888888889
870.5239186951134, 2483.048333333333
870.90148592041, 2521.883888888889
871.27898333467, 2492.757222222222
871.6564109173712, 2495.1844444444446
872.0337686479913, 2553.4377777777777
872.4110565060084, 2456.3488888888887
872.7882744709003, 2495.1844444444446
873.1654225221448, 2441.7855555555557
873.5425006392201, 2419.9405555555554
873.9195088016037, 2449.0672222222224
874.2964469887736, 2517.0294444444444
874.6733151802077, 2517.0294444444444
875.050113355384, 2466.0577777777776
875.4268414937803, 2444.212777777778
875.8034995748744, 2449.0672222222224
876.1800875781444, 2502.4661111111113
876.5566054830679, 2487.902777777778
876.9330532691229, 2458.7761111111113
877.3094309157873, 2470.912222222222
877.6857384025392, 2405.3772222222224
878.061975708856, 2432.076666666667
878.438142814216, 2512.175
878.8142396980969, 2424.795
879.1902663399766, 2436.931111111111
879.5662227193332, 2485.4755555555557
879.9421088156442, 2441.7855555555557
880.3179246083878, 2402.95
880.6936700770416, 2500.038888888889
881.0693452010837, 2458.7761111111113
881.4449499599921, 2444.212777777778
881.8204843332443, 2436.931111111111
882.1959483003185, 2495.1844444444446
882.5713418406924, 2490.33
882.9466649338441, 2487.902777777778
883.3219175592512, 2592.2733333333335
883.6970996963919, 2492.757222222222
884.0722113247438, 2439.358333333333
884.4472524237849, 2490.33
884.822222972993, 2385.9594444444447
885.1971229518462, 2458.7761111111113
885.5719523398224, 2504.8933333333334
885.9467111163991, 2434.503888888889
886.3213992610544, 2432.076666666667
886.6960167532662, 2407.8044444444445
887.0705635725126, 2439.358333333333
887.4450396982711, 2444.212777777778
887.8194451100198, 2480.621111111111
888.1937797872365, 2514.6022222222223
888.568043709399, 2492.757222222222
888.9422368559856, 2444.212777777778
889.3163592064737, 2441.7855555555557
889.6904107403415, 2495.1844444444446
890.0643914370667, 2531.592777777778
890.438301276127, 2388.3866666666668
890.8121402370008, 2514.6022222222223
891.1859082991656, 2504.8933333333334
891.5596054420996, 2478.193888888889
891.9332316452803, 2485.4755555555557
892.3067868881857, 2507.3205555555555
892.6802711502938, 2502.4661111111113
893.0536844110824, 2497.6116666666667
893.4270266500296, 2497.6116666666667
893.8002978466128, 2444.212777777778
894.1734979803103, 2429.6494444444443
894.5466270305999, 2490.33
894.9196849769595, 2497.6116666666667
895.2926717988669, 2492.757222222222
895.6655874758, 2466.0577777777776
896.0384319872365, 2483.048333333333
896.4112053126547, 2543.728888888889
896.7839074315323, 2429.6494444444443
897.156538323347, 2514.6022222222223
897.529097967577, 2473.3394444444443
897.9015863436998, 2490.33
898.2740034311936, 2419.9405555555554
898.6463492095362, 2483.048333333333
899.0186236582055, 2449.0672222222224
899.3908267566794, 2480.621111111111
899.7629584844356, 2417.5133333333333
900.1350188209522, 2429.6494444444443
900.5070077457069, 2398.0955555555556
900.8789252381778, 2492.757222222222
901.2507712778427, 2514.6022222222223
901.6225458441793, 2497.6116666666667
901.9942489166658, 2487.902777777778
902.3658804747797, 2429.6494444444443
902.7374404979993, 2441.7855555555557
903.1089289658024, 2434.503888888889
903.4803458576665, 2395.6683333333335
903.8516911530699, 2415.086111111111
904.2229648314902, 2531.592777777778
904.5941668724056, 2529.1655555555553
904.9652972552939, 2534.02
905.3363559596327, 2529.1655555555553
905.7073429649, 2480.621111111111
906.0782582505739, 2519.4566666666665
906.4491017961321, 2504.8933333333334
906.8198735810525, 2517.0294444444444
907.1905735848133, 2451.4944444444445
907.5612017868917, 2432.076666666667
907.9317581667661, 2490.33
908.3022427039143, 2478.193888888889
908.6726553778141, 2444.212777777778
909.0429961679436, 2402.95
909.4132650537804, 2436.931111111111
909.7834620148025, 2466.0577777777776
910.1535870304876, 2424.795
910.523640080314, 2475.766666666667
910.8936211437593, 2519.4566666666665
911.2635302003015, 2492.757222222222
911.6333672294182, 2531.592777777778
912.0031322105876, 2368.968888888889
912.3728251232876, 2439.358333333333
912.742445946996, 2446.64
913.1119946611905, 2519.4566666666665
913.4814712453491, 2524.311111111111
913.8508756789498, 2458.7761111111113
914.2202079414703, 2424.795
914.5894680123887, 2531.592777777778
914.9586558711829, 2509.7477777777776
915.3277714973304, 2429.6494444444443
915.6968148703095, 2492.757222222222
916.0657859695979, 2402.95
916.4346847746734, 2480.621111111111
916.8035112650142, 2475.766666666667
917.1722654200979, 2517.0294444444444
917.5409472194023, 2504.8933333333334
917.9095566424055, 2529.1655555555553
918.2780936685854, 2475.766666666667
918.6465582774198, 2449.0672222222224
919.0149504483866, 2463.6305555555555
919.3832701609637, 2439.358333333333
919.7515173946289, 2422.367777777778
920.1196921288599, 2483.048333333333
920.4877943431352, 2521.883888888889
920.8558240169323, 2461.2033333333334
921.223781129729, 2551.0105555555556
921.5916656610033, 2446.64
921.9594775902328, 2446.64
922.327216896896, 2456.3488888888887
922.6948835604703, 2451.4944444444445
923.0624775604338, 2480.621111111111
923.4299988762641, 2521.883888888889
923.7974474874394, 2449.0672222222224
924.1648233734376, 2487.902777777778
924.5321265137363, 2500.038888888889
924.8993568878135, 2470.912222222222
925.2665144751472, 2470.912222222222
925.6335992552152, 2492.757222222222
926.0006112074952, 2502.4661111111113
926.3675503114656, 2456.3488888888887
926.7344165466038, 2524.311111111111
927.1012098923877, 2417.5133333333333
927.4679303282956, 2475.766666666667
927.8345778338048, 2422.367777777778
928.2011523883937, 2497.6116666666667
928.5676539715399, 2483.048333333333
928.9340825627213, 2419.9405555555554
929.300438141416, 2497.6116666666667
929.6667206871015, 2500.038888888889
930.032930179256, 2502.4661111111113
930.3990665973574, 2432.076666666667
930.7651299208834, 2473.3394444444443
931.131120129312, 2453.9216666666666
931.497037202121, 2500.038888888889
931.8628811187882, 2451.4944444444445
932.2286518587919, 2470.912222222222
932.5943494016095, 2485.4755555555557
932.959973726719, 2412.6588888888887
933.3255248135985, 2509.7477777777776
933.6910026417256, 2534.02
934.0564071905786, 2572.8555555555554
934.421738439635, 2444.212777777778
934.7869963683726, 2509.7477777777776
935.1521809562696, 2490.33
935.5172921828038, 2497.6116666666667
935.882330027453, 2541.3016666666667
936.2472944696952, 2436.931111111111
936.6121854890082, 2402.95
936.9770030648699, 2432.076666666667
937.3417471767581, 2449.0672222222224
937.7064178041509, 2495.1844444444446
938.071014926526, 2463.6305555555555
938.4355385233613, 2393.241111111111
938.7999885741348, 2427.222222222222
939.1643650583242, 2517.0294444444444
939.5286679554074, 2449.0672222222224
939.8928972448628, 2524.311111111111
940.2570529061674, 2534.02
940.6211349187996, 2405.3772222222224
940.9851432622372, 2478.193888888889
941.3490779159583, 2507.3205555555555
941.7129388594406, 2449.0672222222224
942.0767260721618, 2512.175
942.4404395336, 2417.5133333333333
942.8040792232331, 2551.0105555555556
943.1676451205389, 2395.6683333333335
943.5311372049953, 2560.7194444444444
943.8945554560802, 2543.728888888889
944.2578998532713, 2570.4283333333333
944.621170376047, 2500.038888888889
944.9843670038847, 2485.4755555555557
945.3474897162623, 2475.766666666667
945.710538492658, 2483.048333333333
946.0735133125493, 2446.64
946.4364141554144, 2490.33
946.7992410007312, 2410.2316666666666
947.1619938279771, 2444.212777777778
947.5246726166306, 2470.912222222222
947.8872773461691, 2439.358333333333
948.2498079960709, 2436.931111111111
948.6122645458137, 2453.9216666666666
948.9746469748751, 2475.766666666667
949.3369552627336, 2436.931111111111
949.6991893888663, 2434.503888888889
950.0613493327519, 2444.212777777778
950.4234350738678, 2466.0577777777776
950.7854465916919, 2521.883888888889
951.1473838657021, 2478.193888888889
951.5092468753764, 2461.2033333333334
951.871035600193, 2432.076666666667
952.2327500196291, 2487.902777777778
952.5943901131628, 2436.931111111111
952.9559558602721, 2478.193888888889
953.3174472404351, 2480.621111111111
953.6788642331294, 2495.1844444444446
954.040206817833, 2429.6494444444443
954.4014749740235, 2492.757222222222
954.7626686811789, 2463.6305555555555
955.1237879187775, 2470.912222222222
955.4848326662968, 2458.7761111111113
955.8458029032148, 2458.7761111111113
956.2066986090091, 2500.038888888889
956.5675197631579, 2543.728888888889
956.9282663451391, 2427.222222222222
957.2889383344307, 2478.193888888889
957.6495357105102, 2390.813888888889
958.0100584528556, 2490.33
958.3705065409446, 2439.358333333333
958.7308799542557, 2526.7383333333332
959.0911786722664, 2492.757222222222
959.4514026744546, 2463.6305555555555
959.8115519402979, 2417.5133333333333
960.1716264492745, 2458.7761111111113
960.5316261808625, 2453.9216666666666
960.8915511145395, 2509.7477777777776
961.2514012297835, 2490.33
961.6111765060718, 2458.7761111111113
961.9708769228831, 2429.6494444444443
962.330502459695, 2514.6022222222223
962.6900530959854, 2470.912222222222
963.0495288112322, 2500.038888888889
963.4089295849129, 2473.3394444444443
963.7682553965058, 2521.883888888889
964.1275062254888, 2517.0294444444444
964.4866820513397, 2495.1844444444446
964.8457828535363, 2485.4755555555557
965.2048086115565, 2500.038888888889
965.5637593048781, 2504.8933333333334
965.9226349129792, 2463.6305555555555
966.2814354153378, 2517.0294444444444
966.6401607914315, 2429.6494444444443
966.998811020738, 2456.3488888888887
967.3573860827355, 2512.175
967.715885956902, 2514.6022222222223
968.0743106227152, 2502.4661111111113
968.4326600596529, 2429.6494444444443
968.7909342471929, 2473.3394444444443
969.1491331648133, 2441.7855555555557
969.5072567919922, 2512.175
969.8653051082072, 2451.4944444444445
970.2232780929362, 2405.3772222222224
970.5811757256569, 2500.038888888889
970.9389979858473, 2470.912222222222
971.2967448529856, 2373.8233333333333
971.6544163065495, 2495.1844444444446
972.0120123260166, 2490.33
972.3695328908652, 2500.038888888889
972.7269779805728, 2432.076666666667
973.0843475746177, 2470.912222222222
973.4416416524775, 2439.358333333333
973.7988601936299, 2509.7477777777776
974.1560031775534, 2461.2033333333334
974.5130705837252, 2534.02
974.8700623916237, 2470.912222222222
975.2269785807267, 2473.3394444444443
975.5838191305116, 2417.5133333333333
975.940584020457, 2432.076666666667
976.2972732300401, 2512.175
976.6538867387394, 2490.33
977.0104245260326, 2475.766666666667
977.366886571397, 2453.9216666666666
977.7232728543113, 2504.8933333333334
978.079583354253, 2485.4755555555557
978.4358180507, 2543.728888888889
978.7919769231304, 2478.193888888889
979.1480599510217, 2475.766666666667
979.5040671138518, 2473.3394444444443
979.8599983910992, 2429.6494444444443
980.2158537622412, 2439.358333333333
980.5716332067559, 2453.9216666666666
980.9273367041209, 2478.193888888889
981.2829642338144, 2509.7477777777776
981.6385157753143, 2497.6116666666667
981.9939913080984, 2517.0294444444444
982.3493908116445, 2475.766666666667
982.7047142654303, 2458.7761111111113
983.0599616489342, 2485.4755555555557
983.4151329416338, 2497.6116666666667
983.770228123007, 2468.485
984.1252471725317, 2546.156111111111
984.4801900696855, 2453.9216666666666
984.8350567939466, 2463.6305555555555
985.189847324793, 2517.0294444444444
985.5445616417024, 2453.9216666666666
985.8991997241528, 2449.0672222222224
986.2537615516217, 2422.367777777778
986.6082471035874, 2485.4755555555557
986.9626563595276, 2449.0672222222224
987.3169892989204, 2500.038888888889
987.6712459012435, 2439.358333333333
988.0254261459746, 2456.3488888888887
988.3795300125918, 2468.485
988.733557480573, 2449.0672222222224
989.0875085293962, 2441.7855555555557
989.4413831385392, 2492.757222222222
989.7951812874794, 2419.9405555555554
990.1489029556951, 2424.795
990.5025481226647, 2410.2316666666666
990.8561167678653, 2534.02
991.2096088707751, 2456.3488888888887
991.5630244108718, 2458.7761111111113
991.9163633676334, 2427.222222222222
992.269625720538, 2502.4661111111113
992.6228114490633, 2453.9216666666666
992.9759205326872, 2439.358333333333
993.3289529508872, 2536.447222222222
993.6819086831417, 2492.757222222222
994.0347877089287, 2461.2033333333334
994.3875900077255, 2519.4566666666665
994.7403155590106, 2468.485
995.0929643422612, 2429.6494444444443
995.4455363369556, 2495.1844444444446
995.7980315225718, 2427.222222222222
996.1504498785876, 2422.367777777778
996.5027913844808, 2497.6116666666667
996.8550560197291, 2434.503888888889
997.2072437638105, 2434.503888888889
997.5593545962032, 2400.5227777777777
997.9113884963849, 2475.766666666667
998.2633454438334, 2463.6305555555555
998.6152254180263, 2495.1844444444446
998.967028398442, 2470.912222222222
999.3187543645583, 2507.3205555555555
999.6704032958529, 2517.0294444444444
1000.0219751718037, 2451.4944444444445
1000.3734699718887, 2492.757222222222
1000.7248876755855, 2485.4755555555557
1001.0762282623723, 2444.212777777778
1001.4274917117272, 2536.447222222222
1001.7786780031272, 2451.4944444444445
1002.1297871160513, 2470.912222222222
1002.4808190299765, 2463.6305555555555
1002.831773724381, 2441.7855555555557
1003.1826511787431, 2473.3394444444443
1003.5334513725397, 2436.931111111111
1003.8841742852499, 2490.33
1004.2348198963505, 2456.3488888888887
1004.58538818532, 2509.7477777777776
1004.9358791316362, 2475.766666666667
1005.2862927147766, 2361.6872222222223
1005.6366289142197, 2480.621111111111
1005.9868877094427, 2429.6494444444443
1006.3370690799243, 2524.311111111111
1006.6871730051417, 2444.212777777778
1007.0371994645731, 2492.757222222222
1007.387148437696, 2514.6022222222223
1007.7370199039891, 2439.358333333333
1008.0868138429296, 2463.6305555555555
1008.4365302339957, 2504.8933333333334
1008.7861690566647, 2456.3488888888887
1009.135730290415, 2492.757222222222
1009.4852139147247, 2444.212777777778
1009.8346199090714, 2436.931111111111
1010.183948252933, 2453.9216666666666
1010.5331989257868, 2497.6116666666667
1010.8823719071117, 2475.766666666667
1011.2314671763851, 2383.532222222222
1011.5804847130852, 2487.902777777778
1011.9294244966892, 2451.4944444444445
1012.2782865066753, 2502.4661111111113
1012.6270707225216, 2463.6305555555555
1012.9757771237059, 2466.0577777777776
1013.3244056897063, 2458.7761111111113
1013.6729564000002, 2427.222222222222
1014.0214292340655, 2534.02
1014.3698241713803, 2388.3866666666668
1014.7181411914225, 2463.6305555555555
1015.0663802736703, 2478.193888888889
1015.414541397601, 2395.6683333333335
1015.7626245426926, 2419.9405555555554
1016.1106296884232, 2429.6494444444443
1016.4585568142705, 2359.26
1016.8064058997128, 2487.902777777778
1017.1541769242275, 2412.6588888888887
1017.5018698672923, 2478.193888888889
1017.8494847083857, 2439.358333333333
1018.1970214269853, 2453.9216666666666
1018.544480002569, 2449.0672222222224
1018.8918604146148, 2563.1466666666665
1019.2391626426003, 2449.0672222222224
1019.5863866660034, 2463.6305555555555
1019.9335324643024, 2504.8933333333334
1020.2806000169747, 2424.795
1020.6275893034986, 2521.883888888889
1020.9745003033515, 2385.9594444444447
1021.3213329960116, 2461.2033333333334
1021.6680873609569, 2458.7761111111113
1022.0147633776651, 2514.6022222222223
1022.3613610256143, 2470.912222222222
1022.7078802842818, 2534.02
1023.054321133146, 2490.33
1023.4006835516849, 2463.6305555555555
1023.7469675193759, 2536.447222222222
1024.0931730156972, 2509.7477777777776
1024.4393000201267, 2449.0672222222224
1024.785348512142, 2470.912222222222
1025.1313184712212, 2456.3488888888887
1025.4772098768424, 2400.5227777777777
1025.8230227084832, 2446.64
1026.1687569456215, 2400.5227777777777
1026.5144125677348, 2485.4755555555557
1026.8599895543018, 2512.175
1027.2054878848003, 2444.212777777778
1027.5509075387072, 2478.193888888889
1027.8962484955014, 2483.048333333333
1028.2415107346603, 2439.358333333333
1028.586694235662, 2441.7855555555557
1028.9317989779845, 2436.931111111111
1029.2768249411054, 2463.6305555555555
1029.6217721045025, 2463.6305555555555
1029.9666404476538, 2463.6305555555555
