
# Time of snapshot: 2021-06-22T14:42:36Eastern Standard Time
# Number of frames accumulated: 0
# Scan time per exposure [us]: 50000
 Wavelength [nm], Intensity [RFU]
475.84528270819413, 2344.696666666666
514.8350188912955, 3133.543888888889
513.1109394574953, 1131.0855555555554
520.4325471636973, 1708.764444444444
513.1109394574953, 4094.7238888888883
515.6967479345718, 5017.068333333333
513.1109394574953, 3932.1
517.8501630945242, 805.8377777777778
513.1109394574953, 1021.8605555555555
514.8350188912955, 735.4483333333337
514.8350188912955, 6371.458333333334
513.5420369330461, 3070.436111111111
510.0918103830321, 667.4861111111113
475.4097631897488, 963.6072222222219
520.4325471636973, 1774.2994444444448
517.8501630945242, 2774.3150000000005
516.1275347159767, 15337.617222222223
515.6967479345718, 708.7488888888888
515.6967479345718, 6453.983888888888
471.05182551060733, 737.8755555555554
517.4195838529922, 3815.5933333333332
516.5582696431964, 11051.142777777779
516.5582696431964, 14628.868333333334
475.4097631897488, 1745.1727777777778
520.8627624203501, 2500.038888888889
515.6967479345718, 3381.1205555555557
516.1275347159767, 16189.572222222225
520.4325471636973, 2281.5888888888885
513.1109394574953, 1614.1027777777776
520.4325471636973, 500.00777777777785
515.6967479345718, 2978.2016666666664
514.8350188912955, 7092.343333333334
473.23141713137244, 8267.118888888888
513.1109394574953, 2082.556666666667
517.4195838529922, 1189.338888888889
516.9889526957089, 14597.314444444446
514.8350188912955, 14871.590555555555
517.8501630945242, 2907.812222222222
475.84528270819413, 1021.860555555555
513.1109394574953, 1859.252222222222
514.8350188912955, 4305.892222222223
517.4195838529922, 4327.737222222222
516.5582696431964, 17466.29111111111
517.4195838529922, 9623.93611111111
515.6967479345718, 15784.22611111111
516.5582696431964, 15024.505555555557
515.6967479345718, 16806.08666666667
517.8501630945242, 11973.487222222222
517.4195838529922, 793.7016666666668
514.8350188912955, 14757.511111111111
515.6967479345718, 12619.128333333332
523.4429595634975, 616.5144444444445
517.8501630945242, 5344.743333333334
471.4878433566188, 8216.147222222222
516.5582696431964, 4155.404444444444
513.1109394574953, 866.518333333333
518.7111657482452, 3424.8105555555553
517.8501630945242, 5436.977777777778
517.4195838529922, 4919.979444444444
515.6967479345718, 2674.798888888889
513.1109394574953, 868.9455555555555
475.4097631897488, 1109.2405555555551
516.5582696431964, 3361.702777777778
519.1415891193901, 1097.1044444444442
523.4429595634975, 1075.2594444444444
516.5582696431964, 15405.579444444445
514.4040766704684, 13179.816666666666
521.7230366733485, 1267.0099999999998
514.8350188912955, 3873.846666666667
513.1109394574953, 820.4011111111108
475.4097631897488, 3946.663333333334
516.9889526957089, 12757.480000000001
515.6967479345718, 6810.785555555554
513.9730826775443, 3888.4100000000003
475.84528270819413, 1541.2861111111106
514.8350188912955, 2611.6911111111117
514.8350188912955, 6184.562222222223
515.2659093195042, 11225.902777777777
516.1275347159767, 14827.900555555556
472.35972980689826, 31005.33666666667
516.1275347159767, 9650.635555555556
471.4878433566188, 46481.305555555555
515.6967479345718, 9803.550555555556
514.8350188912955, 5689.408888888889
515.6967479345718, 6240.388333333332
520.4325471636973, 1106.8133333333335
514.8350188912955, 7123.897222222224
520.4325471636973, 762.1477777777777
470.1796406794516, 2980.6288888888885
514.8350188912955, 4206.376111111111
515.6967479345718, 17946.881111111114
513.1109394574953, 2815.577777777778
516.5582696431964, 4213.657777777778
515.6967479345718, 6708.842222222222
475.4097631897488, 5730.671666666667
515.6967479345718, 2912.6666666666665
471.4878433566188, 2048.575555555556
514.8350188912955, 2162.655
513.1109394574953, 10388.511111111111
513.1109394574953, 1922.3600000000001
517.8501630945242, 939.335
513.1109394574953, 1463.6150000000002
514.8350188912955, 1004.8700000000003
514.8350188912955, 762.1477777777782
475.84528270819413, 1080.1138888888881
511.81733684975023, 1640.8022222222226
515.6967479345718, 2155.3733333333334
515.6967479345718, 14204.104444444443
471.4878433566188, 9371.505000000001
517.4195838529922, 3230.632777777778
515.6967479345718, 15992.967222222223
471.4878433566188, 2334.9877777777783
514.8350188912955, 3145.68
515.6967479345718, 1502.4505555555556
520.4325471636973, 1961.195555555556
520.4325471636973, 822.8283333333334
516.1275347159767, 13614.289444444443
515.6967479345718, 9662.771666666666
514.8350188912955, 2616.545555555556
517.4195838529922, 2092.2655555555557
522.1530956286498, 2410.231666666666
518.2806903997824, 3512.1905555555554
513.1109394574953, 912.6355555555556
523.4429595634975, 623.7961111111113
520.4325471636973, 1672.3561111111112
515.6967479345718, 907.7811111111109
517.4195838529922, 2832.5683333333336
515.6967479345718, 3449.082777777778
471.4878433566188, 1587.4033333333336
520.4325471636973, 2393.2411111111114
517.8501630945242, 4007.3438888888886
513.1109394574953, 3907.827777777778
514.8350188912955, 723.3122222222223
471.4878433566188, 3111.698888888889
516.1275347159767, 2305.8611111111113
515.6967479345718, 9332.669444444444
513.9730826775443, 4735.5105555555565
517.8501630945242, 752.4388888888889
471.4878433566188, 1395.6527777777783
514.8350188912955, 1776.726666666667
514.8350188912955, 1359.2444444444445
513.9730826775443, 8347.217222222222
514.8350188912955, 2087.411111111111
514.8350188912955, 2203.917777777778
475.4097631897488, 1104.386111111111
513.1109394574953, 898.0722222222221
515.6967479345718, 3145.68
518.7111657482452, 3145.68
520.4325471636973, 1655.3655555555551
517.4195838529922, 1490.3144444444442
517.8501630945242, 660.2044444444446
474.53857439806194, 1138.3672222222222
514.8350188912955, 2657.808333333334
517.8501630945242, 2121.3922222222227
471.4878433566188, 1033.996666666667
520.4325471636973, 1067.9777777777776
518.2806903997824, 2720.916111111111
513.1109394574953, 589.8149999999996
517.4195838529922, 2776.742222222222
517.4195838529922, 6483.110555555556
520.4325471636973, 1543.7133333333331
518.7111657482452, 2148.0916666666667
520.4325471636973, 1252.4466666666667
520.4325471636973, 1567.985555555556
517.8501630945242, 711.1761111111114
515.6967479345718, 20153.22611111111
516.5582696431964, 20534.3
517.4195838529922, 10434.628333333334
516.5582696431964, 19340.106666666667
514.8350188912955, 21745.483888888888
515.6967479345718, 2106.8288888888887
515.6967479345718, 17978.435
514.8350188912955, 7769.538333333334
513.1109394574953, 832.5372222222222
517.4195838529922, 635.9322222222222
478.89251971048185, 565.5427777777777
521.7230366733485, 720.8849999999998
471.4878433566188, 3026.7461111111115
513.1109394574953, 2672.3716666666664
512.2485893953253, 1298.5638888888889
516.5582696431964, 14747.802222222223
517.4195838529922, 2191.7816666666668
514.8350188912955, 6034.074444444444
474.53857439806194, 1143.2216666666664
515.6967479345718, 2786.451111111111
514.8350188912955, 548.5522222222226
470.1796406794516, 1784.0083333333332
517.4195838529922, 9633.645
517.8501630945242, 2876.258333333333
520.4325471636973, 917.4900000000002
513.1109394574953, 504.86222222222204
517.4195838529922, 1451.4788888888888
514.8350188912955, 2492.757222222222
515.6967479345718, 1946.632222222222
515.6967479345718, 12742.916666666666
514.8350188912955, 13820.603333333333
515.6967479345718, 14398.282222222222
515.6967479345718, 13221.079444444444
517.4195838529922, 13546.327222222222
516.1275347159767, 12881.268333333333
470.1796406794516, 2140.8099999999995
515.6967479345718, 3342.2850000000003
517.4195838529922, 4429.680555555556
475.84528270819413, 1191.766111111111
514.8350188912955, 10825.411111111112
515.2659093195042, 14903.144444444444
514.8350188912955, 1650.5111111111114
517.4195838529922, 12019.604444444445
468.8709908927178, 1101.9588888888893
517.4195838529922, 650.4955555555557
516.5582696431964, 10796.284444444445
515.6967479345718, 10711.331666666667
514.8350188912955, 10582.68888888889
515.6967479345718, 9910.348333333333
514.8350188912955, 6111.745555555557
471.4878433566188, 1682.0650000000005
517.4195838529922, 6852.048333333333
516.9889526957089, 9988.019444444444
514.8350188912955, 8534.113333333335
514.8350188912955, 10344.821111111112
514.8350188912955, 11835.135555555556
514.8350188912955, 10475.891111111112
513.1109394574953, 9548.692222222222
517.8501630945242, 11332.700555555555
516.5582696431964, 21721.211666666666
515.6967479345718, 11798.727222222222
517.4195838529922, 10043.845555555556
517.4195838529922, 10138.507222222222
515.6967479345718, 12087.566666666666
517.4195838529922, 11274.447222222221
516.5582696431964, 13041.465
513.9730826775443, 11182.212777777777
516.5582696431964, 21815.873333333333
515.6967479345718, 11740.473888888888
517.4195838529922, 11157.940555555557
515.6967479345718, 5245.227222222222
515.6967479345718, 11551.150555555556
517.4195838529922, 9886.07611111111
514.8350188912955, 5400.569444444445
516.5582696431964, 11604.549444444445
515.6967479345718, 12801.17
516.5582696431964, 8832.661666666667
516.5582696431964, 12157.95611111111
517.4195838529922, 11480.761111111111
517.4195838529922, 10657.932777777776
517.4195838529922, 10543.853333333333
516.1275347159767, 11407.944444444445
515.6967479345718, 10808.420555555555
516.5582696431964, 11233.184444444445
517.8501630945242, 7674.876666666666
516.1275347159767, 9854.522222222222
516.9889526957089, 4427.253333333334
514.8350188912955, 7565.651666666667
517.4195838529922, 4395.699444444444
515.6967479345718, 11954.069444444443
515.6967479345718, 10257.441111111111
513.1109394574953, 9689.47111111111
517.4195838529922, 4614.149444444444
516.5582696431964, 8327.799444444445
471.4878433566188, 786.4200000000001
517.8501630945242, 1813.1350000000002
513.9730826775443, 6077.764444444445
516.9889526957089, 3412.6744444444444
516.5582696431964, 10738.031111111111
516.9889526957089, 11813.290555555555
513.1109394574953, 1635.947777777778
514.8350188912955, 12725.926111111112
471.4878433566188, 779.1383333333333
514.8350188912955, 1543.7133333333336
517.4195838529922, 14434.690555555557
513.1109394574953, 4415.117222222221
517.4195838529922, 13031.75611111111
517.4195838529922, 6922.437777777778
517.8501630945242, 1626.238888888889
514.8350188912955, 7866.627222222223
515.6967479345718, 4378.708888888888
515.6967479345718, 10179.769999999999
514.8350188912955, 4818.036111111111
514.8350188912955, 9655.49
472.35972980689826, 14140.996666666668
516.5582696431964, 10461.327777777778
517.4195838529922, 1235.456111111111
516.1275347159767, 11980.768888888888
518.7111657482452, 3301.0222222222224
517.8501630945242, 640.7866666666669
516.1275347159767, 4446.671111111111
517.4195838529922, 885.9361111111111
514.8350188912955, 11946.787777777778
475.84528270819413, 1526.722777777777
515.6967479345718, 7502.5438888888875
514.8350188912955, 10305.985555555557
517.8501630945242, 9808.404999999999
514.8350188912955, 1033.996666666667
516.1275347159767, 7781.674444444444
517.4195838529922, 1504.8777777777777
517.4195838529922, 3456.3644444444444
516.1275347159767, 13104.57277777778
516.5582696431964, 6140.872222222222
517.4195838529922, 7310.793333333334
514.8350188912955, 3376.2661111111115
517.8501630945242, 10818.129444444443
513.1109394574953, 2182.072777777778
515.6967479345718, 8699.164444444445
513.1109394574953, 1572.8399999999997
513.1109394574953, 4242.784444444444
515.2659093195042, 4242.784444444444
516.5582696431964, 13109.427222222223
516.1275347159767, 1495.1688888888893
516.1275347159767, 2682.0805555555553
513.1109394574953, 3635.9788888888884
514.8350188912955, 7983.1338888888895
517.8501630945242, 3616.561111111111
517.4195838529922, 10172.488333333335
515.6967479345718, 10213.75111111111
515.6967479345718, 8407.897777777778
516.5582696431964, 7730.7027777777785
513.1109394574953, 5254.93611111111
514.8350188912955, 7213.7044444444455
516.1275347159767, 9822.968333333334
516.9889526957089, 11417.653333333334
515.6967479345718, 10046.272777777778
516.5582696431964, 10871.528333333334
517.4195838529922, 9560.828333333335
514.8350188912955, 9262.28
513.1109394574953, 2849.5588888888883
514.8350188912955, 8519.550000000001
514.8350188912955, 7487.980555555556
516.5582696431964, 7487.980555555556
516.1275347159767, 9053.538888888888
513.9730826775443, 8822.952777777777
516.5582696431964, 7162.732777777777
513.1109394574953, 3325.2944444444443
513.1109394574953, 563.1155555555551
517.4195838529922, 9133.637222222223
514.8350188912955, 10983.180555555557
517.4195838529922, 1674.7833333333328
517.4195838529922, 2114.110555555555
516.5582696431964, 8218.574444444444
514.8350188912955, 504.8622222222225
517.4195838529922, 9587.527777777777
516.1275347159767, 9444.321666666667
517.8501630945242, 640.7866666666669
515.6967479345718, 7281.666666666666
515.6967479345718, 10449.191666666666
517.4195838529922, 1259.7283333333335
516.5582696431964, 12126.402222222223
514.8350188912955, 5949.121666666668
514.8350188912955, 3534.0355555555557
516.5582696431964, 9473.448333333334
516.5582696431964, 11461.343333333334
515.6967479345718, 6720.978333333333
516.5582696431964, 7915.171666666667
515.6967479345718, 13662.833888888888
513.1109394574953, 8689.455555555554
515.6967479345718, 10951.626666666667
517.8501630945242, 5990.384444444445
517.4195838529922, 4026.7616666666663
516.9889526957089, 13114.281666666668
515.6967479345718, 12034.167777777777
513.9730826775443, 10560.843888888889
515.2659093195042, 10560.843888888889
517.4195838529922, 10560.843888888889
515.6967479345718, 13048.746666666666
514.8350188912955, 3284.031666666667
515.6967479345718, 3747.6311111111113
515.6967479345718, 10400.647222222222
516.5582696431964, 1053.4144444444441
517.8501630945242, 723.3122222222223
515.6967479345718, 12398.25111111111
515.6967479345718, 12444.368333333332
515.6967479345718, 12852.141666666666
514.8350188912955, 4281.620000000001
513.9730826775443, 9034.121111111112
514.8350188912955, 7439.436111111112
516.5582696431964, 12140.965555555556
513.1109394574953, 10881.237222222222
517.4195838529922, 2822.8594444444443
515.6967479345718, 13131.272222222222
521.7230366733485, 1004.8699999999999
475.4097631897488, 1327.690555555555
517.8501630945242, 3686.950555555556
515.6967479345718, 2667.5172222222222
514.8350188912955, 8939.459444444445
515.6967479345718, 5436.977777777778
516.5582696431964, 1725.7549999999997
517.8501630945242, 6640.88
514.8350188912955, 1393.2255555555557
516.1275347159767, 12342.425
516.5582696431964, 2381.105
517.4195838529922, 5599.6016666666665
516.9889526957089, 7485.553333333333
514.4040766704684, 12883.695555555554
514.8350188912955, 985.4522222222226
516.1275347159767, 7805.946666666668
513.1109394574953, 2497.611666666666
516.1275347159767, 4966.096666666666
517.4195838529922, 13022.047222222223
513.9730826775443, 3354.4211111111113
515.6967479345718, 14051.189444444442
515.6967479345718, 10009.864444444444
513.1109394574953, 7242.831111111111
514.8350188912955, 8281.682222222224
515.6967479345718, 14043.907777777777
516.5582696431964, 14293.911666666669
514.8350188912955, 2946.6477777777777
514.8350188912955, 2902.957777777778
515.6967479345718, 7007.390555555556
515.2659093195042, 13500.210000000001
514.8350188912955, 5852.032777777778
514.8350188912955, 10886.091666666667
515.6967479345718, 5378.724444444444
515.6967479345718, 7250.1127777777765
515.6967479345718, 13412.83
516.9889526957089, 3611.7066666666665
518.7111657482452, 10745.312777777777
515.6967479345718, 12153.101666666666
515.6967479345718, 13240.497222222222
515.6967479345718, 13034.183333333332
515.6967479345718, 8458.869444444445
515.6967479345718, 6237.96111111111
514.8350188912955, 1004.8700000000003
516.1275347159767, 6696.706111111112
514.8350188912955, 1910.2238888888892
517.8501630945242, 12514.757777777777
516.5582696431964, 11434.64388888889
516.1275347159767, 3228.2055555555553
514.8350188912955, 10541.426111111112
516.1275347159767, 11255.029444444444
517.4195838529922, 2233.0444444444447
513.1109394574953, 2820.432222222222
516.5582696431964, 13769.631666666666
515.6967479345718, 14912.853333333334
472.7955983701221, 1905.3694444444445
517.8501630945242, 5599.6016666666665
473.23141713137244, 3415.1016666666665
516.1275347159767, 11890.961666666666
517.4195838529922, 609.2327777777778
516.5582696431964, 2798.587222222222
471.4878433566188, 1958.7683333333334
515.6967479345718, 4585.022777777778
472.35972980689826, 2169.9366666666665
514.8350188912955, 12272.035555555556
472.35972980689826, 11041.433888888889
513.1109394574953, 2638.3905555555552
513.9730826775443, 10949.199444444444
471.4878433566188, 20046.428333333337
517.4195838529922, 9223.444444444445
516.9889526957089, 7080.207222222223
516.1275347159767, 4706.383888888889
515.6967479345718, 11900.670555555555
471.4878433566188, 9021.985
516.5582696431964, 11881.252777777778
471.4878433566188, 2723.3433333333332
514.8350188912955, 9361.796111111113
517.4195838529922, 2784.023888888889
517.8501630945242, 4072.8788888888894
475.4097631897488, 1378.6622222222222
514.8350188912955, 3866.565
471.4878433566188, 1781.5811111111116
513.1109394574953, 4672.402777777777
515.6967479345718, 5274.353888888889
514.8350188912955, 6274.3694444444445
516.5582696431964, 6852.048333333334
514.8350188912955, 5201.537222222223
514.8350188912955, 871.3727777777781
519.1415891193901, 3046.1638888888883
514.8350188912955, 3682.0961111111114
517.4195838529922, 3075.2905555555553
517.4195838529922, 3024.318888888889
514.8350188912955, 519.425555555556
514.8350188912955, 8915.187222222223
514.8350188912955, 11983.196111111112
514.8350188912955, 11560.859444444444
514.8350188912955, 6883.602222222224
514.8350188912955, 10660.36
517.4195838529922, 13310.886666666665
514.8350188912955, 10094.817222222224
514.8350188912955, 6657.870555555557
472.35972980689826, 10488.027222222223
516.5582696431964, 7662.740555555556
474.53857439806194, 4992.796111111111
514.8350188912955, 3793.7483333333334
516.9889526957089, 14107.015555555556
473.23141713137244, 18320.673333333332
520.4325471636973, 2871.403888888889
470.6157579447109, 2660.235555555555
514.8350188912955, 11478.33388888889
473.23141713137244, 10745.312777777777
517.4195838529922, 2252.4622222222224
516.1275347159767, 8691.882777777777
514.8350188912955, 8123.912777777778
516.5582696431964, 13235.642777777779
516.5582696431964, 5878.732222222223
516.5582696431964, 13699.242222222221
471.4878433566188, 2684.507777777778
516.5582696431964, 5575.3294444444455
471.4878433566188, 2308.288333333334
514.8350188912955, 6279.22388888889
470.6157579447109, 4225.793888888889
516.9889526957089, 10451.61888888889
471.4878433566188, 6835.057777777778
516.5582696431964, 8818.098333333333
514.8350188912955, 8492.850555555557
471.4878433566188, 9951.611111111111
517.4195838529922, 13446.81111111111
473.23141713137244, 3220.9238888888885
514.8350188912955, 9238.007777777779
515.2659093195042, 13119.136111111111
470.6157579447109, 1968.4772222222218
516.9889526957089, 12153.101666666667
474.53857439806194, 1094.6772222222226
516.5582696431964, 5835.042222222222
515.6967479345718, 12587.574444444444
471.4878433566188, 2405.3772222222224
518.2806903997824, 11005.025555555556
475.84528270819413, 2606.836666666666
515.6967479345718, 10772.012222222222
515.6967479345718, 11604.549444444445
517.4195838529922, 11653.093888888889
469.30725713293293, 3563.162222222222
514.8350188912955, 11109.396111111111
472.35972980689826, 37779.71388888889
516.5582696431964, 12080.285
515.6967479345718, 6143.299444444445
466.2523522069386, 61391.73166666667
517.4195838529922, 8912.759999999998
514.4040766704684, 7682.158333333333
471.4878433566188, 5097.166666666666
516.1275347159767, 10623.951666666668
470.1796406794516, 4259.775
515.6967479345718, 7699.148888888889
471.4878433566188, 2876.258333333333
516.9889526957089, 8873.924444444445
478.4573502423987, 1519.4411111111112
516.1275347159767, 5983.102777777777
471.4878433566188, 4031.6161111111105
515.6967479345718, 9313.251666666667
470.1796406794516, 2932.0844444444447
515.2659093195042, 6575.345000000001
514.8350188912955, 11155.513333333334
513.9730826775443, 3660.251111111111
471.4878433566188, 2623.827222222222
517.4195838529922, 8213.720000000001
471.4878433566188, 1402.9344444444441
517.4195838529922, 12242.908888888887
513.1109394574953, 1220.8927777777776
475.84528270819413, 2169.9366666666665
517.4195838529922, 11653.093888888889
473.23141713137244, 1145.648888888889
517.4195838529922, 813.1194444444445
517.4195838529922, 9155.482222222221
517.4195838529922, 2441.785555555555
471.4878433566188, 1791.29
517.4195838529922, 6055.919444444445
472.7955983701221, 1861.679444444445
515.6967479345718, 3592.288888888889
516.9889526957089, 11905.525
514.8350188912955, 9650.635555555556
513.1109394574953, 5138.429444444444
514.8350188912955, 2412.6588888888887
514.8350188912955, 643.213888888889
514.8350188912955, 2825.2866666666673
471.4878433566188, 1492.7416666666668
516.1275347159767, 5284.062777777778
516.5582696431964, 3060.7272222222223
516.5582696431964, 6211.261666666667
514.8350188912955, 11441.925555555556
470.1796406794516, 2245.1805555555557
513.1109394574953, 3953.945
473.66718607012734, 1410.2161111111109
514.8350188912955, 4288.901666666667
515.6967479345718, 11388.526666666667
471.4878433566188, 4012.1983333333337
517.4195838529922, 10779.29388888889
475.4097631897488, 2609.2638888888887
517.4195838529922, 1580.121666666667
514.8350188912955, 12386.115
473.23141713137244, 2121.392222222222
516.5582696431964, 11361.827222222222
517.4195838529922, 5128.720555555556
514.8350188912955, 9696.752777777778
515.6967479345718, 3461.218888888889
514.8350188912955, 2900.5305555555556
475.4097631897488, 2747.615555555555
517.4195838529922, 7072.925555555555
520.4325471636973, 1383.5166666666669
518.7111657482452, 946.6166666666668
520.4325471636973, 946.6166666666668
514.8350188912955, 2084.9838888888894
471.4878433566188, 4745.219444444445
516.9889526957089, 10626.37888888889
520.4325471636973, 2322.8516666666665
513.1109394574953, 3150.534444444444
514.8350188912955, 3038.882222222222
514.8350188912955, 5713.681111111111
515.6967479345718, 10524.435555555556
520.4325471636973, 716.0305555555556
516.1275347159767, 9983.165
513.1109394574953, 577.6788888888887
515.6967479345718, 2919.9483333333333
515.6967479345718, 10439.482777777777
514.8350188912955, 9898.212222222222
517.4195838529922, 5978.248333333334
513.1109394574953, 3053.4455555555555
513.1109394574953, 5883.586666666666
516.9889526957089, 9992.87388888889
517.8501630945242, 9514.711111111112
516.1275347159767, 10718.613333333335
514.8350188912955, 10730.749444444446
514.8350188912955, 10024.427777777779
514.8350188912955, 2609.263888888889
515.6967479345718, 10262.295555555555
475.84528270819413, 2672.371666666666
517.4195838529922, 5269.499444444445
520.4325471636973, 747.5844444444447
514.8350188912955, 10393.365555555556
475.84528270819413, 1366.5261111111104
514.8350188912955, 2878.685555555556
516.5582696431964, 10886.091666666667
514.8350188912955, 3822.8750000000005
469.30725713293293, 3662.6783333333333
515.6967479345718, 3155.388888888889
513.1109394574953, 2211.199444444444
471.05182551060733, 1456.333333333333
515.6967479345718, 5781.643333333333
514.8350188912955, 5699.117777777779
475.84528270819413, 1053.4144444444437
520.4325471636973, 1036.423888888889
471.4878433566188, 4905.416111111112
514.8350188912955, 3723.3588888888894
472.35972980689826, 5145.711111111112
515.6967479345718, 5628.728333333333
516.1275347159767, 1269.4372222222223
475.84528270819413, 1599.5394444444437
513.9730826775443, 6165.144444444444
475.4097631897488, 3271.895555555555
517.4195838529922, 2551.0105555555556
514.8350188912955, 10849.683333333334
470.1796406794516, 3961.2266666666656
514.8350188912955, 4444.243888888888
515.6967479345718, 11085.12388888889
516.9889526957089, 4708.811111111112
514.8350188912955, 2752.47
471.4878433566188, 1351.9627777777778
513.1109394574953, 1252.4466666666663
515.6967479345718, 4366.572777777777
514.8350188912955, 8068.086666666668
469.30725713293293, 2854.413333333333
515.6967479345718, 3832.583888888889
514.8350188912955, 669.9133333333334
517.8501630945242, 1325.2633333333333
472.35972980689826, 4245.211666666666
514.8350188912955, 2519.4566666666665
473.66718607012734, 2652.953888888889
515.6967479345718, 3652.9694444444444
475.4097631897488, 2754.897222222222
515.6967479345718, 3342.2850000000003
513.1109394574953, 876.2272222222218
514.8350188912955, 7966.143333333333
513.1109394574953, 1587.4033333333332
470.6157579447109, 1434.4883333333328
517.8501630945242, 1296.1366666666668
517.4195838529922, 1762.163333333333
514.8350188912955, 2186.927222222222
471.4878433566188, 6810.785555555556
515.6967479345718, 3582.5800000000004
514.8350188912955, 618.9416666666671
514.8350188912955, 9366.650555555556
513.9730826775443, 6752.532222222222
474.53857439806194, 2509.7477777777776
517.4195838529922, 4898.134444444444
514.8350188912955, 6585.05388888889
471.4878433566188, 9230.726111111111
516.9889526957089, 9628.790555555555
516.1275347159767, 1820.416666666667
513.5420369330461, 1104.3861111111114
514.8350188912955, 3262.186666666667
475.84528270819413, 3155.3888888888887
517.4195838529922, 1803.426111111111
517.4195838529922, 985.4522222222222
516.5582696431964, 2436.9311111111106
513.1109394574953, 584.9605555555554
517.4195838529922, 1565.5583333333334
517.4195838529922, 1225.7472222222223
515.6967479345718, 1155.3577777777778
516.9889526957089, 737.8755555555558
471.4878433566188, 59243.64
514.8350188912955, 8568.094444444445
473.66718607012734, 1046.1327777777778
517.4195838529922, 922.3444444444444
520.4325471636973, 1189.338888888889
513.9730826775443, 12223.49111111111
471.4878433566188, 5415.132777777779
516.5582696431964, 2854.4133333333334
514.8350188912955, 4327.737222222222
514.8350188912955, 10121.516666666668
517.8501630945242, 1723.3277777777776
516.1275347159767, 9291.406666666666
514.8350188912955, 2279.1616666666673
516.5582696431964, 701.4672222222221
514.8350188912955, 4369.0
471.4878433566188, 9417.622222222222
517.4195838529922, 3577.7255555555557
516.5582696431964, 9172.472777777779
471.4878433566188, 7776.82
514.8350188912955, 3089.8538888888893
517.4195838529922, 3116.5533333333333
517.8501630945242, 1803.426111111111
514.8350188912955, 1267.0100000000002
516.1275347159767, 4900.5616666666665
513.1109394574953, 1402.9344444444441
514.8350188912955, 3689.377777777778
518.7111657482452, 1548.5677777777778
517.4195838529922, 4667.548333333333
513.1109394574953, 1424.7794444444444
513.1109394574953, 1126.2311111111107
519.1415891193901, 1774.299444444444
468.8709908927178, 1473.323888888889
517.4195838529922, 1623.8116666666665
514.8350188912955, 2373.8233333333333
519.5719604926952, 2966.0655555555554
513.1109394574953, 1677.210555555555
516.5582696431964, 3196.651666666666
517.8501630945242, 1837.4072222222221
516.1275347159767, 14410.418333333335
516.1275347159767, 13594.871666666666
514.8350188912955, 1393.2255555555557
515.6967479345718, 13806.039999999999
516.9889526957089, 9376.359444444444
513.1109394574953, 4902.988888888889
514.8350188912955, 4303.465
515.6967479345718, 15434.706111111109
514.8350188912955, 15548.785555555558
517.4195838529922, 14196.82277777778
515.6967479345718, 15218.683333333332
514.8350188912955, 963.6072222222224
517.8501630945242, 2216.0538888888887
514.8350188912955, 9352.087222222222
515.6967479345718, 3235.4872222222225
469.30725713293293, 2007.3127777777772
516.5582696431964, 2774.315
472.35972980689826, 2587.4188888888884
513.1109394574953, 1963.6227777777772
513.1109394574953, 1167.4938888888887
514.8350188912955, 3330.1488888888894
471.4878433566188, 1538.858888888889
514.8350188912955, 2742.7611111111114
520.4325471636973, 1344.681111111111
516.1275347159767, 12063.294444444444
514.8350188912955, 11876.398333333334
517.4195838529922, 1240.3105555555553
518.7111657482452, 553.4066666666668
513.1109394574953, 4087.4422222222224
513.1109394574953, 3934.5272222222225
515.6967479345718, 13160.398888888889
475.84528270819413, 2043.721111111111
517.4195838529922, 1422.3522222222218
515.6967479345718, 3303.449444444444
515.6967479345718, 1803.4261111111114
516.5582696431964, 15662.865
516.5582696431964, 2747.6155555555556
514.8350188912955, 8553.531111111111
514.8350188912955, 1179.63
475.84528270819413, 1017.0061111111108
518.7111657482452, 3216.069444444445
514.8350188912955, 1555.8494444444445
516.1275347159767, 521.8527777777776
516.1275347159767, 9776.851111111111
518.7111657482452, 786.4200000000001
471.4878433566188, 4405.408333333333
516.5582696431964, 13306.032222222222
515.6967479345718, 14410.418333333333
515.6967479345718, 2007.3127777777777
518.2806903997824, 3740.3494444444445
513.9730826775443, 12279.317222222222
517.4195838529922, 7366.619444444444
474.53857439806194, 2344.6966666666667
516.5582696431964, 7483.126111111111
516.5582696431964, 8495.277777777777
515.6967479345718, 2000.031111111111
471.4878433566188, 10347.248333333333
514.4040766704684, 3774.3305555555557
515.6967479345718, 3553.4533333333334
471.4878433566188, 4859.2988888888885
518.7111657482452, 3740.3494444444445
516.1275347159767, 12769.61611111111
471.4878433566188, 922.3444444444449
514.8350188912955, 10153.070555555556
516.1275347159767, 5599.6016666666665
513.1109394574953, 1155.3577777777778
514.4040766704684, 1567.9855555555555
516.5582696431964, 7589.9238888888885
516.5582696431964, 14820.618888888888
516.1275347159767, 3065.581666666667
474.97419374619733, 956.3255555555552
514.8350188912955, 3026.746111111111
517.8501630945242, 808.2649999999999
471.4878433566188, 1526.722777777778
514.8350188912955, 5055.90388888889
520.4325471636973, 691.7583333333332
520.4325471636973, 1655.3655555555551
514.8350188912955, 3415.101666666667
470.1796406794516, 4169.967777777778
514.8350188912955, 2975.7744444444447
515.6967479345718, 9788.987222222222
518.7111657482452, 2172.3638888888886
473.23141713137244, 4587.450000000001
515.6967479345718, 4818.036111111111
516.5582696431964, 2201.4905555555556
514.8350188912955, 3385.975
515.6967479345718, 10512.299444444445
517.4195838529922, 10165.206666666665
516.1275347159767, 9905.49388888889
516.1275347159767, 1526.722777777778
471.4878433566188, 7439.436111111112
515.6967479345718, 10597.252222222221
514.8350188912955, 11975.914444444445
514.8350188912955, 2051.002777777778
517.4195838529922, 2473.339444444445
517.4195838529922, 3759.767222222222
513.1109394574953, 1274.2916666666665
516.5582696431964, 2589.8461111111114
516.5582696431964, 8386.052777777779
516.5582696431964, 10611.815555555557
517.4195838529922, 4133.559444444444
471.4878433566188, 3686.950555555555
514.8350188912955, 3820.447777777778
517.4195838529922, 3458.791666666667
471.4878433566188, 1000.0155555555557
519.1415891193901, 2526.738333333333
514.8350188912955, 3563.1622222222227
518.7111657482452, 844.6733333333336
514.8350188912955, 8325.372222222222
514.4040766704684, 6869.038888888888
520.4325471636973, 4939.397222222222
514.8350188912955, 3859.2833333333333
514.8350188912955, 3131.1166666666672
516.1275347159767, 6327.7683333333325
513.1109394574953, 1179.6299999999997
517.4195838529922, 2949.075
475.84528270819413, 2339.8422222222216
516.1275347159767, 10585.11611111111
517.4195838529922, 10585.11611111111
516.9889526957089, 1191.766111111111
516.9889526957089, 9077.811111111112
516.1275347159767, 1919.932777777778
517.4195838529922, 934.4805555555554
515.6967479345718, 4563.177777777777
515.2659093195042, 7869.054444444444
517.4195838529922, 8024.3966666666665
517.8501630945242, 2429.6494444444443
516.5582696431964, 3189.3699999999994
515.2659093195042, 1580.1216666666664
515.6967479345718, 3310.7311111111107
475.4097631897488, 3750.0583333333325
516.5582696431964, 3519.472222222222
517.4195838529922, 2898.1033333333335
471.4878433566188, 1422.3522222222227
514.8350188912955, 1548.5677777777778
517.4195838529922, 4859.2988888888885
516.5582696431964, 2313.1427777777776
513.1109394574953, 1419.9249999999997
516.5582696431964, 6514.664444444445
516.1275347159767, 9704.034444444445
516.5582696431964, 9808.405
517.4195838529922, 10065.690555555557
514.8350188912955, 10208.896666666667
517.4195838529922, 956.3255555555556
516.1275347159767, 8912.759999999998
516.1275347159767, 10250.159444444445
517.4195838529922, 662.6316666666667
475.4097631897488, 1524.2955555555554
517.8501630945242, 2868.9766666666665
520.4325471636973, 1436.9155555555558
515.6967479345718, 3310.7311111111107
471.4878433566188, 2490.33
513.1109394574953, 1970.904444444444
516.5582696431964, 3648.1150000000002
473.23141713137244, 1570.4127777777776
517.4195838529922, 720.8849999999998
517.8501630945242, 7395.746111111111
516.1275347159767, 9458.884999999998
514.8350188912955, 750.0116666666668
514.8350188912955, 1160.2122222222224
514.8350188912955, 11934.651666666667
515.6967479345718, 8182.16611111111
514.8350188912955, 2359.2600000000007
514.8350188912955, 6808.358333333334
475.84528270819413, 4490.36111111111
514.8350188912955, 3949.090555555556
516.5582696431964, 6830.203333333333
514.8350188912955, 1791.2900000000004
517.8501630945242, 3657.823888888889
514.8350188912955, 1677.2105555555559
516.9889526957089, 16563.364444444444
517.4195838529922, 650.4955555555557
514.8350188912955, 2834.9955555555557
521.7230366733485, 730.5938888888886
514.8350188912955, 14723.530000000002
515.6967479345718, 9339.951111111111
516.9889526957089, 4305.892222222223
471.4878433566188, 4063.17
517.4195838529922, 2572.855555555556
515.6967479345718, 3106.8444444444444
515.6967479345718, 7403.027777777777
513.1109394574953, 548.5522222222221
513.1109394574953, 3332.576111111111
517.4195838529922, 7633.613888888888
514.8350188912955, 575.251666666667
516.9889526957089, 2689.3622222222225
515.6967479345718, 4213.657777777778
514.8350188912955, 2233.0444444444443
513.9730826775443, 13696.814999999999
514.8350188912955, 3184.515555555556
515.2659093195042, 10441.91
471.4878433566188, 8684.601111111111
517.4195838529922, 3626.2699999999995
516.9889526957089, 9512.28388888889
514.8350188912955, 11623.967222222223
521.2929255970745, 1458.7605555555551
516.9889526957089, 4393.272222222222
518.7111657482452, 7468.562777777777
470.1796406794516, 2303.4338888888888
516.5582696431964, 2563.146666666667
516.5582696431964, 15097.322222222223
515.6967479345718, 5655.427777777777
514.8350188912955, 7123.897222222224
477.5868611204718, 1143.2216666666664
515.6967479345718, 2718.4888888888886
514.8350188912955, 11060.851666666667
514.8350188912955, 7383.610000000001
470.6157579447109, 6995.254444444445
515.6967479345718, 6963.700555555555
473.66718607012734, 750.0116666666663
513.1109394574953, 3029.1733333333327
473.23141713137244, 3898.1188888888883
514.8350188912955, 4463.661666666667
516.1275347159767, 16456.56666666667
473.66718607012734, 1216.038333333333
514.8350188912955, 2808.2961111111113
514.8350188912955, 4975.805555555557
517.4195838529922, 3919.9638888888885
471.4878433566188, 4371.427222222223
515.6967479345718, 3895.691666666667
517.8501630945242, 5611.737777777777
516.9889526957089, 2776.7422222222226
515.6967479345718, 11791.445555555554
515.6967479345718, 3531.608333333333
514.8350188912955, 6298.641666666668
514.8350188912955, 1953.9138888888888
516.5582696431964, 12259.899444444445
517.4195838529922, 2412.658888888889
475.4097631897488, 978.1705555555554
517.8501630945242, 2225.762777777778
518.7111657482452, 3084.999444444444
516.5582696431964, 15590.048333333334
514.8350188912955, 6369.031111111111
514.8350188912955, 1281.5733333333337
516.5582696431964, 3720.931666666667
517.4195838529922, 2820.4322222222218
516.1275347159767, 11403.09
517.4195838529922, 1473.323888888889
516.5582696431964, 1832.5527777777775
516.5582696431964, 8400.616111111112
515.6967479345718, 4402.98111111111
517.4195838529922, 3123.835
515.6967479345718, 1444.1972222222225
514.8350188912955, 2531.5927777777783
518.2806903997824, 2834.9955555555557
516.5582696431964, 8225.856111111112
516.9889526957089, 14361.87388888889
471.4878433566188, 5369.015555555556
475.4097631897488, 5369.015555555556
515.6967479345718, 9356.941666666666
515.6967479345718, 7558.369999999999
514.8350188912955, 679.6222222222223
515.6967479345718, 8495.277777777777
517.8501630945242, 4551.041666666667
513.1109394574953, 1385.9438888888885
514.8350188912955, 1070.4050000000002
475.84528270819413, 1031.5694444444443
513.1109394574953, 2635.9633333333336
516.9889526957089, 5907.85888888889
515.6967479345718, 3376.2661111111115
515.6967479345718, 7844.782222222222
516.9889526957089, 5322.898333333333
517.4195838529922, 1699.0555555555557
517.8501630945242, 8500.132222222222
514.8350188912955, 1618.9572222222228
516.5582696431964, 3502.481666666666
514.8350188912955, 5716.108333333334
515.6967479345718, 10206.469444444443
515.6967479345718, 11415.226111111111
513.1109394574953, 4043.752222222222
515.6967479345718, 12890.977222222222
516.9889526957089, 12890.977222222222
517.4195838529922, 2288.8705555555553
514.8350188912955, 4628.712777777779
518.7111657482452, 3689.377777777778
514.8350188912955, 825.2555555555559
475.84528270819413, 1373.8077777777771
520.4325471636973, 900.4994444444446
516.9889526957089, 3888.4100000000003
516.1275347159767, 8762.272222222222
514.8350188912955, 13211.370555555557
513.1109394574953, 2497.611666666666
515.6967479345718, 2677.2261111111106
515.6967479345718, 11796.3
517.4195838529922, 15645.874444444446
514.8350188912955, 1774.2994444444444
517.4195838529922, 3072.8633333333337
518.7111657482452, 2628.681666666667
515.6967479345718, 5228.236666666666
513.1109394574953, 3898.1188888888887
475.4097631897488, 2400.5227777777773
513.1109394574953, 2606.8366666666666
517.4195838529922, 9366.650555555556
514.8350188912955, 2502.4661111111113
514.8350188912955, 1847.116111111111
515.6967479345718, 898.0722222222221
520.4325471636973, 500.00777777777785
516.5582696431964, 939.335
514.8350188912955, 1805.853333333334
520.4325471636973, 638.3594444444443
514.8350188912955, 1871.3883333333338
516.1275347159767, 6386.0216666666665
516.1275347159767, 10475.891111111112
517.8501630945242, 699.04
513.1109394574953, 888.3633333333332
470.1796406794516, 1873.815555555555
517.8501630945242, 1674.7833333333338
516.9889526957089, 3509.763333333334
514.8350188912955, 6138.4450000000015
514.8350188912955, 922.3444444444449
516.5582696431964, 9238.007777777779
516.5582696431964, 5247.654444444444
513.9730826775443, 7946.725555555555
514.8350188912955, 2985.483333333333
514.8350188912955, 2218.4811111111117
518.7111657482452, 1361.6716666666666
514.4040766704684, 10187.051666666666
516.1275347159767, 10364.238888888889
513.1109394574953, 1017.0061111111108
517.4195838529922, 1861.679444444444
513.1109394574953, 980.5977777777775
514.8350188912955, 7398.173333333334
517.4195838529922, 2740.3338888888884
514.8350188912955, 2359.2600000000007
514.8350188912955, 2155.3733333333334
514.8350188912955, 1196.6205555555557
473.23141713137244, 2905.385
518.7111657482452, 1929.6416666666669
517.4195838529922, 558.261111111111
513.1109394574953, 541.2705555555553
516.9889526957089, 2767.0333333333333
516.9889526957089, 6072.91
514.8350188912955, 8648.192777777778
516.1275347159767, 1944.205
517.8501630945242, 1383.5166666666669
516.1275347159767, 9187.036111111112
517.8501630945242, 4791.336666666667
513.9730826775443, 5458.822777777777
517.8501630945242, 2186.9272222222226
514.8350188912955, 5888.441111111111
516.1275347159767, 5597.174444444444
514.8350188912955, 8038.960000000001
517.4195838529922, 6211.261666666666
514.8350188912955, 548.5522222222226
515.6967479345718, 2953.9294444444445
514.8350188912955, 1822.843888888889
515.2659093195042, 7992.842777777778
517.4195838529922, 8398.18888888889
513.1109394574953, 2716.061666666666
516.1275347159767, 9177.327222222222
514.8350188912955, 3284.031666666667
520.4325471636973, 2752.4700000000003
514.8350188912955, 1623.811666666667
514.8350188912955, 594.6694444444447
516.1275347159767, 3487.918333333333
513.1109394574953, 550.9794444444442
517.8501630945242, 1279.1461111111112
514.8350188912955, 4771.918888888889
514.8350188912955, 6507.382777777779
515.6967479345718, 7327.783888888889
516.5582696431964, 6359.322222222223
514.8350188912955, 5655.427777777779
517.4195838529922, 667.4861111111109
520.4325471636973, 1919.932777777778
513.1109394574953, 703.8944444444442
513.1109394574953, 1575.2672222222222
513.1109394574953, 4109.287222222221
514.8350188912955, 3660.251111111111
469.30725713293293, 2703.9255555555555
516.1275347159767, 2813.150555555556
518.2806903997824, 5293.771666666667
514.8350188912955, 9907.921111111113
515.6967479345718, 5745.234999999999
515.6967479345718, 4262.202222222222
513.1109394574953, 10815.702222222222
516.1275347159767, 8128.767222222222
515.6967479345718, 10449.191666666666
513.1109394574953, 4754.928333333333
514.8350188912955, 553.4066666666668
513.1109394574953, 1342.253888888889
520.0022798476382, 2684.5077777777774
515.6967479345718, 2497.611666666666
514.8350188912955, 2958.7838888888887
516.5582696431964, 9145.773333333334
517.4195838529922, 8563.240000000002
513.1109394574953, 8504.986666666666
513.1109394574953, 939.335
514.8350188912955, 8704.01888888889
513.1109394574953, 674.7677777777776
514.8350188912955, 4995.223333333333
517.8501630945242, 1915.0783333333338
516.1275347159767, 6262.233333333333
514.8350188912955, 3878.701111111111
514.8350188912955, 1951.4866666666671
512.6797902714144, 2868.976666666667
516.1275347159767, 8883.633333333335
515.6967479345718, 8422.46111111111
522.5831024424566, 650.4955555555557
516.1275347159767, 1854.3977777777782
517.4195838529922, 2616.5455555555554
475.4097631897488, 1699.0555555555547
513.1109394574953, 2097.1199999999994
517.4195838529922, 10626.378888888888
517.8501630945242, 3856.856111111111
517.4195838529922, 6463.692777777777
514.8350188912955, 1696.6283333333336
518.7111657482452, 2019.4488888888886
517.4195838529922, 1699.0555555555557
514.8350188912955, 3121.407777777778
514.8350188912955, 1577.6944444444448
517.4195838529922, 3461.2188888888886
515.6967479345718, 6701.560555555556
517.4195838529922, 2837.422777777778
514.8350188912955, 5577.756666666668
516.5582696431964, 9538.983333333334
516.5582696431964, 7813.228333333334
513.1109394574953, 2919.9483333333333
471.4878433566188, 1014.5788888888892
516.5582696431964, 975.7433333333333
475.84528270819413, 3390.8294444444437
514.8350188912955, 2686.935
513.1109394574953, 808.2649999999999
517.4195838529922, 3776.757777777778
520.4325471636973, 2560.719444444445
515.6967479345718, 1711.191666666667
471.4878433566188, 1934.4961111111115
514.8350188912955, 2322.851666666667
514.8350188912955, 2359.2600000000007
517.4195838529922, 4364.145555555556
517.8501630945242, 4866.580555555555
514.8350188912955, 7143.3150000000005
513.1109394574953, 1339.8266666666664
514.8350188912955, 8102.067777777778
514.8350188912955, 2633.536111111111
517.8501630945242, 1895.6605555555552
518.7111657482452, 4092.2966666666666
513.1109394574953, 1114.0949999999998
518.2806903997824, 2043.7211111111105
514.8350188912955, 4402.981111111112
513.1109394574953, 2927.23
472.35972980689826, 2611.6911111111112
514.8350188912955, 2502.4661111111113
516.5582696431964, 3594.7161111111113
514.8350188912955, 1657.7927777777782
514.8350188912955, 1514.5866666666666
520.4325471636973, 2623.827222222222
513.1109394574953, 1725.7549999999997
518.2806903997824, 1631.0933333333328
516.5582696431964, 1881.0972222222222
520.4325471636973, 682.0494444444444
515.6967479345718, 3320.44
472.35972980689826, 4055.8883333333324
517.4195838529922, 1983.0405555555553
516.1275347159767, 4021.907222222222
523.4429595634975, 575.2516666666666
514.8350188912955, 2618.9727777777784
517.4195838529922, 609.2327777777778
517.8501630945242, 3133.5438888888893
517.4195838529922, 2643.245
517.8501630945242, 1400.5072222222225
515.6967479345718, 4723.374444444444
517.4195838529922, 9500.147777777776
514.8350188912955, 2570.4283333333337
514.8350188912955, 1429.633888888889
514.8350188912955, 6587.481111111112
516.9889526957089, 5803.488333333335
516.5582696431964, 4349.582222222221
513.1109394574953, 2900.5305555555556
514.8350188912955, 6915.156111111111
514.8350188912955, 3648.1150000000002
517.8501630945242, 526.7072222222223
516.5582696431964, 672.3405555555555
517.4195838529922, 2611.6911111111112
514.8350188912955, 4000.0622222222223
471.4878433566188, 1716.0461111111108
517.4195838529922, 2400.5227777777773
517.4195838529922, 12216.209444444445
473.23141713137244, 1500.0233333333335
514.8350188912955, 1917.505555555556
514.8350188912955, 1361.671666666667
513.1109394574953, 2177.218333333333
520.4325471636973, 1330.117777777778
518.2806903997824, 2242.7533333333336
514.8350188912955, 1165.066666666667
513.1109394574953, 1055.8416666666667
514.8350188912955, 1196.6205555555557
517.8501630945242, 512.1438888888888
471.4878433566188, 8325.372222222222
516.9889526957089, 3660.251111111111
471.4878433566188, 1949.0594444444441
516.5582696431964, 4305.892222222223
514.8350188912955, 2648.0994444444445
514.8350188912955, 2169.936666666667
513.1109394574953, 5898.15
514.8350188912955, 5592.3200000000015
516.9889526957089, 9927.33888888889
515.2659093195042, 8526.831666666667
514.8350188912955, 11257.456666666667
514.8350188912955, 5068.040000000001
522.5831024424566, 667.4861111111113
515.6967479345718, 9922.484444444444
471.4878433566188, 3233.0600000000004
516.5582696431964, 9985.592222222223
513.1109394574953, 1216.038333333333
520.4325471636973, 507.2894444444446
516.5582696431964, 7427.300000000001
517.4195838529922, 5427.268888888889
518.2806903997824, 1453.906111111111
471.4878433566188, 5252.5088888888895
520.4325471636973, 3162.6705555555554
520.4325471636973, 2065.5661111111112
516.5582696431964, 3951.5177777777776
513.1109394574953, 560.688333333333
471.4878433566188, 5315.616666666667
518.7111657482452, 2701.4983333333334
517.4195838529922, 2131.101111111111
514.8350188912955, 939.335
517.4195838529922, 5769.507222222222
516.5582696431964, 5786.4977777777785
513.5420369330461, 4390.845
514.8350188912955, 10526.862777777778
515.6967479345718, 9373.932222222222
516.9889526957089, 4905.416111111112
515.6967479345718, 11065.70611111111
516.5582696431964, 8626.347777777779
514.8350188912955, 997.5883333333336
474.53857439806194, 694.1855555555558
522.5831024424566, 594.6694444444447
517.4195838529922, 1987.8949999999995
514.8350188912955, 3468.500555555556
514.8350188912955, 2504.893333333334
515.6967479345718, 10954.053888888888
513.1109394574953, 3128.6894444444447
517.8501630945242, 2279.161666666667
514.8350188912955, 2269.452777777778
515.6967479345718, 10063.263333333332
514.8350188912955, 587.387777777778
513.1109394574953, 5279.208333333334
517.4195838529922, 11424.935000000001
516.1275347159767, 10114.235
515.6967479345718, 8429.742777777778
517.4195838529922, 10466.182222222222
514.8350188912955, 2184.5000000000005
516.5582696431964, 2635.9633333333336
516.5582696431964, 5640.864444444445
516.1275347159767, 9597.236666666668
520.4325471636973, 2177.2183333333332
470.1796406794516, 796.1288888888885
514.8350188912955, 9755.006111111112
516.5582696431964, 2152.946111111111
513.1109394574953, 745.1572222222221
514.4040766704684, 6762.2411111111105
517.4195838529922, 3400.538333333333
517.8501630945242, 2264.5983333333334
519.1415891193901, 7682.158333333333
516.9889526957089, 6798.649444444445
517.8501630945242, 2276.7344444444443
516.5582696431964, 5905.431666666667
514.8350188912955, 5939.412777777778
517.4195838529922, 7517.107222222222
517.4195838529922, 2631.108888888889
515.6967479345718, 1902.9422222222224
514.8350188912955, 13327.877222222223
517.4195838529922, 7004.963333333334
513.1109394574953, 8383.625555555554
514.4040766704684, 8383.625555555554
517.4195838529922, 8922.468888888889
515.6967479345718, 2167.5094444444444
516.5582696431964, 11473.479444444445
515.6967479345718, 7145.742222222221
513.5420369330461, 3953.9449999999997
513.1109394574953, 7153.023888888889
515.6967479345718, 12223.49111111111
516.5582696431964, 2458.776111111111
516.9889526957089, 2349.5511111111114
514.8350188912955, 1665.074444444445
520.4325471636973, 519.4255555555555
517.4195838529922, 621.3688888888887
517.4195838529922, 4735.510555555556
517.4195838529922, 1793.7172222222225
470.1796406794516, 1686.9194444444438
475.84528270819413, 1686.9194444444438
516.5582696431964, 1172.3483333333334
513.1109394574953, 12301.162222222221
471.4878433566188, 1223.3199999999997
517.8501630945242, 2034.0122222222226
516.5582696431964, 7162.732777777777
515.6967479345718, 4966.096666666666
513.1109394574953, 10000.155555555555
513.1109394574953, 618.9416666666666
514.8350188912955, 2184.5000000000005
520.4325471636973, 1657.7927777777777
520.4325471636973, 2254.889444444444
516.5582696431964, 2211.199444444444
520.4325471636973, 779.1383333333333
515.6967479345718, 9553.546666666667
516.5582696431964, 8298.672777777778
515.6967479345718, 12466.213333333333
516.5582696431964, 11267.165555555555
519.1415891193901, 888.3633333333332
513.1109394574953, 742.73
517.4195838529922, 742.73
516.1275347159767, 11427.362222222222
514.8350188912955, 5888.441111111111
517.4195838529922, 601.951111111111
516.1275347159767, 10704.05
515.6967479345718, 779.1383333333333
515.6967479345718, 11344.836666666666
513.1109394574953, 11852.12611111111
517.4195838529922, 10645.796666666665
516.5582696431964, 5194.2555555555555
514.8350188912955, 4114.141666666666
515.6967479345718, 10473.463888888888
515.6967479345718, 11068.133333333333
516.5582696431964, 12031.740555555556
516.1275347159767, 12007.468333333334
514.8350188912955, 11022.016111111112
514.4040766704684, 12153.101666666666
517.8501630945242, 3580.1527777777783
516.1275347159767, 10912.79111111111
517.4195838529922, 2148.0916666666662
513.1109394574953, 922.3444444444444
516.1275347159767, 5174.837777777778
468.8709908927178, 1898.0877777777778
518.7111657482452, 4356.863888888889
514.8350188912955, 1065.550555555556
471.4878433566188, 3694.232222222223
513.1109394574953, 2708.78
512.2485893953253, 609.2327777777778
514.8350188912955, 2631.1088888888894
514.8350188912955, 7922.453333333335
514.8350188912955, 1155.3577777777782
516.1275347159767, 8099.640555555555
515.6967479345718, 4315.601111111111
514.8350188912955, 1961.1955555555555
517.4195838529922, 1330.1177777777775
513.1109394574953, 4616.576666666666
520.4325471636973, 2131.101111111111
513.1109394574953, 6674.861111111111
515.6967479345718, 2441.7855555555557
517.8501630945242, 1305.8455555555556
514.8350188912955, 4939.397222222222
514.8350188912955, 6019.511111111111
514.4040766704684, 5094.7394444444435
516.5582696431964, 4553.468888888889
517.8501630945242, 1487.8872222222226
513.1109394574953, 3296.1677777777772
514.8350188912955, 2582.5644444444447
517.8501630945242, 3657.823888888889
513.1109394574953, 713.603333333333
471.4878433566188, 2291.297777777778
514.8350188912955, 2735.4794444444447
514.8350188912955, 1504.8777777777782
514.8350188912955, 2837.4227777777783
475.4097631897488, 4623.858333333334
517.8501630945242, 2577.71
515.6967479345718, 10966.189999999999
513.1109394574953, 966.034444444444
518.2806903997824, 8934.605
516.5582696431964, 11531.732777777777
514.8350188912955, 5621.446666666667
513.1109394574953, 1315.5544444444445
514.8350188912955, 1315.5544444444445
513.1109394574953, 10531.717222222222
515.6967479345718, 4339.873333333333
514.8350188912955, 4597.158888888889
515.6967479345718, 5774.361666666666
471.4878433566188, 5866.596111111112
515.6967479345718, 10293.849444444444
517.4195838529922, 1182.0572222222222
515.2659093195042, 7444.290555555555
514.8350188912955, 11383.672222222223
515.6967479345718, 2429.6494444444447
514.8350188912955, 1890.8061111111115
516.5582696431964, 9980.737777777778
520.4325471636973, 718.4577777777777
517.4195838529922, 5099.593888888889
513.1109394574953, 3034.027777777778
513.1109394574953, 3604.4249999999997
514.4040766704684, 3604.4249999999997
514.4040766704684, 1512.159444444444
517.4195838529922, 1682.0649999999996
515.2659093195042, 5592.32
520.4325471636973, 533.988888888889
516.5582696431964, 3492.7727777777777
522.5831024424566, 560.6883333333335
516.5582696431964, 7633.613888888889
513.1109394574953, 1490.3144444444447
471.4878433566188, 550.9794444444442
513.1109394574953, 2077.7022222222217
514.8350188912955, 2334.987777777778
517.4195838529922, 2216.0538888888887
515.6967479345718, 2822.8594444444448
517.4195838529922, 3565.589444444445
513.1109394574953, 1165.0666666666666
514.8350188912955, 9021.985
514.8350188912955, 2701.4983333333334
515.6967479345718, 7386.037222222221
468.8709908927178, 1089.8227777777784
520.4325471636973, 1033.996666666667
515.6967479345718, 8971.013333333332
471.4878433566188, 2592.2733333333335
515.6967479345718, 2769.460555555556
513.1109394574953, 5713.681111111111
515.2659093195042, 6068.055555555557
519.1415891193901, 946.6166666666663
514.8350188912955, 6903.02
513.1109394574953, 626.2233333333334
514.8350188912955, 6475.828888888889
516.5582696431964, 8723.436666666666
515.6967479345718, 8063.232222222221
516.9889526957089, 7774.392777777779
514.8350188912955, 4184.531111111111
520.4325471636973, 1750.027222222222
515.6967479345718, 1121.3766666666666
517.4195838529922, 4677.2572222222225
520.4325471636973, 815.5466666666666
513.1109394574953, 767.0022222222219
517.4195838529922, 4337.446111111111
475.84528270819413, 1242.7377777777774
514.8350188912955, 2776.7422222222226
515.6967479345718, 7500.116666666667
515.6967479345718, 2121.3922222222222
515.6967479345718, 10594.824999999999
516.5582696431964, 6873.893333333333
514.8350188912955, 2444.2127777777782
513.1109394574953, 606.8055555555552
517.4195838529922, 5740.380555555556
514.8350188912955, 3645.6877777777777
517.8501630945242, 3046.1638888888892
516.5582696431964, 10157.925000000001
514.8350188912955, 7832.646111111111
513.1109394574953, 9990.446666666667
513.1109394574953, 2410.231666666666
517.8501630945242, 2839.8500000000004
516.9889526957089, 10177.342777777778
514.8350188912955, 6859.33
517.8501630945242, 558.2611111111114
517.4195838529922, 4898.134444444444
520.4325471636973, 1864.1066666666666
513.1109394574953, 6886.029444444444
517.4195838529922, 1354.3899999999999
517.8501630945242, 2276.7344444444443
514.8350188912955, 8631.202222222222
516.5582696431964, 4347.155000000001
514.8350188912955, 643.213888888889
513.1109394574953, 1832.5527777777775
515.6967479345718, 6541.363888888889
517.4195838529922, 10672.496111111112
515.6967479345718, 9065.675
515.6967479345718, 8480.714444444444
514.8350188912955, 4169.967777777778
515.6967479345718, 3946.6633333333334
514.8350188912955, 8689.455555555556
513.9730826775443, 2825.2866666666664
514.8350188912955, 1135.94
513.1109394574953, 4398.126666666667
518.7111657482452, 4398.126666666667
515.6967479345718, 9536.556111111111
514.8350188912955, 6254.951666666668
513.1109394574953, 558.261111111111
513.1109394574953, 1220.8927777777776
520.4325471636973, 1182.0572222222222
518.2806903997824, 570.3972222222219
513.1109394574953, 2395.6683333333335
514.8350188912955, 7126.324444444444
514.8350188912955, 949.0438888888889
515.6967479345718, 4864.153333333334
515.6967479345718, 11808.43611111111
514.8350188912955, 2245.180555555556
514.8350188912955, 5046.195
514.8350188912955, 9051.111666666668
514.8350188912955, 11235.611666666668
514.8350188912955, 975.7433333333333
517.8501630945242, 922.3444444444444
517.4195838529922, 703.8944444444442
515.6967479345718, 4257.347777777777
513.1109394574953, 827.6827777777776
514.4040766704684, 7480.698888888888
520.4325471636973, 512.1438888888888
523.4429595634975, 512.1438888888888
520.4325471636973, 713.6033333333335
514.8350188912955, 4774.346111111112
515.6967479345718, 10789.002777777778
515.6967479345718, 5983.102777777778
515.6967479345718, 13762.35
514.8350188912955, 5674.845555555556
515.6967479345718, 8708.873333333333
470.6157579447109, 3240.3416666666662
520.4325471636973, 2317.9972222222223
514.8350188912955, 2526.7383333333332
474.53857439806194, 2813.150555555556
516.5582696431964, 3109.271666666667
471.4878433566188, 1696.628333333333
513.1109394574953, 1373.8077777777776
516.5582696431964, 1424.779444444444
523.4429595634975, 851.9549999999999
514.8350188912955, 1975.758888888889
515.6967479345718, 2939.366111111111
515.6967479345718, 4655.412222222221
515.6967479345718, 6024.365555555554
513.1109394574953, 2526.7383333333332
514.8350188912955, 3424.810555555556
514.8350188912955, 2208.7722222222224
514.8350188912955, 5682.127222222223
471.4878433566188, 1536.4316666666664
517.4195838529922, 2861.6949999999997
515.6967479345718, 7509.825555555555
517.4195838529922, 1555.849444444444
517.4195838529922, 2398.0955555555556
516.1275347159767, 9932.193333333333
514.8350188912955, 8218.574444444444
517.4195838529922, 2582.5644444444442
516.5582696431964, 8390.907222222222
516.9889526957089, 5500.085555555555
517.4195838529922, 2849.5588888888888
514.8350188912955, 1002.4427777777778
513.1109394574953, 2524.3111111111107
513.1109394574953, 810.692222222222
516.1275347159767, 10910.363888888889
516.5582696431964, 8980.722222222223
513.1109394574953, 11170.076666666666
517.4195838529922, 11895.816111111111
520.4325471636973, 1466.0422222222223
517.8501630945242, 2730.625
514.8350188912955, 616.5144444444445
473.23141713137244, 7029.235555555555
514.8350188912955, 2847.1316666666667
513.1109394574953, 3223.3511111111106
520.4325471636973, 1099.5316666666668
517.4195838529922, 5339.888888888889
515.2659093195042, 10742.885555555556
513.1109394574953, 859.2366666666667
515.6967479345718, 10968.617222222221
515.6967479345718, 4094.723888888889
516.5582696431964, 4774.346111111112
514.8350188912955, 5674.845555555556
514.8350188912955, 9359.36888888889
514.8350188912955, 6939.428333333333
518.7111657482452, 8609.357222222221
514.8350188912955, 3208.787777777778
469.30725713293293, 1259.7283333333335
515.6967479345718, 1762.1633333333334
517.4195838529922, 5686.9816666666675
516.9889526957089, 7934.589444444446
513.1109394574953, 1174.7755555555555
475.84528270819413, 1157.7849999999999
517.4195838529922, 813.1194444444445
516.9889526957089, 8606.93
517.4195838529922, 9985.592222222222
513.1109394574953, 7388.464444444444
516.1275347159767, 8905.478333333333
513.1109394574953, 3194.2244444444445
515.6967479345718, 9259.852777777778
516.1275347159767, 10012.291666666668
515.6967479345718, 8325.372222222222
514.8350188912955, 1334.9722222222226
514.8350188912955, 2235.471666666667
513.1109394574953, 2072.8477777777775
475.4097631897488, 2203.9177777777777
517.4195838529922, 2104.4016666666666
517.4195838529922, 1075.2594444444444
513.1109394574953, 3084.999444444444
513.1109394574953, 939.335
516.9889526957089, 6953.991666666667
515.6967479345718, 8007.406111111111
516.5582696431964, 8648.192777777778
513.1109394574953, 1230.6016666666665
515.6967479345718, 2893.248888888889
517.4195838529922, 660.2044444444446
516.5582696431964, 1235.456111111111
517.4195838529922, 1235.456111111111
517.4195838529922, 4354.4366666666665
517.4195838529922, 1907.7966666666662
517.8501630945242, 3417.528888888889
472.35972980689826, 1854.3977777777773
515.6967479345718, 6250.097222222223
516.1275347159767, 10000.155555555557
472.35972980689826, 1439.3427777777779
517.4195838529922, 2932.0844444444447
514.8350188912955, 7422.445555555556
516.5582696431964, 6886.029444444444
517.4195838529922, 5558.3388888888885
516.5582696431964, 5145.711111111112
515.6967479345718, 5410.278333333334
469.30725713293293, 1898.0877777777778
514.8350188912955, 3597.143333333334
517.4195838529922, 1500.0233333333335
517.8501630945242, 1029.1422222222222
519.1415891193901, 1029.1422222222222
517.4195838529922, 3526.7538888888885
517.4195838529922, 8534.113333333335
513.1109394574953, 4786.482222222223
471.4878433566188, 1466.0422222222223
514.8350188912955, 5553.484444444444
514.8350188912955, 3723.3588888888894
516.5582696431964, 5133.575000000001
513.1109394574953, 2111.683333333333
515.6967479345718, 9369.077777777777
517.4195838529922, 4089.8694444444445
514.8350188912955, 4046.1794444444445
514.8350188912955, 3373.838888888889
516.5582696431964, 12871.559444444445
514.8350188912955, 3288.8861111111114
516.1275347159767, 3500.054444444445
471.4878433566188, 3342.285
520.4325471636973, 2584.991666666667
516.5582696431964, 3351.9938888888887
517.4195838529922, 2143.237222222222
514.8350188912955, 7318.075000000001
520.4325471636973, 1055.8416666666667
514.8350188912955, 4288.901666666667
514.8350188912955, 895.6450000000004
516.5582696431964, 2509.747777777778
470.1796406794516, 2051.0027777777777
517.4195838529922, 4570.459444444445
471.4878433566188, 7111.761111111111
516.9889526957089, 2793.7327777777778
514.8350188912955, 2371.3961111111116
516.5582696431964, 6157.862777777778
513.1109394574953, 621.3688888888887
513.1109394574953, 786.4199999999996
520.4325471636973, 516.9983333333334
517.4195838529922, 7395.746111111111
516.5582696431964, 6589.908333333333
516.9889526957089, 1247.592222222222
514.8350188912955, 786.4200000000001
514.8350188912955, 720.8850000000002
514.8350188912955, 1201.4750000000004
518.7111657482452, 2029.157777777778
513.1109394574953, 2230.6172222222217
472.35972980689826, 3259.759444444444
517.8501630945242, 3031.6005555555557
514.8350188912955, 2271.8800000000006
516.1275347159767, 1584.976111111111
471.4878433566188, 2279.161666666667
517.4195838529922, 3019.464444444445
516.9889526957089, 4684.538888888888
469.30725713293293, 995.1611111111106
521.7230366733485, 1383.5166666666664
515.6967479345718, 2534.02
514.8350188912955, 752.4388888888893
514.8350188912955, 6031.647222222224
475.4097631897488, 1893.2333333333327
516.9889526957089, 5366.588333333333
471.05182551060733, 6009.802222222222
521.7230366733485, 2196.6361111111114
513.1109394574953, 3538.89
514.8350188912955, 5742.807777777778
514.8350188912955, 7400.600555555557
514.8350188912955, 1730.6094444444448
475.4097631897488, 3546.171666666666
517.8501630945242, 3269.4683333333332
475.84528270819413, 1660.2199999999993
513.9730826775443, 2031.5850000000005
520.4325471636973, 730.5938888888891
517.4195838529922, 3002.4738888888887
517.4195838529922, 691.7583333333332
475.84528270819413, 1041.2783333333327
514.8350188912955, 2230.6172222222226
514.8350188912955, 1638.3750000000005
512.2485893953253, 694.1855555555553
517.4195838529922, 1592.2577777777778
471.4878433566188, 1182.0572222222227
517.8501630945242, 1206.3294444444446
516.9889526957089, 1621.3844444444444
475.84528270819413, 2415.0861111111108
513.1109394574953, 1953.9138888888888
515.6967479345718, 1604.3938888888893
515.6967479345718, 9623.93611111111
517.8501630945242, 1791.29
517.8501630945242, 1834.9800000000005
513.1109394574953, 907.7811111111109
514.8350188912955, 803.4105555555557
470.1796406794516, 2827.7138888888885
518.7111657482452, 1478.1783333333337
523.4429595634975, 1063.1233333333334
517.4195838529922, 643.213888888889
519.5719604926952, 2890.8216666666663
513.1109394574953, 2034.0122222222221
515.6967479345718, 1752.454444444444
516.5582696431964, 7949.152777777777
518.2806903997824, 7949.152777777777
517.8501630945242, 1529.1500000000005
471.4878433566188, 1502.450555555556
514.8350188912955, 2332.560555555556
514.8350188912955, 813.1194444444445
515.2659093195042, 1395.6527777777778
475.4097631897488, 3274.3227777777774
515.6967479345718, 2004.8855555555551
516.5582696431964, 2769.460555555556
521.7230366733485, 2381.105
517.4195838529922, 643.213888888889
520.4325471636973, 3332.5761111111115
521.7230366733485, 970.8888888888887
471.4878433566188, 6854.475555555555
513.1109394574953, 2240.326111111111
522.5831024424566, 745.1572222222221
473.66718607012734, 987.8794444444447
517.8501630945242, 1424.7794444444444
517.4195838529922, 1963.6227777777776
514.8350188912955, 1354.3900000000003
521.7230366733485, 616.5144444444445
522.5831024424566, 616.5144444444445
515.6967479345718, 531.5616666666665
521.7230366733485, 1174.7755555555555
517.4195838529922, 3507.3361111111108
514.8350188912955, 1186.9116666666669
516.1275347159767, 2361.687222222222
513.1109394574953, 995.161111111111
515.6967479345718, 1189.338888888889
475.4097631897488, 3463.646111111111
513.1109394574953, 2444.2127777777773
514.8350188912955, 701.4672222222225
513.1109394574953, 643.2138888888885
514.8350188912955, 1900.5149999999999
514.8350188912955, 1730.6094444444448
523.4429595634975, 1235.456111111111
514.8350188912955, 1342.253888888889
523.4429595634975, 1041.2783333333336
475.84528270819413, 1167.4938888888883
517.8501630945242, 1995.1766666666672
513.1109394574953, 1570.412777777778
520.4325471636973, 973.3161111111112
517.4195838529922, 606.8055555555557
514.8350188912955, 7844.782222222222
514.8350188912955, 2589.8461111111114
513.1109394574953, 1587.4033333333332
514.8350188912955, 6463.692777777778
517.4195838529922, 2165.0822222222223
517.4195838529922, 1905.3694444444445
515.6967479345718, 953.8983333333331
522.5831024424566, 881.0816666666669
517.4195838529922, 1672.3561111111112
517.4195838529922, 1968.4772222222218
516.5582696431964, 1939.3505555555553
519.1415891193901, 575.2516666666666
520.4325471636973, 849.5277777777778
474.53857439806194, 3094.708333333333
516.5582696431964, 2055.8572222222224
516.1275347159767, 14706.539444444446
471.4878433566188, 1067.977777777778
517.4195838529922, 1400.507222222222
517.8501630945242, 2822.8594444444443
516.5582696431964, 15439.560555555558
515.6967479345718, 11689.502222222221
516.9889526957089, 4369.0
515.6967479345718, 13109.427222222223
515.6967479345718, 1354.3899999999999
471.4878433566188, 12466.213333333335
514.8350188912955, 4077.733333333333
517.8501630945242, 14267.212222222224
514.8350188912955, 15485.677777777779
515.6967479345718, 13847.302777777777
468.8709908927178, 956.3255555555561
514.8350188912955, 1036.423888888889
520.4325471636973, 1036.423888888889
515.6967479345718, 2118.9649999999997
515.6967479345718, 15505.095555555554
517.4195838529922, 674.7677777777776
516.1275347159767, 15262.373333333333
516.1275347159767, 14699.25777777778
515.6967479345718, 15609.46611111111
514.8350188912955, 13621.571111111112
516.5582696431964, 10580.261666666667
471.4878433566188, 864.0911111111109
517.4195838529922, 834.9644444444443
514.8350188912955, 13840.021111111113
517.4195838529922, 10619.097222222223
513.1109394574953, 922.3444444444444
517.4195838529922, 10684.632222222222
515.6967479345718, 11599.695
515.6967479345718, 20789.158333333333
514.8350188912955, 14575.469444444447
516.1275347159767, 8895.769444444446
516.5582696431964, 9325.387777777778
514.8350188912955, 16425.012777777778
515.6967479345718, 4614.149444444445
517.8501630945242, 3696.6594444444445
515.6967479345718, 5764.652777777777
514.8350188912955, 4871.4349999999995
514.8350188912955, 14424.981666666667
516.1275347159767, 19592.53777777778
470.1796406794516, 7089.916111111112
516.1275347159767, 9012.27611111111
517.4195838529922, 9012.27611111111
515.6967479345718, 4298.610555555555
517.8501630945242, 7737.984444444445
516.1275347159767, 11599.695
515.6967479345718, 3929.6727777777774
515.6967479345718, 10002.582777777778
474.53857439806194, 1327.6905555555559
518.2806903997824, 5497.658333333333
471.4878433566188, 4733.083333333334
518.2806903997824, 3900.5461111111113
470.1796406794516, 1609.248333333333
515.6967479345718, 17383.765555555558
520.4325471636973, 1497.596111111111
516.9889526957089, 11119.105000000001
515.6967479345718, 15694.418888888888
517.8501630945242, 8604.50277777778
515.2659093195042, 11272.02
471.4878433566188, 4915.125
516.5582696431964, 2830.1411111111106
517.4195838529922, 12517.185000000001
517.4195838529922, 6463.692777777777
515.6967479345718, 11089.978333333333
473.23141713137244, 4762.209999999999
517.4195838529922, 5839.8966666666665
470.1796406794516, 2347.1238888888884
514.8350188912955, 9606.945555555556
516.1275347159767, 11531.73277777778
514.8350188912955, 11439.498333333335
515.6967479345718, 6211.261666666665
515.6967479345718, 10308.412777777778
516.5582696431964, 8832.661666666667
471.4878433566188, 1718.4733333333334
514.8350188912955, 3711.2227777777784
472.35972980689826, 2633.5361111111106
517.4195838529922, 8808.389444444445
514.8350188912955, 6271.942222222224
514.8350188912955, 12640.973333333333
470.1796406794516, 12522.039444444443
516.5582696431964, 5936.985555555555
515.6967479345718, 13250.20611111111
517.4195838529922, 3111.698888888889
515.6967479345718, 7291.3755555555545
514.8350188912955, 4696.675000000001
515.6967479345718, 12560.875
475.4097631897488, 3366.5572222222218
514.8350188912955, 2458.7761111111117
515.6967479345718, 8102.067777777776
516.5582696431964, 11427.362222222222
516.5582696431964, 3492.7727777777777
514.8350188912955, 924.771666666667
516.1275347159767, 1978.1861111111111
514.4040766704684, 10531.717222222222
470.6157579447109, 1572.8399999999992
513.1109394574953, 4267.056666666667
515.2659093195042, 11427.362222222222
475.4097631897488, 1851.9705555555556
517.4195838529922, 2466.057777777778
516.5582696431964, 13014.765555555556
517.4195838529922, 10024.427777777779
516.9889526957089, 11383.672222222223
470.1796406794516, 1990.322222222222
515.6967479345718, 3247.6233333333334
516.5582696431964, 11155.513333333334
515.6967479345718, 10954.053888888888
523.4429595634975, 575.2516666666666
515.6967479345718, 17621.633333333335
516.5582696431964, 17658.041666666664
514.8350188912955, 18723.59222222222
514.8350188912955, 10968.617222222223
516.5582696431964, 8888.487777777778
515.6967479345718, 7502.5438888888875
515.6967479345718, 20917.801111111112
513.9730826775443, 9092.374444444444
517.4195838529922, 24650.86888888889
516.5582696431964, 27267.414444444443
515.6967479345718, 7468.562777777777
516.5582696431964, 13628.852777777778
517.4195838529922, 30750.478333333333
516.9889526957089, 34869.474444444444
516.5582696431964, 24978.543888888886
516.5582696431964, 13039.037777777778
517.4195838529922, 33199.54555555556
516.9889526957089, 38401.082777777774
516.5582696431964, 26609.63722222222
516.9889526957089, 35097.63333333333
517.4195838529922, 18039.115555555556
517.4195838529922, 37561.26388888889
517.8501630945242, 541.2705555555558
517.4195838529922, 43772.525555555556
516.1275347159767, 21687.230555555558
470.1796406794516, 2810.7233333333334
517.4195838529922, 4531.623888888889
517.4195838529922, 41658.415
518.2806903997824, 45318.66611111111
514.8350188912955, 13228.361111111111
516.5582696431964, 995.161111111111
517.4195838529922, 669.9133333333334
475.84528270819413, 1553.4222222222215
514.8350188912955, 1254.8738888888893
516.1275347159767, 640.7866666666669
513.1109394574953, 2344.6966666666663
517.8501630945242, 4267.056666666666
513.1109394574953, 1548.5677777777778
517.4195838529922, 3007.328333333333
475.84528270819413, 929.6261111111107
517.4195838529922, 817.9738888888887
516.1275347159767, 1915.0783333333338
515.6967479345718, 6165.144444444444
514.8350188912955, 4332.591666666667
477.15154150767216, 992.7338888888889
513.1109394574953, 1315.5544444444445
471.4878433566188, 1145.648888888889
516.5582696431964, 786.4200000000001
517.4195838529922, 597.0966666666668
513.1109394574953, 1060.696111111111
513.1109394574953, 1439.3427777777774
515.6967479345718, 25675.15666666667
516.9889526957089, 8194.302222222223
515.6967479345718, 4468.516111111112
514.8350188912955, 5611.737777777778
516.5582696431964, 1356.817222222222
518.7111657482452, 864.0911111111113
523.4429595634975, 864.0911111111113
513.1109394574953, 2905.3849999999998
515.6967479345718, 20119.245000000003
516.5582696431964, 8966.15888888889
515.2659093195042, 16019.666666666666
516.1275347159767, 10213.751111111113
516.5582696431964, 7832.646111111111
515.6967479345718, 2451.494444444444
516.5582696431964, 19912.93111111111
516.5582696431964, 19667.781666666666
513.1109394574953, 1961.1955555555555
513.1109394574953, 2888.3944444444446
514.8350188912955, 5691.836111111112
473.66718607012734, 1291.2822222222221
513.1109394574953, 1567.9855555555555
517.4195838529922, 885.9361111111111
516.1275347159767, 3699.086666666667
515.6967479345718, 14939.552777777777
515.6967479345718, 575.2516666666666
513.1109394574953, 2339.842222222222
475.84528270819413, 1529.1499999999996
515.6967479345718, 3138.398333333333
514.8350188912955, 6725.832777777778
514.8350188912955, 7007.390555555556
520.4325471636973, 686.903888888889
517.8501630945242, 6021.938333333333
513.1109394574953, 4611.722222222223
514.8350188912955, 8849.652222222223
515.6967479345718, 8704.018888888888
471.4878433566188, 1419.9250000000002
517.4195838529922, 1072.8322222222223
514.8350188912955, 1990.3222222222225
472.35972980689826, 3470.927777777778
514.8350188912955, 1922.3600000000001
473.66718607012734, 1172.3483333333334
517.4195838529922, 1444.197222222222
474.53857439806194, 898.0722222222221
513.1109394574953, 1230.6016666666665
514.8350188912955, 1524.295555555556
472.35972980689826, 657.777222222222
512.2485893953253, 597.0966666666664
516.5582696431964, 597.0966666666664
475.84528270819413, 1216.038333333333
514.8350188912955, 1626.2388888888895
514.4040766704684, 14784.210555555555
514.8350188912955, 3172.3794444444443
475.4097631897488, 1434.4883333333328
520.4325471636973, 934.4805555555554
513.1109394574953, 1813.1349999999998
526.0212773964479, 577.6788888888887
475.84528270819413, 1536.4316666666664
516.1275347159767, 1123.803888888889
471.4878433566188, 4344.727777777778
514.8350188912955, 3225.778333333333
515.6967479345718, 3225.778333333333
473.23141713137244, 1009.7244444444441
520.4325471636973, 655.3499999999999
475.84528270819413, 1300.9911111111105
520.4325471636973, 1033.996666666667
518.7111657482452, 694.1855555555558
518.7111657482452, 871.3727777777781
522.5831024424566, 623.7961111111113
476.71617188767794, 740.3027777777779
520.4325471636973, 740.3027777777779
515.2659093195042, 2466.0577777777776
471.4878433566188, 1038.851111111111
516.5582696431964, 808.2649999999999
517.4195838529922, 2099.5472222222224
514.8350188912955, 902.9266666666667
510.0918103830321, 1519.4411111111112
514.8350188912955, 560.6883333333335
468.8709908927178, 767.0022222222224
520.4325471636973, 1199.0477777777778
523.4429595634975, 740.3027777777779
475.4097631897488, 1271.8644444444444
513.1109394574953, 2133.528333333333
471.4878433566188, 1097.1044444444442
510.0918103830321, 881.0816666666669
471.4878433566188, 1131.0855555555554
514.8350188912955, 2327.706111111111
515.6967479345718, 7907.889999999999
475.4097631897488, 1167.4938888888883
518.7111657482452, 1871.3883333333338
513.1109394574953, 810.692222222222
474.53857439806194, 606.8055555555557
515.6967479345718, 725.7394444444444
473.66718607012734, 531.5616666666665
513.1109394574953, 674.7677777777776
517.4195838529922, 2080.1294444444447
514.8350188912955, 745.1572222222226
470.1796406794516, 1417.4977777777776
514.8350188912955, 1143.2216666666668
517.4195838529922, 2330.133333333333
514.8350188912955, 1104.3861111111114
517.4195838529922, 1572.8400000000001
515.6967479345718, 2839.85
475.84528270819413, 990.3066666666664
515.6967479345718, 864.0911111111109
520.4325471636973, 1211.1838888888888
516.1275347159767, 1371.3805555555555
471.4878433566188, 3364.13
513.1109394574953, 2752.47
471.4878433566188, 691.7583333333332
514.8350188912955, 973.3161111111112
475.84528270819413, 941.7622222222217
514.8350188912955, 1019.4333333333334
473.23141713137244, 5288.917222222222
514.8350188912955, 1635.947777777778
513.1109394574953, 4199.094444444445
517.8501630945242, 2689.362222222222
517.4195838529922, 1063.1233333333334
470.1796406794516, 3769.476111111111
520.4325471636973, 1987.8950000000004
516.1275347159767, 3534.035555555555
478.4573502423987, 1439.3427777777779
517.4195838529922, 3662.6783333333333
471.4878433566188, 1774.2994444444448
515.6967479345718, 4900.5616666666665
475.4097631897488, 1036.4238888888885
517.4195838529922, 1121.3766666666666
517.4195838529922, 9228.29888888889
513.1109394574953, 2703.925555555555
514.8350188912955, 1296.1366666666668
516.1275347159767, 12852.141666666666
514.8350188912955, 9767.142222222223
517.4195838529922, 1128.6583333333333
518.7111657482452, 1128.6583333333333
513.1109394574953, 5696.690555555555
517.8501630945242, 5373.87
516.5582696431964, 10522.008333333333
517.8501630945242, 546.125
517.4195838529922, 2182.0727777777774
516.1275347159767, 8903.051111111112
471.4878433566188, 1968.4772222222227
517.4195838529922, 4063.17
514.8350188912955, 3213.6422222222222
514.8350188912955, 1378.6622222222222
517.4195838529922, 9837.531666666666
513.1109394574953, 1997.6038888888884
514.8350188912955, 2269.452777777778
513.9730826775443, 4820.463333333333
514.8350188912955, 8271.973333333333
515.6967479345718, 1934.496111111111
471.4878433566188, 1186.9116666666669
514.8350188912955, 1550.9950000000003
471.4878433566188, 878.6544444444444
517.4195838529922, 2070.4205555555554
514.8350188912955, 1881.0972222222222
471.4878433566188, 8007.406111111111
516.5582696431964, 9837.531666666668
472.7955983701221, 1834.9800000000005
514.8350188912955, 3007.3283333333334
517.8501630945242, 599.5238888888889
514.8350188912955, 759.7205555555556
521.7230366733485, 759.7205555555556
474.53857439806194, 1060.6961111111113
514.8350188912955, 842.2461111111115
472.35972980689826, 961.1800000000003
473.23141713137244, 961.1800000000003
517.4195838529922, 720.8849999999998
470.1796406794516, 3502.4816666666666
473.23141713137244, 3502.4816666666666
515.6967479345718, 12713.789999999999
518.7111657482452, 674.7677777777781
516.9889526957089, 3131.1166666666663
520.4325471636973, 2572.855555555556
513.1109394574953, 3439.373888888889
473.23141713137244, 3997.635
516.9889526957089, 4038.8977777777777
518.7111657482452, 1070.4050000000002
521.7230366733485, 550.9794444444442
514.8350188912955, 11133.668333333335
471.4878433566188, 1730.6094444444443
513.1109394574953, 2383.5322222222217
472.35972980689826, 2553.437777777778
514.8350188912955, 1199.0477777777778
515.6967479345718, 1553.422222222222
517.4195838529922, 2223.3355555555554
517.4195838529922, 1759.7361111111113
517.4195838529922, 5650.573333333333
515.6967479345718, 19165.346666666668
515.6967479345718, 6337.477222222222
515.6967479345718, 13065.737222222222
517.4195838529922, 19252.72666666667
516.5582696431964, 13383.703333333333
517.4195838529922, 740.3027777777779
471.4878433566188, 2424.795
515.6967479345718, 3123.8349999999996
475.4097631897488, 689.3311111111107
516.9889526957089, 1240.3105555555558
514.8350188912955, 1031.5694444444448
471.4878433566188, 2526.7383333333337
515.6967479345718, 1973.3316666666665
516.5582696431964, 2242.7533333333336
518.7111657482452, 842.2461111111111
515.6967479345718, 10087.535555555554
515.6967479345718, 16109.473888888888
514.4040766704684, 648.0683333333332
515.6967479345718, 4034.0433333333335
516.9889526957089, 4034.0433333333335
515.6967479345718, 17155.606666666667
513.1109394574953, 6764.668333333333
516.9889526957089, 9531.701666666668
516.1275347159767, 18796.40888888889
515.6967479345718, 589.815
518.7111657482452, 1495.168888888889
471.4878433566188, 1390.7983333333332
513.1109394574953, 4512.206111111111
513.1109394574953, 1517.0138888888891
515.6967479345718, 6660.297777777778
519.1415891193901, 16927.44777777778
515.2659093195042, 7453.9994444444455
514.8350188912955, 1733.0366666666673
513.1109394574953, 7320.5022222222215
514.8350188912955, 18383.78111111111
517.8501630945242, 5240.372777777778
516.5582696431964, 17495.417777777777
516.1275347159767, 23196.96277777778
515.6967479345718, 7170.014444444443
516.5582696431964, 13759.92277777778
516.5582696431964, 20597.407777777775
514.8350188912955, 745.1572222222226
514.8350188912955, 8978.295
517.4195838529922, 1089.822777777778
517.4195838529922, 16711.425
517.4195838529922, 1339.8266666666668
516.5582696431964, 5186.97388888889
516.5582696431964, 16558.51
515.6967479345718, 4451.525555555556
515.6967479345718, 3371.4116666666664
475.84528270819413, 1371.3805555555555
518.7111657482452, 1332.545
515.6967479345718, 8975.867777777778
516.5582696431964, 10201.615
515.6967479345718, 8631.202222222222
514.8350188912955, 1208.7566666666671
475.4097631897488, 723.3122222222219
515.6967479345718, 1932.0688888888885
513.1109394574953, 2000.031111111111
513.1109394574953, 2946.6477777777777
515.2659093195042, 5218.527777777777
517.4195838529922, 975.7433333333333
515.6967479345718, 8808.389444444443
517.4195838529922, 10674.923333333332
517.4195838529922, 9631.217777777776
515.6967479345718, 9968.601666666666
514.4040766704684, 15262.373333333331
516.1275347159767, 11026.870555555557
513.1109394574953, 2191.7816666666663
514.8350188912955, 2106.8288888888887
513.1109394574953, 1036.4238888888885
514.8350188912955, 11580.277222222223
516.5582696431964, 3691.805
514.8350188912955, 11738.046666666667
517.4195838529922, 8254.98277777778
514.8350188912955, 8206.438333333334
516.9889526957089, 6055.919444444446
520.4325471636973, 502.43499999999995
513.5420369330461, 8393.334444444445
520.4325471636973, 1655.3655555555551
475.84528270819413, 1393.2255555555548
516.1275347159767, 2138.382777777778
515.6967479345718, 10633.660555555554
516.1275347159767, 7111.761111111112
516.5582696431964, 1157.7849999999999
516.5582696431964, 8881.20611111111
516.5582696431964, 2558.292222222222
516.1275347159767, 18070.669444444444
513.1109394574953, 2517.029444444444
514.8350188912955, 2405.377222222223
515.6967479345718, 14458.962777777777
516.5582696431964, 2941.7933333333335
516.1275347159767, 11694.356666666667
516.1275347159767, 16017.239444444447
515.6967479345718, 16832.786111111112
516.5582696431964, 7820.51
517.4195838529922, 14631.295555555556
515.6967479345718, 4497.642777777777
516.1275347159767, 10949.199444444446
514.8350188912955, 9815.686666666666
513.1109394574953, 686.9038888888886
516.5582696431964, 14592.460000000001
515.6967479345718, 16012.385
517.4195838529922, 4208.803333333333
517.4195838529922, 635.9322222222222
515.6967479345718, 13012.338333333333
517.8501630945242, 6985.545555555555
516.1275347159767, 16723.561111111114
514.4040766704684, 7820.51
517.4195838529922, 10815.702222222222
514.8350188912955, 1558.276666666667
515.6967479345718, 11009.88
516.5582696431964, 10534.144444444444
514.8350188912955, 3371.4116666666673
515.6967479345718, 8553.531111111111
516.5582696431964, 13393.412222222223
515.6967479345718, 3815.5933333333337
515.6967479345718, 8689.455555555554
514.8350188912955, 6956.418888888889
514.8350188912955, 1398.0800000000004
515.2659093195042, 14250.221666666666
516.5582696431964, 14937.125555555556
514.8350188912955, 4655.412222222223
516.5582696431964, 16774.532777777775
515.6967479345718, 9810.832222222221
517.4195838529922, 5145.711111111111
514.8350188912955, 9422.476666666667
514.8350188912955, 2592.273333333334
514.8350188912955, 12628.837222222222
517.4195838529922, 1395.6527777777778
515.6967479345718, 18529.414444444446
516.1275347159767, 13759.922777777778
517.8501630945242, 5915.140555555555
517.8501630945242, 686.903888888889
516.5582696431964, 12660.391111111112
516.5582696431964, 7614.196111111112
515.6967479345718, 8342.362777777777
514.8350188912955, 14898.29
517.4195838529922, 10585.11611111111
516.5582696431964, 2444.2127777777773
513.9730826775443, 11806.008888888888
513.1109394574953, 548.5522222222221
515.6967479345718, 14912.853333333334
517.4195838529922, 11636.103333333333
517.8501630945242, 2633.5361111111115
515.6967479345718, 13648.270555555555
520.4325471636973, 536.4161111111111
515.2659093195042, 16281.806666666665
515.6967479345718, 15070.622777777777
517.4195838529922, 16090.056111111113
514.8350188912955, 7970.9977777777785
516.5582696431964, 7856.918333333333
516.1275347159767, 15813.352777777778
513.1109394574953, 1601.9666666666667
517.8501630945242, 1043.7055555555557
515.6967479345718, 10575.407222222222
516.1275347159767, 4247.638888888889
513.1109394574953, 1097.1044444444442
