# FLAME spectrum data format
# Time of snapshot: 2021-02-08T18:20:45Eastern Standard Time
# Number of frames accumulated: 0
# Scan time per exposure [us]: 100000189.1861363086452, 2101.9744444444445
189.64926416366848, 2024.3033333333333
190.11235512512943, 1970.9044444444444
190.57540917250594, 2024.3033333333333
191.03842628527582, 2046.1483333333333
191.50140644291702, 2046.1483333333333
191.9643496249074, 2043.7211111111112
192.4272558107249, 2094.692777777778
192.89012497984731, 2169.9366666666665
193.35295711175254, 2101.9744444444445
193.81575218591854, 2126.2466666666664
194.27851018182312, 2131.101111111111
194.7412310789442, 2101.9744444444445
195.20391485675964, 2199.0633333333335
195.66656149474733, 2228.19
196.12917097238517, 2230.617222222222
196.59174326915107, 2267.0255555555555
197.05427836452282, 2237.898888888889
197.51677623797838, 2281.588888888889
197.97923686899566, 2301.0066666666667
198.44166023705247, 2301.0066666666667
198.9040463216267, 2364.1144444444444
199.36639510219626, 2364.1144444444444
199.82870655823908, 2381.105
200.29098066923297, 2371.396111111111
200.7532174146558, 2405.3772222222224
201.21541677398554, 2466.0577777777776
201.6775787267, 2461.2033333333334
202.13970325227712, 2400.5227777777777
202.60179033019475, 2449.0672222222224
203.06383993993072, 2407.8044444444445
203.52585206096302, 2439.358333333333
203.9878266727695, 2461.2033333333334
204.44976375482798, 2410.2316666666666
204.91166328661643, 2400.5227777777777
205.3735252476127, 2453.9216666666666
205.83534961729464, 2400.5227777777777
206.2971363751402, 2485.4755555555557
206.75888550062717, 2429.6494444444443
207.22059697323357, 2449.0672222222224
207.68227077243716, 2461.2033333333334
208.14390687771592, 2424.795
208.6055052685476, 2473.3394444444443
209.0670659244102, 2463.6305555555555
209.5285888247816, 2473.3394444444443
209.99007394913966, 2359.26
210.4515212769622, 2383.532222222222
210.9129307877272, 2398.0955555555556
211.3743024609125, 2446.64
211.835636275996, 2451.4944444444445
212.29693221245557, 2434.503888888889
212.7581902497691, 2427.222222222222
213.21941036741444, 2415.086111111111
213.68059254486954, 2449.0672222222224
214.14173676161224, 2402.95
214.60284299712043, 2485.4755555555557
215.06391123087198, 2429.6494444444443
215.52494144234484, 2495.1844444444446
215.9859336110168, 2410.2316666666666
216.4468877163658, 2407.8044444444445
216.9078037378697, 2444.212777777778
217.36868165500644, 2371.396111111111
217.82952144725382, 2424.795
218.29032309408976, 2444.212777777778
218.75108657499214, 2444.212777777778
219.2118118694389, 2388.3866666666668
219.67249895690784, 2400.5227777777777
220.13314781687689, 2441.7855555555557
220.5937584288239, 2466.0577777777776
221.0543307722268, 2393.241111111111
221.51486482656347, 2478.193888888889
221.97536057131174, 2390.813888888889
222.43581798594948, 2441.7855555555557
222.8962370499547, 2439.358333333333
223.35661774280518, 2301.0066666666667
223.81696004397878, 2385.9594444444447
224.2772639329535, 2434.503888888889
224.73752938920714, 2393.241111111111
225.1977563922176, 2419.9405555555554
225.65794492146279, 2473.3394444444443
226.1180949564205, 2407.8044444444445
226.57820647656874, 2456.3488888888887
227.03827946138532, 2441.7855555555557
227.4983138903481, 2410.2316666666666
227.95830974293503, 2480.621111111111
228.418266998624, 2429.6494444444443
228.87818563689282, 2424.795
229.33806563721944, 2441.7855555555557
229.79790697908172, 2463.6305555555555
230.25770964195752, 2436.931111111111
230.71747360532476, 2381.105
231.1771988486613, 2422.367777777778
231.63688535144504, 2373.8233333333333
232.09653309315385, 2466.0577777777776
232.5561420532656, 2351.9783333333335
233.01571221125823, 2419.9405555555554
233.4752435466096, 2427.222222222222
233.93473603879755, 2320.4244444444444
234.3941896673, 2483.048333333333
234.85360441159483, 2385.9594444444447
235.31298025115996, 2453.9216666666666
235.77231716547317, 2400.5227777777777
236.23161513401246, 2444.212777777778
236.69087413625567, 2407.8044444444445
237.15009415168063, 2417.5133333333333
237.60927515976533, 2446.64
238.0684171399876, 2415.086111111111
238.52752007182528, 2470.912222222222
238.9865839347563, 2463.6305555555555
239.44560870825856, 2400.5227777777777
239.90459437180988, 2395.6683333333335
240.36354090488823, 2470.912222222222
240.82244828697142, 2422.367777777778
241.28131649753738, 2417.5133333333333
241.740145516064, 2424.795
242.1989353220291, 2466.0577777777776
242.65768589491063, 2461.2033333333334
243.1163972141864, 2402.95
243.5750692593344, 2419.9405555555554
244.03370200983244, 2417.5133333333333
244.49229544515842, 2463.6305555555555
244.95084954479023, 2470.912222222222
245.40936428820572, 2393.241111111111
245.8678396548828, 2453.9216666666666
246.3262756242994, 2381.105
246.7846721759333, 2441.7855555555557
247.2430292892625, 2388.3866666666668
247.7013469437648, 2412.6588888888887
248.15962511891811, 2529.1655555555553
248.61786379420033, 2424.795
249.0760629490893, 2461.2033333333334
249.53422256306294, 2473.3394444444443
249.9923426155991, 2485.4755555555557
250.4504230861757, 2407.8044444444445
250.90846395427067, 2470.912222222222
251.3664651993618, 2422.367777777778
251.82442680092703, 2456.3488888888887
252.2823487384442, 2483.048333333333
252.7402309913912, 2444.212777777778
253.19807353924597, 2436.931111111111
253.65587636148632, 2485.4755555555557
254.1136394375902, 2444.212777777778
254.57136274703547, 2534.02
255.02904626929998, 2422.367777777778
255.48668998386165, 2434.503888888889
255.94429387019835, 2507.3205555555555
256.401857907788, 2432.076666666667
256.8593820761084, 2361.6872222222223
257.3168663546375, 2451.4944444444445
257.77431072285316, 2451.4944444444445
258.2317151602333, 2536.447222222222
258.6890796462558, 2383.532222222222
259.14640416039845, 2429.6494444444443
259.6036886821393, 2485.4755555555557
260.0609331909561, 2432.076666666667
260.51813766632677, 2415.086111111111
260.9753020877292, 2456.3488888888887
261.4324264346412, 2453.9216666666666
261.8895106865408, 2429.6494444444443
262.3465548229058, 2466.0577777777776
262.8035588232141, 2427.222222222222
263.26052266694353, 2468.485
263.717446333572, 2402.95
264.1743298025776, 2419.9405555555554
264.6311730534378, 2429.6494444444443
265.0879760656308, 2434.503888888889
265.5447388186344, 2458.7761111111113
266.00146129192643, 2407.8044444444445
266.4581434649849, 2507.3205555555555
266.91478531728757, 2512.175
267.3713868283124, 2422.367777777778
267.82794797753724, 2614.1183333333333
268.28446874443995, 2468.485
268.7409491084984, 2429.6494444444443
269.19738904919063, 2461.2033333333334
269.6537885459943, 2475.766666666667
270.1101475783875, 2468.485
270.56646612584797, 2347.123888888889
271.0227441678536, 2419.9405555555554
271.4789816838824, 2427.222222222222
271.93517865341204, 2356.8327777777777
272.3913350559207, 2381.105
272.84745087088595, 2373.8233333333333
273.3035260777859, 2410.2316666666666
273.7595606560983, 2434.503888888889
274.2155545853011, 2466.0577777777776
274.6715078448722, 2439.358333333333
275.1274204142894, 2427.222222222222
275.58329227303074, 2546.156111111111
276.0391234005739, 2485.4755555555557
276.4949137763969, 2483.048333333333
276.9506633799776, 2444.212777777778
277.4063721907939, 2492.757222222222
277.8620401883236, 2400.5227777777777
278.3176673520446, 2444.212777777778
278.773253661435, 2432.076666666667
279.22879909597236, 2509.7477777777776
279.68430363513477, 2407.8044444444445
280.1397672584, 2449.0672222222224
280.595189945246, 2485.4755555555557
281.05057167515076, 2466.0577777777776
281.5059124275919, 2466.0577777777776
281.9612121820476, 2449.0672222222224
282.4164709179954, 2429.6494444444443
282.87168861491347, 2521.883888888889
283.3268652522797, 2385.9594444444447
283.78200080957174, 2453.9216666666666
284.2370952662677, 2444.212777777778
284.6921486018453, 2487.902777777778
285.14716079578255, 2509.7477777777776
285.60213182755723, 2543.728888888889
286.0570616766474, 2456.3488888888887
286.5119503225307, 2461.2033333333334
286.9667977446852, 2434.503888888889
287.4216039225886, 2432.076666666667
287.87636883571895, 2521.883888888889
288.33109246355417, 2449.0672222222224
288.785774785572, 2456.3488888888887
289.2404157812505, 2432.076666666667
289.6950154300672, 2500.038888888889
290.14957371150035, 2393.241111111111
290.60409060502775, 2473.3394444444443
291.05856609012716, 2419.9405555555554
291.51300014627657, 2417.5133333333333
291.96739275295386, 2417.5133333333333
292.42174388963684, 2446.64
292.8760535358034, 2432.076666666667
293.3303216709316, 2434.503888888889
293.7845482744991, 2492.757222222222
294.2387333259839, 2410.2316666666666
294.6928768048639, 2453.9216666666666
295.14697869061683, 2417.5133333333333
295.6010389627208, 2451.4944444444445
296.05505760065347, 2427.222222222222
296.50903458389297, 2458.7761111111113
296.9629698919169, 2461.2033333333334
297.4168635042034, 2463.6305555555555
297.8707154002302, 2466.0577777777776
298.32452555947515, 2502.4661111111113
298.7782939614164, 2463.6305555555555
299.2320205855315, 2417.5133333333333
299.6857054112985, 2490.33
300.1393484181953, 2444.212777777778
300.5929495856997, 2417.5133333333333
301.0465088932897, 2432.076666666667
301.50002632044306, 2492.757222222222
301.9535018466377, 2461.2033333333334
302.40693545135156, 2475.766666666667
302.8603271140625, 2473.3394444444443
303.31367681424837, 2422.367777777778
303.7669845313871, 2509.7477777777776
304.2202502449565, 2373.8233333333333
304.6734739344345, 2449.0672222222224
305.12665557929904, 2422.367777777778
305.57979515902787, 2383.532222222222
306.03289265309905, 2441.7855555555557
306.4859480409903, 2485.4755555555557
306.93896130217956, 2410.2316666666666
307.39193241614487, 2432.076666666667
307.8448613623638, 2466.0577777777776
308.2977481203145, 2436.931111111111
308.75059266947466, 2400.5227777777777
309.20339498932225, 2487.902777777778
309.6561550593353, 2417.5133333333333
310.10887285899145, 2439.358333333333
310.56154836776875, 2478.193888888889
311.01418156514495, 2487.902777777778
311.46677243059804, 2497.6116666666667
311.9193209436059, 2512.175
312.37182708364634, 2483.048333333333
312.8242908301973, 2478.193888888889
313.27671216273677, 2449.0672222222224
313.7290910607424, 2415.086111111111
314.1814275036922, 2427.222222222222
314.63372147106406, 2461.2033333333334
315.08597294233584, 2410.2316666666666
315.53818189698546, 2458.7761111111113
315.99034831449075, 2500.038888888889
316.44247217432957, 2483.048333333333
316.8945534559799, 2412.6588888888887
317.3465921389196, 2478.193888888889
317.7985882026266, 2497.6116666666667
318.2505416265786, 2427.222222222222
318.7024523902536, 2441.7855555555557
319.1543204731295, 2475.766666666667
319.6061458546842, 2468.485
320.0579285143956, 2458.7761111111113
320.50966843174143, 2439.358333333333
320.9613655861997, 2417.5133333333333
321.4130199572483, 2468.485
321.86463152436505, 2434.503888888889
322.3162002670279, 2434.503888888889
322.76772616471476, 2429.6494444444443
323.2192091969033, 2492.757222222222
323.6706493430717, 2497.6116666666667
324.1220465826977, 2417.5133333333333
324.5734008952591, 2451.4944444444445
325.0247122602339, 2531.592777777778
325.4759806571, 2417.5133333333333
325.9272060653352, 2458.7761111111113
326.3783884644174, 2502.4661111111113
326.8295278338246, 2470.912222222222
327.2806241530346, 2490.33
327.7316774015252, 2405.3772222222224
328.1826875587743, 2444.212777777778
328.63365460425996, 2509.7477777777776
329.08457851745993, 2514.6022222222223
329.5354592778521, 2446.64
329.9862968649143, 2432.076666666667
330.4370912581245, 2485.4755555555557
330.88784243696057, 2398.0955555555556
331.3385503809005, 2429.6494444444443
331.78921506942197, 2473.3394444444443
332.2398364820029, 2500.038888888889
332.69041459812127, 2449.0672222222224
333.1409493972549, 2400.5227777777777
333.59144085888175, 2473.3394444444443
334.0418889624796, 2446.64
334.49229368752646, 2436.931111111111
334.94265501350003, 2463.6305555555555
335.3929729198783, 2439.358333333333
335.8432473861392, 2519.4566666666665
336.29347839176063, 2575.282777777778
336.7436659162204, 2531.592777777778
337.19380993899625, 2490.33
337.6439104395663, 2458.7761111111113
338.0939673974084, 2446.64
338.5439807920004, 2429.6494444444443
338.9939506028201, 2461.2033333333334
339.4438768093455, 2500.038888888889
339.89375939105446, 2410.2316666666666
340.34359832742473, 2478.193888888889
340.7933935979344, 2449.0672222222224
341.24314518206126, 2480.621111111111
341.69285305928315, 2509.7477777777776
342.14251720907805, 2453.9216666666666
342.5921376109237, 2487.902777777778
343.0417142442982, 2424.795
343.4912470886792, 2398.0955555555556
343.9407361235448, 2514.6022222222223
344.39018132837265, 2495.1844444444446
344.8395826826408, 2497.6116666666667
345.2889401658271, 2398.0955555555556
345.73825375740944, 2483.048333333333
346.1875234368658, 2444.212777777778
346.63674918367377, 2434.503888888889
347.0859309773115, 2429.6494444444443
347.53506879725677, 2468.485
347.9841626229875, 2480.621111111111
348.4332124339816, 2529.1655555555553
348.8822182097168, 2354.4055555555556
349.33117992967124, 2502.4661111111113
349.78009757332256, 2478.193888888889
350.2289711201488, 2480.621111111111
350.67780054962776, 2461.2033333333334
351.1265858412374, 2500.038888888889
351.5753269744555, 2441.7855555555557
352.02402392876, 2434.503888888889
352.47267668362883, 2509.7477777777776
352.92128521853977, 2417.5133333333333
353.36984951297086, 2422.367777777778
353.81836954639977, 2456.3488888888887
354.26684529830453, 2373.8233333333333
354.715276748163, 2456.3488888888887
355.1636638754531, 2468.485
355.61200665965265, 2441.7855555555557
356.0603050802395, 2444.212777777778
356.50855911669163, 2441.7855555555557
356.9567687484869, 2444.212777777778
357.4049339551032, 2512.175
357.85305471601833, 2427.222222222222
358.30113101071026, 2461.2033333333334
358.7491628186568, 2480.621111111111
359.1971501193359, 2504.8933333333334
359.64509289222553, 2461.2033333333334
360.0929911168034, 2449.0672222222224
360.5408447725474, 2446.64
360.98865383893553, 2451.4944444444445
361.4364182954456, 2429.6494444444443
361.88413812155545, 2407.8044444444445
362.3318132967432, 2458.7761111111113
362.7794438004865, 2473.3394444444443
363.2270296122632, 2427.222222222222
363.6745707115514, 2453.9216666666666
364.1220670778288, 2473.3394444444443
364.5695186905733, 2473.3394444444443
365.01692552926295, 2466.0577777777776
365.46428757337543, 2371.396111111111
365.9116048023887, 2500.038888888889
366.3588771957806, 2500.038888888889
366.80610473302926, 2427.222222222222
367.25328739361225, 2458.7761111111113
367.7004251570076, 2473.3394444444443
368.14751800269306, 2495.1844444444446
368.59456591014674, 2466.0577777777776
369.0415688588464, 2410.2316666666666
369.4885268282698, 2439.358333333333
369.9354397978952, 2432.076666666667
370.3823077472, 2429.6494444444443
370.82913065566237, 2536.447222222222
371.2759085027602, 2458.7761111111113
371.7226412679713, 2526.7383333333332
372.1693289307736, 2461.2033333333334
372.615971470645, 2541.3016666666667
373.0625688670632, 2419.9405555555554
373.5091210995062, 2473.3394444444443
373.95562814745205, 2487.902777777778
374.4020899903785, 2432.076666666667
374.8485066077633, 2470.912222222222
375.29487797908456, 2385.9594444444447
375.74120408382, 2417.5133333333333
376.1874849014476, 2463.6305555555555
376.6337204114452, 2456.3488888888887
377.07991059329066, 2490.33
377.52605542646194, 2495.1844444444446
377.9721548904368, 2439.358333333333
378.41820896469335, 2456.3488888888887
378.8642176287092, 2541.3016666666667
379.31018086196246, 2466.0577777777776
379.75609864393084, 2531.592777777778
380.2019709540923, 2468.485
380.64779777192473, 2439.358333333333
381.093579076906, 2500.038888888889
381.5393148485141, 2400.5227777777777
381.98500506622673, 2432.076666666667
382.43064970952184, 2492.757222222222
382.87624875787736, 2497.6116666666667
383.32180219077117, 2466.0577777777776
383.76730998768113, 2444.212777777778
384.2127721280851, 2451.4944444444445
384.658188591461, 2543.728888888889
385.1035593572866, 2492.757222222222
385.54888440504004, 2444.212777777778
385.994163714199, 2446.64
386.4393972642414, 2441.7855555555557
386.8845850346451, 2483.048333333333
387.32972700488807, 2480.621111111111
387.77482315444814, 2466.0577777777776
388.2198734628032, 2444.212777777778
388.66487790943114, 2432.076666666667
389.1098364738098, 2456.3488888888887
389.55474913541707, 2538.8744444444446
389.99961587373093, 2453.9216666666666
390.44443666822923, 2456.3488888888887
390.8892114983898, 2456.3488888888887
391.3339403436905, 2497.6116666666667
391.7786231836093, 2451.4944444444445
392.2232599976239, 2436.931111111111
392.6678507652125, 2487.902777777778
393.11239546585284, 2492.757222222222
393.55689407902264, 2458.7761111111113
394.0013465841999, 2480.621111111111
394.4457529608626, 2468.485
394.89011318848856, 2458.7761111111113
395.3344272465556, 2417.5133333333333
395.77869511454173, 2468.485
396.22291677192464, 2466.0577777777776
396.6670921981824, 2497.6116666666667
397.1112213727928, 2492.757222222222
397.55530427523377, 2434.503888888889
397.99934088498316, 2429.6494444444443
398.4433311815189, 2526.7383333333332
398.8872751443188, 2429.6494444444443
399.33117275286077, 2407.8044444444445
399.7750239866227, 2446.64
400.2188288250826, 2507.3205555555555
400.6625872477181, 2512.175
401.1062992340072, 2434.503888888889
401.5499647634279, 2395.6683333333335
401.99358381545795, 2487.902777777778
402.43715636957535, 2546.156111111111
402.8806824052578, 2495.1844444444446
403.3241619019833, 2456.3488888888887
403.7675948392297, 2451.4944444444445
404.2109811964749, 2492.757222222222
404.6543209531968, 2478.193888888889
405.0976140888734, 2434.503888888889
405.5408605829823, 2497.6116666666667
405.9840604150016, 2495.1844444444446
406.4272135644091, 2466.0577777777776
406.87032001068275, 2492.757222222222
407.3133797333004, 2500.038888888889
407.7563927117399, 2517.0294444444444
408.1993589254791, 2463.6305555555555
408.64227835399595, 2463.6305555555555
409.08515097676843, 2417.5133333333333
409.52797677327436, 2427.222222222222
409.97075572299144, 2478.193888888889
410.4134878053977, 2451.4944444444445
410.856172999971, 2441.7855555555557
411.2988112861894, 2453.9216666666666
411.74140264353053, 2463.6305555555555
412.18394705147244, 2463.6305555555555
412.6264444894928, 2451.4944444444445
413.0688949370698, 2407.8044444444445
413.5112983736811, 2432.076666666667
413.9536547788046, 2441.7855555555557
414.39596413191833, 2466.0577777777776
414.83822641250003, 2456.3488888888887
415.2804416000276, 2492.757222222222
415.722609673979, 2456.3488888888887
416.16473061383203, 2461.2033333333334
416.6068043990647, 2385.9594444444447
417.0488310091547, 2463.6305555555555
417.49081042358, 2456.3488888888887
417.93274262181853, 2478.193888888889
418.37462758334823, 2485.4755555555557
418.8164652876469, 2475.766666666667
419.25825571419233, 2470.912222222222
419.6999988424625, 2473.3394444444443
420.1416946519353, 2444.212777777778
420.58334312208865, 2512.175
421.02494423240046, 2512.175
421.46649796234846, 2485.4755555555557
421.9080042914106, 2446.64
422.34946319906476, 2436.931111111111
422.7908746647889, 2441.7855555555557
423.2322386680608, 2572.8555555555554
423.6735551883584, 2468.485
424.1148242051596, 2468.485
424.55604569794224, 2463.6305555555555
424.99721964618425, 2456.3488888888887
425.43834602936346, 2439.358333333333
425.87942482695786, 2444.212777777778
426.32045601844516, 2429.6494444444443
426.7614395833034, 2509.7477777777776
427.20237550101035, 2473.3394444444443
427.643263751044, 2366.5416666666665
428.0841043128821, 2441.7855555555557
428.5248971660027, 2536.447222222222
428.96564228988353, 2500.038888888889
429.4063396640026, 2500.038888888889
429.8469892678377, 2470.912222222222
430.2875910808667, 2504.8933333333334
430.72814508256766, 2458.7761111111113
431.1686512524183, 2558.2922222222223
431.6091095698964, 2509.7477777777776
432.04952001448015, 2461.2033333333334
432.48988256564724, 2444.212777777778
432.93019720287555, 2526.7383333333332
433.37046390564296, 2495.1844444444446
433.8106826534275, 2470.912222222222
434.2508534257068, 2529.1655555555553
434.690976201959, 2553.4377777777777
435.13105096166186, 2507.3205555555555
435.57107768429324, 2497.6116666666667
436.011056349331, 2446.64
436.4509869362532, 2529.1655555555553
436.8908694245375, 2468.485
437.330703793662, 2531.592777777778
437.7704900231044, 2546.156111111111
438.2102280923426, 2453.9216666666666
438.64991798085464, 2436.931111111111
439.0895596681183, 2517.0294444444444
439.52915313361143, 2538.8744444444446
439.968698356812, 2502.4661111111113
440.4081953171978, 2480.621111111111
440.84764399424677, 2536.447222222222
441.28704436743686, 2492.757222222222
441.7263964162458, 2538.8744444444446
442.1657001201515, 2524.311111111111
442.604955458632, 2509.7477777777776
443.044162411165, 2415.086111111111
443.48332095722856, 2543.728888888889
443.92243107630037, 2509.7477777777776
444.36149274785845, 2458.7761111111113
444.80050595138067, 2519.4566666666665
445.2394706663448, 2509.7477777777776
445.67838687222894, 2536.447222222222
446.11725454851074, 2519.4566666666665
446.5560736746682, 2546.156111111111
446.99484423017924, 2480.621111111111
447.4335661945217, 2529.1655555555553
447.8722395471734, 2453.9216666666666
448.3108642676124, 2480.621111111111
448.74944033531636, 2449.0672222222224
449.18796772976333, 2485.4755555555557
449.6264464304311, 2470.912222222222
450.0648764167976, 2480.621111111111
450.5032576683408, 2568.001111111111
450.94159016453835, 2517.0294444444444
451.37987388486823, 2546.156111111111
451.8181088088085, 2485.4755555555557
452.25629491583686, 2466.0577777777776
452.6944321854313, 2475.766666666667
453.1325205970696, 2517.0294444444444
453.5705601302296, 2458.7761111111113
454.00855076438944, 2453.9216666666666
454.44649247902674, 2570.4283333333333
454.8843852536195, 2468.485
455.32222906764554, 2555.865
455.76002390058284, 2555.865
456.19776973190926, 2519.4566666666665
456.63546654110263, 2509.7477777777776
457.07311430764076, 2584.991666666667
457.5107130110018, 2483.048333333333
457.9482626306634, 2555.865
458.38576314610356, 2470.912222222222
458.82321453680004, 2451.4944444444445
459.2606167822308, 2546.156111111111
459.69796986187373, 2587.418888888889
460.13527375520675, 2521.883888888889
460.5725284417076, 2509.7477777777776
461.0097339008544, 2490.33
461.44689011212483, 2453.9216666666666
461.8839970549969, 2572.8555555555554
462.3210547089484, 2543.728888888889
462.7580630534572, 2582.5644444444442
463.1950220680013, 2456.3488888888887
463.63193173205855, 2470.912222222222
464.0687920251067, 2512.175
464.5056029266238, 2468.485
464.9423644160876, 2424.795
465.3790764729762, 2492.757222222222
465.8157390767672, 2529.1655555555553
466.2523522069386, 2597.1277777777777
466.6889158429684, 2555.865
467.12542996433433, 2563.1466666666665
467.5618945505144, 2538.8744444444446
467.9983095809864, 2490.33
468.4346750352282, 2543.728888888889
468.8709908927178, 2555.865
469.30725713293293, 2449.0672222222224
469.7434737353516, 2504.8933333333334
470.1796406794516, 2548.5833333333335
470.6157579447109, 2526.7383333333332
471.05182551060733, 2555.865
471.4878433566188, 2531.592777777778
471.9238114622231, 2541.3016666666667
472.35972980689826, 2597.1277777777777
472.7955983701221, 2584.991666666667
473.23141713137244, 2580.137222222222
473.66718607012734, 2548.5833333333335
474.1029051658645, 2621.4
474.53857439806194, 2611.6911111111112
474.97419374619733, 2584.991666666667
475.4097631897488, 2655.3811111111113
475.84528270819413, 2563.1466666666665
476.28075228101125, 2580.137222222222
476.71617188767794, 2686.935
477.15154150767216, 2643.245
477.5868611204718, 2665.09
478.0221307055547, 2779.1694444444443
478.4573502423987, 2742.761111111111
478.89251971048185, 2713.6344444444444
479.3276390892819, 2730.625
479.76270835827677, 2694.2166666666667
480.19772749694437, 2769.4605555555554
480.6326964847625, 2776.742222222222
481.0676153012091, 2844.7044444444446
481.50248392576214, 2813.1505555555555
481.9373023378993, 2888.3944444444446
482.3720705170987, 2939.366111111111
482.80678844283807, 2847.1316666666667
483.2414560945953, 2808.2961111111113
483.6760734518483, 2932.0844444444447
484.110640494075, 3004.9011111111113
484.5451572007532, 3024.318888888889
484.9796235513608, 3075.2905555555553
485.41403952537576, 3118.9805555555554
485.8484051022759, 3065.5816666666665
486.2827202615391, 3194.2244444444445
486.7169849826432, 3155.3888888888887
487.1511992450663, 3359.2755555555555
487.585363028286, 3269.4683333333332
488.01947631178035, 3325.2944444444443
488.4535390750272, 3264.613888888889
488.88755129750444, 3419.956111111111
489.32151295868994, 3546.1716666666666
489.75542403806156, 3548.5988888888887
490.1892845150972, 3534.0355555555557
490.6230943692748, 3677.241666666667
491.05685358007213, 3745.2038888888887
491.4905621269672, 3764.6216666666664
491.9242199894378, 3859.2833333333333
492.3578271469619, 4007.343888888889
492.7913835790173, 4063.17
493.2248892650819, 4014.6255555555554
493.65834418463356, 4102.0055555555555
494.09174831715035, 4247.638888888889
494.52510164210986, 4335.018888888889
494.9584041389902, 4432.107777777778
495.3916557872692, 4572.886666666666
495.8248565664246, 4684.538888888889
496.25800645593455, 4844.735555555556
496.69110543527665, 4849.59
497.124153483929, 5053.4766666666665
497.5571505813694, 5220.955
497.99009670707574, 5223.3822222222225
498.42299184052587, 5415.132777777778
498.8558359611977, 5616.5922222222225
499.28862904856913, 5781.643333333333
499.72137108211814, 5883.586666666667
500.15406204132233, 6065.628333333333
500.5867019056598, 6330.195555555556
501.01929065460854, 6335.05
501.45182826764614, 6534.082222222222
501.8843147242507, 6769.522777777778
502.3167500039, 7087.488888888889
502.749134086072, 7352.056111111111
503.1814669502445, 7417.591111111111
503.6137485758955, 7672.449444444444
504.04597894250264, 8012.260555555556
504.4781580295442, 8284.109444444444
504.9102858164977, 8405.470555555556
505.3423622828412, 8740.427222222223
505.7743874080526, 8968.586111111112
506.20636117160956, 9502.575
506.63828355299034, 9390.922777777778
507.07015453167253, 10024.427777777777
507.50197408713404, 10182.197222222223
507.93374219885294, 10407.92888888889
508.36545884630686, 10708.904444444444
508.7971240089739, 11279.301666666666
509.2287376663318, 11354.545555555556
509.66029979785856, 11738.046666666667
510.0918103830321, 12104.557222222222
510.5232694013299, 12386.115
510.9546768322305, 12645.827777777778
511.3860326552112, 12922.531111111111
511.81733684975023, 13327.877222222221
512.2485893953253, 13563.317777777778
512.6797902714144, 13854.584444444445
513.1109394574953, 14194.395555555555
513.5420369330461, 14342.45611111111
513.9730826775443, 14514.788888888888
514.4040766704684, 14755.083888888888
514.8350188912955, 15002.660555555556
515.2659093195042, 15463.832777777778
515.6967479345718, 15575.485
516.1275347159767, 15925.005
516.5582696431964, 15883.742222222223
516.9889526957089, 15847.333888888888
517.4195838529922, 16165.3
517.8501630945242, 16425.012777777778
518.2806903997824, 16614.33611111111
518.7111657482452, 16425.012777777778
519.1415891193901, 16818.222777777777
519.5719604926952, 16759.969444444443
520.0022798476382, 16874.04888888889
520.4325471636973, 16793.950555555555
520.8627624203501, 16772.105555555554
521.2929255970745, 16915.31166666667
521.7230366733485, 16628.899444444443
522.1530956286498, 16653.171666666665
522.5831024424566, 16810.94111111111
523.0130570942465, 16835.213333333333
523.4429595634975, 16478.411666666667
523.8728098296876, 16228.407777777778
524.3026078722943, 16449.285
524.732353670796, 16276.952222222222
525.1620472046701, 15939.568333333333
525.5916884533947, 15604.611666666666
526.0212773964479, 15636.165555555555
526.4508140133071, 15361.889444444445
526.8802982834507, 15408.006666666666
527.3097301863561, 14888.58111111111
527.7391097015015, 15012.369444444445
528.168436808365, 14733.238888888889
528.5977114864237, 14230.80388888889
529.0269337151562, 14284.202777777778
529.4561034740402, 14140.996666666666
529.8852207425534, 13755.068333333333
530.314285500174, 13568.172222222222
530.7432977263796, 13398.266666666666
531.1722574006484, 13031.756111111112
531.6011645024578, 12995.347777777777
532.030019011286, 12791.461111111112
532.458820906611, 12471.067777777778
532.8875701679102, 12031.740555555556
533.3162667746622, 12012.322777777777
533.7449107063443, 11883.68
534.1735019424347, 11529.305555555555
534.602040462411, 11524.451111111111
535.0305262457513, 11468.625
535.4589592719335, 10876.382777777777
535.8873395204353, 10852.110555555555
536.3156669707347, 10844.82888888889
536.7439416023096, 10614.242777777778
537.1721633946379, 10274.431666666667
537.6003323271975, 10288.995
538.028448379466, 10029.282222222222
538.4565115309218, 9886.076111111111
538.8845217610424, 9711.316111111111
539.3124790493057, 9449.176111111112
539.7403833751898, 9354.514444444445
540.1682347181724, 9153.055
540.5960330577315, 8890.915
541.0237783733447, 8866.642777777777
541.4514706444902, 8580.230555555556
541.8791098506459, 8616.638888888889
542.3066959712894, 8538.967777777778
542.7342289858989, 8344.79
543.1617088739521, 8230.710555555555
543.5891356149269, 8043.814444444444
544.0165091883014, 7970.997777777778
544.4438295735529, 7893.326666666667
544.8710967501598, 7568.078888888889
545.2983106976, 7364.192222222222
545.7254713953512, 7524.388888888889
546.1525788228913, 7274.385
546.5796329596982, 7153.023888888889
547.0066337852497, 7024.381111111111
547.4335812790239, 7029.235555555556
547.8604754204986, 6992.827222222222
548.2873161891516, 6716.123888888889
548.7141035644607, 6611.753333333333
549.140837525904, 6665.152222222222
549.5675180529594, 6453.983888888889
549.9941451251045, 6347.186111111111
550.4207187218174, 6257.3788888888885
550.847238822576, 6128.736111111111
551.2737054068582, 6000.093333333333
551.7001184541417, 5898.15
552.1264779439044, 5825.333333333333
552.5527838556245, 5903.004444444445
552.9790361687795, 5633.582777777778
553.4052348628476, 5832.615
553.8313799173064, 5626.301111111111
554.2574713116339, 5536.493888888889
554.6835090253081, 5473.386111111111
555.1094930378068, 5352.025
555.5354233286079, 5208.818888888889
555.961299877189, 5145.711111111111
556.3871226630284, 5075.321666666667
556.8128916656038, 5097.166666666667
557.2386068643932, 4871.435
557.6642682388743, 4844.735555555556
558.0898757685251, 4924.833888888889
558.5154294328235, 4830.172222222222
558.9409292112473, 4750.073888888889
559.3663750832743, 4645.703333333333
559.7917670283828, 4691.820555555556
560.2171050260499, 4638.421666666667
560.6423890557544, 4558.323333333334
561.0676190969735, 4487.933888888889
561.4927951291855, 4398.126666666667
561.9179171318682, 4449.098333333333
562.3429850844992, 4276.765555555556
562.7679989665568, 4218.512222222223
563.1929587575185, 4230.6483333333335
563.6178644368624, 4138.413888888889
564.0427159840664, 4128.705
564.4675133786083, 4160.258888888889
564.892256599966, 4063.17
565.3169456276173, 3966.081111111111
565.7415804410404, 4007.343888888889
566.1661610197128, 3929.672777777778
566.5906873431126, 3878.701111111111
567.0151593907176, 3849.5744444444445
567.4395771420056, 3864.137777777778
567.8639405764549, 3825.302222222222
568.2882496735427, 3767.048888888889
568.7125044127475, 3713.65
569.136704773547, 3742.7766666666666
569.560850735419, 3686.9505555555556
569.9849422778414, 3720.931666666667
570.408979380292, 3575.298333333333
570.8329620222488, 3577.7255555555557
571.2568901831899, 3597.1433333333334
571.6807638425926, 3606.8522222222223
572.1045829799353, 3531.608333333333
572.5283475746957, 3589.8616666666667
572.9520576063518, 3529.181111111111
573.3757130543813, 3470.927777777778
573.7993138982621, 3427.237777777778
574.2228601174724, 3461.218888888889
574.6463516914896, 3422.383333333333
575.069788599792, 3378.693333333333
575.4931708218572, 3446.6555555555556
575.916498337163, 3429.665
576.3397711251878, 3368.9844444444443
576.7629891654091, 3315.5855555555554
577.1861524373047, 3308.303888888889
577.6092609203528, 3269.4683333333332
578.0323145940308, 3288.886111111111
578.4553134378172, 3211.215
578.8782574311896, 3267.041111111111
579.3011465536257, 3169.952222222222
579.7239807846037, 3296.1677777777777
580.146760103601, 3194.2244444444445
580.5694844900961, 3247.6233333333334
580.9921539235664, 3150.5344444444445
581.4147683834901, 3233.06
581.8373278493451, 3135.971111111111
582.2598323006089, 3177.233888888889
582.6822817167598, 3116.5533333333333
583.1046760772754, 3072.8633333333332
583.5270153616337, 3148.1072222222224
583.9492995493126, 2983.056111111111
584.3715286197901, 3080.145
584.7937025525439, 3075.2905555555553
585.2158213270517, 3024.318888888889
585.6378849227918, 3021.891666666667
586.059893319242, 2978.201666666667
586.4818464958798, 3026.746111111111
586.9037444321838, 3063.1544444444444
587.3255871076311, 3009.7555555555555
587.7473745017, 3012.1827777777776
588.1691065938684, 2980.628888888889
588.590783363614, 2990.337777777778
589.0124047904148, 2912.6666666666665
589.4339708537487, 2910.2394444444444
589.8554815330937, 2818.005
590.2769368079274, 3002.4738888888887
590.6983366577279, 2915.093888888889
591.1196810619729, 2871.403888888889
591.5409700001403, 2830.141111111111
591.9622034517083, 2905.385
592.3833813961545, 2939.366111111111
592.8045038129568, 2885.967222222222
593.2255706815931, 2912.6666666666665
593.6465819815413, 2936.938888888889
594.0675376922794, 2919.9483333333333
594.488437793285, 2868.9766666666665
594.9092822640364, 2856.8405555555555
595.3300710840113, 2895.676111111111
595.7508042326872, 2834.9955555555557
596.1714816895425, 2888.3944444444446
596.5921034340548, 2771.887777777778
597.0126694457022, 2842.277222222222
597.4331797039623, 2822.8594444444443
597.8536341883132, 2837.422777777778
598.2740328782329, 2767.0333333333333
598.6943757531989, 2791.3055555555557
599.1146627926894, 2796.16
599.5348939761823, 2747.6155555555556
599.9550692831551, 2793.7327777777778
600.3751886930862, 2754.8972222222224
600.795252185453, 2801.0144444444445
601.2152597397338, 2885.967222222222
601.6352113354062, 2769.4605555555554
602.0551069519482, 2742.761111111111
602.4749465688378, 2825.286666666667
602.8947301655527, 2776.742222222222
603.3144577215706, 2774.315
603.7341292163699, 2745.1883333333335
604.153744629428, 2830.141111111111
604.5733039402232, 2754.8972222222224
604.9928071282329, 2832.568333333333
605.4122541729356, 2752.47
605.8316450538086, 2810.7233333333334
606.2509797503302, 2742.761111111111
606.670258241978, 2737.9066666666668
607.0894805082299, 2762.178888888889
607.5086465285641, 2752.47
607.9277562824581, 2679.653333333333
608.3468097493899, 2757.3244444444445
608.7658069088376, 2691.7894444444446
609.1847477402787, 2718.488888888889
609.6036322231914, 2781.596666666667
610.0224603370534, 2745.1883333333335
610.4412320613428, 2735.4794444444447
610.8599473755373, 2735.4794444444447
611.2786062591147, 2779.1694444444443
611.6972086915533, 2737.9066666666668
612.1157546523305, 2757.3244444444445
612.5342441209243, 2718.488888888889
612.952677076813, 2684.507777777778
613.3710534994736, 2686.935
613.789373368385, 2623.827222222222
614.2076366630243, 2740.333888888889
614.62584336287, 2672.3716666666664
615.0439934473997, 2718.488888888889
615.4620868960909, 2689.362222222222
615.8801236884221, 2686.935
616.298103803871, 2633.536111111111
616.7160272219153, 2682.0805555555557
617.1338939220329, 2682.0805555555557
617.5517038837019, 2716.0616666666665
617.9694570864001, 2577.71
618.3871535096054, 2672.3716666666664
618.8047931327956, 2657.8083333333334
619.2223759354484, 2648.0994444444445
619.6399018970421, 2635.963333333333
620.0573709970545, 2601.9822222222224
620.4747832149632, 2580.137222222222
620.8921385302463, 2655.3811111111113
621.3094369223816, 2626.2544444444443
621.7266783708471, 2728.197777777778
622.1438628551207, 2638.3905555555557
622.5609903546799, 2606.8366666666666
622.9780608490031, 2592.2733333333335
623.395074317568, 2655.3811111111113
623.8120307398522, 2618.972777777778
624.228930095334, 2669.9444444444443
624.645772363491, 2689.362222222222
625.0625575238014, 2609.2638888888887
625.4792855557428, 2582.5644444444442
625.8959564387931, 2611.6911111111112
626.3125701524302, 2628.681666666667
626.7291266761321, 2677.226111111111
627.1456259893766, 2568.001111111111
627.5620680716416, 2643.245
627.978452902405, 2662.6627777777776
628.3947804611447, 2592.2733333333335
628.8110507273384, 2606.8366666666666
629.2272636804644, 2606.8366666666666
629.6434193000001, 2643.245
630.0595175654236, 2652.9538888888887
630.4755584562129, 2657.8083333333334
630.8915419518455, 2606.8366666666666
631.3074680317999, 2621.4
631.7233366755535, 2555.865
632.1391478625843, 2614.1183333333333
632.5549015723702, 2582.5644444444442
632.9705977843889, 2553.4377777777777
633.3862364781188, 2565.573888888889
633.8018176330373, 2589.846111111111
634.2173412286224, 2594.7005555555556
634.6328072443522, 2623.827222222222
635.0482156597042, 2623.827222222222
635.4635664541566, 2623.827222222222
635.8788596071872, 2635.963333333333
636.2940950982738, 2609.2638888888887
636.7092729068943, 2609.2638888888887
637.1243930125266, 2706.3527777777776
637.5394553946488, 2560.7194444444444
637.9544600327383, 2577.71
638.3694069062735, 2568.001111111111
638.784295994732, 2621.4
639.1991272775919, 2568.001111111111
639.6139007343309, 2534.02
640.0286163444265, 2606.8366666666666
640.4432740873574, 2582.5644444444442
640.857873942601, 2638.3905555555557
641.2724158896351, 2645.6722222222224
641.686899907938, 2546.156111111111
642.101325976987, 2572.8555555555554
642.5156940762606, 2584.991666666667
642.9300041852364, 2626.2544444444443
643.344256283392, 2679.653333333333
643.758450350206, 2584.991666666667
644.1725863651554, 2570.4283333333333
644.5866643077189, 2584.991666666667
645.0006841573738, 2558.2922222222223
645.4146458935983, 2570.4283333333333
645.8285494958702, 2609.2638888888887
646.2423949436671, 2601.9822222222224
646.6561822164675, 2555.865
647.0699112937488, 2601.9822222222224
647.483582154989, 2534.02
647.897194779666, 2577.71
648.3107491472578, 2565.573888888889
648.724245237242, 2580.137222222222
649.1376830290968, 2609.2638888888887
649.5510625022998, 2638.3905555555557
649.964383636329, 2616.5455555555554
650.3776464106625, 2652.9538888888887
650.790850804778, 2553.4377777777777
651.2039967981532, 2577.71
651.6170843702662, 2568.001111111111
652.0301135005949, 2577.71
652.443084168617, 2594.7005555555556
652.8559963538107, 2575.282777777778
653.2688500356536, 2534.02
653.6816451936236, 2563.1466666666665
654.0943818071987, 2509.7477777777776
654.5070598558568, 2517.0294444444444
654.9196793190757, 2551.0105555555556
655.3322401763332, 2638.3905555555557
655.7447424071077, 2551.0105555555556
656.1571859908762, 2538.8744444444446
656.5695709071173, 2546.156111111111
656.9818971353087, 2568.001111111111
657.394164654928, 2601.9822222222224
657.8063734454535, 2558.2922222222223
658.2185234863628, 2621.4
658.6306147571338, 2599.555
659.0426472372449, 2621.4
659.454620906173, 2521.883888888889
659.8665357433969, 2519.4566666666665
660.2783917283939, 2555.865
660.6901888406422, 2674.798888888889
661.1019270596197, 2609.2638888888887
661.5136063648039, 2558.2922222222223
661.9252267356732, 2587.418888888889
662.336788151705, 2580.137222222222
662.7482905923775, 2572.8555555555554
663.1597340371688, 2635.963333333333
663.5711184655561, 2475.766666666667
663.9824438570179, 2606.8366666666666
664.3937101910318, 2563.1466666666665
664.8049174470756, 2628.681666666667
665.2160656046276, 2572.8555555555554
665.627154643165, 2560.7194444444444
666.0381845421665, 2534.02
666.4491552811094, 2551.0105555555556
666.8600668394716, 2568.001111111111
667.2709191967314, 2580.137222222222
667.6817123323663, 2606.8366666666666
668.0924462258544, 2599.555
668.5031208566734, 2597.1277777777777
668.9137362043014, 2572.8555555555554
669.324292248216, 2572.8555555555554
669.7347889678953, 2563.1466666666665
670.1452263428172, 2582.5644444444442
670.5556043524593, 2548.5833333333335
670.9659229763, 2575.282777777778
671.3761821938167, 2546.156111111111
671.7863819844875, 2638.3905555555557
672.1965223277904, 2575.282777777778
672.6066032032028, 2568.001111111111
673.0166245902033, 2599.555
673.4265864682691, 2609.2638888888887
673.8364888168785, 2568.001111111111
674.2463316155092, 2570.4283333333333
674.6561148436392, 2529.1655555555553
675.0658384807463, 2568.001111111111
675.4755025063084, 2548.5833333333335
675.8851068998035, 2592.2733333333335
676.2946516407094, 2558.2922222222223
676.7041367085039, 2534.02
677.1135620826649, 2592.2733333333335
677.5229277426704, 2572.8555555555554
677.9322336679982, 2531.592777777778
678.3414798381262, 2558.2922222222223
678.7506662325325, 2541.3016666666667
679.1597928306944, 2565.573888888889
679.5688596120904, 2473.3394444444443
679.977866556198, 2504.8933333333334
680.3868136424953, 2485.4755555555557
680.7957008504601, 2446.64
681.2045281595704, 2565.573888888889
681.6132955493039, 2548.5833333333335
682.0220029991384, 2633.536111111111
682.430650488552, 2521.883888888889
682.8392379970227, 2565.573888888889
683.2477655040282, 2546.156111111111
683.6562329890462, 2534.02
684.064640431555, 2555.865
684.472987811032, 2563.1466666666665
684.8812751069555, 2502.4661111111113
685.2895022988033, 2517.0294444444444
685.6976693660531, 2580.137222222222
686.1057762881829, 2575.282777777778
686.5138230446706, 2521.883888888889
686.9218096149941, 2500.038888888889
687.3297359786312, 2502.4661111111113
687.7376021150599, 2558.2922222222223
688.145408003758, 2541.3016666666667
688.5531536242033, 2553.4377777777777
688.9608389558739, 2519.4566666666665
689.3684639782474, 2504.8933333333334
689.7760286708021, 2470.912222222222
690.1835330130154, 2543.728888888889
690.5909769843656, 2570.4283333333333
690.9983605643303, 2446.64
691.4056837323875, 2492.757222222222
691.8129464680152, 2558.2922222222223
692.220148750691, 2478.193888888889
692.6272905598929, 2470.912222222222
693.0343718750988, 2468.485
693.4413926757868, 2466.0577777777776
693.8483529414345, 2500.038888888889
694.25525265152, 2478.193888888889
694.6620917855208, 2538.8744444444446
695.0688703229151, 2492.757222222222
695.4755882431808, 2502.4661111111113
695.8822455257957, 2456.3488888888887
696.2888421502378, 2541.3016666666667
696.6953780959847, 2524.311111111111
697.1018533425145, 2495.1844444444446
697.5082678693051, 2451.4944444444445
697.9146216558341, 2458.7761111111113
698.3209146815799, 2548.5833333333335
698.72714692602, 2434.503888888889
699.1333183686324, 2531.592777777778
699.5394289888949, 2519.4566666666665
699.9454787662854, 2502.4661111111113
700.3514676802821, 2432.076666666667
700.7573957103624, 2466.0577777777776
701.1632628360044, 2514.6022222222223
701.569069036686, 2446.64
701.9748142918851, 2451.4944444444445
702.3804985810796, 2378.677777777778
702.7861218837471, 2478.193888888889
703.1916841793659, 2468.485
703.5971854474136, 2463.6305555555555
704.0026256673683, 2495.1844444444446
704.4080048187078, 2473.3394444444443
704.8133228809098, 2492.757222222222
705.2185798334524, 2449.0672222222224
705.6237756558133, 2558.2922222222223
706.0289103274706, 2439.358333333333
706.4339838279021, 2436.931111111111
706.8389961365859, 2524.311111111111
707.2439472329994, 2492.757222222222
707.6488370966208, 2514.6022222222223
708.0536657069279, 2551.0105555555556
708.4584330433985, 2555.865
708.8631390855107, 2497.6116666666667
709.2677838127423, 2495.1844444444446
709.6723672045712, 2492.757222222222
710.0768892404751, 2470.912222222222
710.4813498999321, 2589.846111111111
710.88574916242, 2521.883888888889
711.2900870074167, 2429.6494444444443
711.6943634144001, 2407.8044444444445
712.0985783628479, 2490.33
712.5027318322383, 2441.7855555555557
712.906823802049, 2534.02
713.310854251758, 2492.757222222222
713.7148231608429, 2517.0294444444444
714.1187305087819, 2475.766666666667
714.5225762750528, 2417.5133333333333
714.9263604391333, 2483.048333333333
715.3300829805016, 2427.222222222222
715.7337438786353, 2502.4661111111113
716.1373431130124, 2463.6305555555555
716.5408806631108, 2594.7005555555556
716.9443565084084, 2461.2033333333334
717.3477706283832, 2453.9216666666666
717.7511230025127, 2417.5133333333333
718.1544136102751, 2470.912222222222
718.5576424311482, 2463.6305555555555
718.9608094446097, 2461.2033333333334
719.363914630138, 2451.4944444444445
719.7669579672105, 2458.7761111111113
720.1699394353052, 2432.076666666667
720.5728590138999, 2461.2033333333334
720.9757166824728, 2417.5133333333333
721.3785124205016, 2422.367777777778
721.7812462074642, 2478.193888888889
722.1839180228383, 2436.931111111111
722.586527846102, 2509.7477777777776
722.989075656733, 2487.902777777778
723.3915614342095, 2451.4944444444445
723.7939851580091, 2453.9216666666666
724.1963468076099, 2449.0672222222224
724.5986463624895, 2548.5833333333335
725.0008838021259, 2458.7761111111113
725.4030591059972, 2543.728888888889
725.8051722535811, 2446.64
726.2072232243553, 2458.7761111111113
726.6092119977981, 2427.222222222222
727.011138553387, 2497.6116666666667
727.4130028706, 2546.156111111111
727.8148049289152, 2521.883888888889
728.2165447078104, 2517.0294444444444
728.6182221867631, 2483.048333333333
729.0198373452516, 2439.358333333333
729.4213901627536, 2449.0672222222224
729.8228806187471, 2475.766666666667
730.2243086927101, 2458.7761111111113
730.6256743641202, 2441.7855555555557
731.0269776124553, 2478.193888888889
731.4282184171935, 2390.813888888889
731.8293967578126, 2381.105
732.2305126137903, 2444.212777777778
732.6315659646046, 2446.64
733.0325567897337, 2439.358333333333
733.4334850686549, 2507.3205555555555
733.8343507808465, 2415.086111111111
734.2351539057863, 2495.1844444444446
734.6358944229522, 2463.6305555555555
735.0365723118219, 2458.7761111111113
735.4371875518735, 2517.0294444444444
735.8377401225848, 2504.8933333333334
736.2382300034338, 2478.193888888889
736.6386571738981, 2441.7855555555557
737.0390216134557, 2526.7383333333332
737.4393233015847, 2434.503888888889
737.8395622177627, 2492.757222222222
738.2397383414677, 2458.7761111111113
738.6398516521779, 2364.1144444444444
739.0399021293706, 2487.902777777778
739.439889752524, 2490.33
739.8398145011159, 2417.5133333333333
740.2396763546243, 2517.0294444444444
740.639475292527, 2480.621111111111
741.0392112943019, 2405.3772222222224
741.4388843394269, 2485.4755555555557
741.8384944073797, 2526.7383333333332
742.2380414776385, 2463.6305555555555
742.637525529681, 2412.6588888888887
743.0369465429851, 2446.64
743.4363044970287, 2434.503888888889
743.8355993712896, 2415.086111111111
744.2348311452458, 2475.766666666667
744.6339997983753, 2470.912222222222
745.0331053101557, 2478.193888888889
745.432147660065, 2441.7855555555557
745.8311268275811, 2388.3866666666668
746.230042792182, 2424.795
746.6288955333454, 2436.931111111111
747.0276850305493, 2487.902777777778
747.4264112632713, 2446.64
747.8250742109897, 2473.3394444444443
748.2236738531822, 2461.2033333333334
748.6222101693266, 2483.048333333333
749.0206831389012, 2400.5227777777777
749.4190927413832, 2497.6116666666667
749.817438956251, 2480.621111111111
750.2157217629822, 2485.4755555555557
750.6139411410547, 2383.532222222222
751.0120970699468, 2478.193888888889
751.4101895291359, 2424.795
751.8082184981, 2436.931111111111
752.2061839563171, 2507.3205555555555
752.604085883265, 2553.4377777777777
753.0019242584217, 2429.6494444444443
753.399699061265, 2407.8044444444445
753.7974102712727, 2463.6305555555555
754.1950578679227, 2473.3394444444443
754.5926418306931, 2483.048333333333
754.9901621390615, 2424.795
755.387618772506, 2434.503888888889
755.7850117105044, 2456.3488888888887
756.1823409325345, 2461.2033333333334
756.5796064180743, 2509.7477777777776
756.9768081466016, 2461.2033333333334
757.3739460975944, 2490.33
757.7710202505305, 2453.9216666666666
758.1680305848877, 2432.076666666667
758.564977080144, 2553.4377777777777
758.9618597157773, 2485.4755555555557
759.3586784712656, 2490.33
759.7554333260865, 2500.038888888889
760.1521242597179, 2422.367777777778
760.5487512516379, 2444.212777777778
760.9453142813243, 2429.6494444444443
761.341813328255, 2529.1655555555553
761.738248371908, 2504.8933333333334
762.1346193917608, 2446.64
762.5309263672914, 2441.7855555555557
762.927169277978, 2434.503888888889
763.3233481032983, 2441.7855555555557
763.7194628227302, 2478.193888888889
764.1155134157514, 2497.6116666666667
764.5114998618401, 2422.367777777778
764.9074221404738, 2456.3488888888887
765.3032802311308, 2475.766666666667
765.6990741132888, 2453.9216666666666
766.0948037664257, 2507.3205555555555
766.4904691700191, 2427.222222222222
766.8860703035473, 2468.485
767.2816071464881, 2415.086111111111
767.6770796783193, 2441.7855555555557
768.0724878785187, 2546.156111111111
768.4678317265643, 2385.9594444444447
768.8631112019339, 2453.9216666666666
769.2583262841056, 2466.0577777777776
769.653476952557, 2461.2033333333334
770.0485631867662, 2439.358333333333
770.4435849662109, 2490.33
770.8385422703691, 2436.931111111111
771.2334350787187, 2487.902777777778
771.6282633707374, 2461.2033333333334
772.0230271259036, 2444.212777777778
772.4177263236944, 2461.2033333333334
772.8123609435884, 2405.3772222222224
773.2069309650631, 2497.6116666666667
773.6014363675963, 2475.766666666667
773.9958771306663, 2485.4755555555557
774.3902532337505, 2436.931111111111
774.7845646563271, 2417.5133333333333
775.1788113778739, 2419.9405555555554
775.5729933778688, 2521.883888888889
775.9671106357898, 2463.6305555555555
776.3611631311144, 2434.503888888889
776.755150843321, 2439.358333333333
777.1490737518869, 2468.485
777.5429318362906, 2534.02
777.9367250760095, 2427.222222222222
778.3304534505218, 2466.0577777777776
778.7241169393052, 2483.048333333333
779.1177155218376, 2492.757222222222
779.5112491775968, 2453.9216666666666
779.904717886061, 2468.485
780.2981216267079, 2449.0672222222224
780.6914603790154, 2334.987777777778
781.0847341224612, 2432.076666666667
781.4779428365234, 2456.3488888888887
781.8710865006798, 2463.6305555555555
782.2641650944086, 2444.212777777778
782.657178597187, 2490.33
783.0501269884934, 2514.6022222222223
783.4430102478057, 2458.7761111111113
783.8358283546014, 2466.0577777777776
784.2285812883588, 2412.6588888888887
784.6212690285556, 2393.241111111111
785.0138915546697, 2453.9216666666666
785.4064488461789, 2463.6305555555555
785.7989408825612, 2453.9216666666666
786.1913676432944, 2422.367777777778
786.5837291078566, 2407.8044444444445
786.9760252557254, 2475.766666666667
787.3682560663788, 2480.621111111111
787.7604215192946, 2500.038888888889
788.1525215939508, 2422.367777777778
788.5445562698254, 2512.175
788.9365255263959, 2502.4661111111113
789.3284293431406, 2495.1844444444446
789.7202676995372, 2432.076666666667
790.1120405750635, 2475.766666666667
790.5037479491975, 2466.0577777777776
790.8953898014171, 2524.311111111111
791.2869661112001, 2395.6683333333335
791.6784768580243, 2470.912222222222
792.0699220213678, 2483.048333333333
792.4613015807084, 2434.503888888889
792.852615515524, 2405.3772222222224
793.2438638052924, 2461.2033333333334
793.6350464294916, 2412.6588888888887
794.0261633675993, 2466.0577777777776
794.4172145990937, 2495.1844444444446
794.8082001034524, 2456.3488888888887
795.1991198601534, 2470.912222222222
795.5899738486744, 2470.912222222222
795.9807620484936, 2400.5227777777777
796.3714844390886, 2444.212777777778
796.7621409999376, 2483.048333333333
797.1527317105182, 2398.0955555555556
797.5432565503083, 2495.1844444444446
797.933715498786, 2492.757222222222
798.3241085354289, 2485.4755555555557
798.7144356397151, 2441.7855555555557
799.1046967911225, 2449.0672222222224
799.4948919691287, 2424.795
799.8850211532119, 2432.076666666667
800.2750843228498, 2424.795
800.6650814575204, 2412.6588888888887
801.0550125367017, 2487.902777777778
801.4448775398711, 2456.3488888888887
801.8346764465069, 2436.931111111111
802.224409236087, 2466.0577777777776
802.614075888089, 2432.076666666667
803.0036763819912, 2424.795
803.393210697271, 2531.592777777778
803.7826788134066, 2473.3394444444443
804.1720807098758, 2483.048333333333
804.5614163661564, 2504.8933333333334
804.9506857617265, 2514.6022222222223
805.3398888760638, 2398.0955555555556
805.7290256886463, 2378.677777777778
806.1180961789518, 2432.076666666667
806.507100326458, 2478.193888888889
806.8960381106433, 2507.3205555555555
807.2849095109851, 2541.3016666666667
807.6737145069615, 2424.795
808.0624530780502, 2529.1655555555553
808.4511252037294, 2361.6872222222223
808.8397308634767, 2385.9594444444447
809.2282700367703, 2485.4755555555557
809.6167427030877, 2451.4944444444445
810.0051488419068, 2500.038888888889
810.3934884327059, 2463.6305555555555
810.7817614549624, 2495.1844444444446
811.1699678881547, 2453.9216666666666
811.5581077117603, 2412.6588888888887
811.946180905257, 2451.4944444444445
812.3341874481231, 2475.766666666667
812.722127319836, 2565.573888888889
813.1100004998741, 2441.7855555555557
813.4978069677148, 2509.7477777777776
813.8855467028363, 2451.4944444444445
814.2732196847163, 2458.7761111111113
814.6608258928328, 2444.212777777778
815.0483653066638, 2485.4755555555557
815.4358379056869, 2446.64
815.82324366938, 2466.0577777777776
816.2105825772212, 2444.212777777778
816.5978546086883, 2470.912222222222
816.9850597432592, 2463.6305555555555
817.3721979604117, 2429.6494444444443
817.7592692396238, 2463.6305555555555
818.1462735603732, 2432.076666666667
818.5332109021379, 2436.931111111111
818.9200812443959, 2470.912222222222
819.306884566625, 2366.5416666666665
819.6936208483029, 2427.222222222222
820.0802900689077, 2466.0577777777776
820.4668922079172, 2483.048333333333
820.8534272448094, 2490.33
821.239895159062, 2451.4944444444445
821.626295930153, 2497.6116666666667
822.0126295375603, 2541.3016666666667
822.3988959607616, 2432.076666666667
822.785095179235, 2470.912222222222
823.1712271724583, 2475.766666666667
823.5572919199096, 2473.3394444444443
823.9432894010663, 2495.1844444444446
824.3292195954066, 2461.2033333333334
824.7150824824083, 2422.367777777778
825.1008780415495, 2473.3394444444443
825.486606252308, 2451.4944444444445
825.8722670941613, 2502.4661111111113
826.2578605465877, 2446.64
826.643386589065, 2407.8044444444445
827.028845201071, 2427.222222222222
827.4142363620837, 2466.0577777777776
827.7995600515808, 2436.931111111111
828.1848162490403, 2458.7761111111113
828.5700049339401, 2473.3394444444443
828.9551260857583, 2517.0294444444444
829.3401796839723, 2453.9216666666666
829.7251657080603, 2444.212777777778
830.1100841375, 2434.503888888889
830.4949349517696, 2427.222222222222
830.8797181303465, 2410.2316666666666
831.264433652709, 2412.6588888888887
831.649081498335, 2422.367777777778
832.0336616467022, 2475.766666666667
832.4181740772884, 2463.6305555555555
832.8026187695717, 2483.048333333333
833.1869957030299, 2407.8044444444445
833.5713048571408, 2490.33
833.9555462113824, 2429.6494444444443
834.3397197452325, 2495.1844444444446
834.723825438169, 2451.4944444444445
835.1078632696698, 2502.4661111111113
835.4918332192129, 2470.912222222222
835.875735266276, 2381.105
836.259569390337, 2487.902777777778
836.6433355708738, 2436.931111111111
837.0270337873644, 2461.2033333333334
837.4106640192867, 2446.64
837.7942262461185, 2463.6305555555555
838.1777204473375, 2429.6494444444443
838.5611466024219, 2502.4661111111113
838.9445046908494, 2432.076666666667
839.3277946920979, 2434.503888888889
839.7110165856454, 2456.3488888888887
840.0941703509696, 2473.3394444444443
840.4772559675484, 2349.551111111111
840.8602734148599, 2456.3488888888887
841.2432226723819, 2407.8044444444445
841.6261037195922, 2478.193888888889
842.0089165359686, 2446.64
842.3916611009893, 2424.795
842.7743373941316, 2419.9405555555554
843.156945394874, 2371.396111111111
843.5394850826943, 2434.503888888889
843.9219564370701, 2415.086111111111
844.3043594374793, 2432.076666666667
844.6866940634001, 2376.2505555555554
845.06896029431, 2463.6305555555555
845.4511581096873, 2432.076666666667
845.8332874890094, 2456.3488888888887
846.2153484117546, 2480.621111111111
846.5973408574006, 2490.33
846.9792648054253, 2470.912222222222
847.3611202353064, 2456.3488888888887
847.7429071265223, 2444.212777777778
848.1246254585504, 2393.241111111111
848.5062752108686, 2446.64
848.8878563629551, 2470.912222222222
849.2693688942875, 2478.193888888889
849.6508127843439, 2490.33
850.0321880126021, 2398.0955555555556
850.4134945585397, 2517.0294444444444
850.7947324016351, 2509.7477777777776
851.1759015213659, 2478.193888888889
851.55700189721, 2466.0577777777776
851.9380335086452, 2507.3205555555555
852.3189963351494, 2424.795
852.6998903562007, 2500.038888888889
853.0807155512767, 2536.447222222222
853.4614718998556, 2429.6494444444443
853.8421593814152, 2429.6494444444443
854.2227779754331, 2451.4944444444445
854.6033276613874, 2436.931111111111
854.983808418756, 2458.7761111111113
855.3642202270167, 2405.3772222222224
855.7445630656476, 2492.757222222222
856.1248369141263, 2436.931111111111
856.5050417519308, 2497.6116666666667
856.8851775585389, 2419.9405555555554
857.2652443134286, 2466.0577777777776
857.6452419960779, 2432.076666666667
858.0251705859644, 2483.048333333333
858.4050300625662, 2463.6305555555555
858.784820405361, 2487.902777777778
859.1645415938268, 2487.902777777778
859.5441936074416, 2446.64
859.923776425683, 2436.931111111111
860.3032900280291, 2402.95
860.6827343939576, 2463.6305555555555
861.0621095029466, 2444.212777777778
861.441415334474, 2458.7761111111113
861.8206518680174, 2415.086111111111
862.1998190830549, 2441.7855555555557
862.5789169590645, 2412.6588888888887
862.9579454755236, 2495.1844444444446
863.3369046119107, 2439.358333333333
863.7157943477033, 2485.4755555555557
864.0946146623794, 2538.8744444444446
864.4733655354167, 2407.8044444444445
864.8520469462933, 2483.048333333333
865.2306588744871, 2502.4661111111113
865.609201299476, 2458.7761111111113
865.9876742007377, 2422.367777777778
866.3660775577501, 2463.6305555555555
866.7444113499912, 2422.367777777778
867.1226755569388, 2412.6588888888887
867.500870158071, 2453.9216666666666
867.8789951328655, 2441.7855555555557
868.2570504608001, 2524.311111111111
868.6350361213526, 2432.076666666667
869.0129520940013, 2490.33
869.3907983582237, 2509.7477777777776
869.7685748934982, 2441.7855555555557
870.146281679302, 2419.9405555555554
870.5239186951134, 2485.4755555555557
870.90148592041, 2432.076666666667
871.27898333467, 2422.367777777778
871.6564109173712, 2470.912222222222
872.0337686479913, 2483.048333333333
872.4110565060084, 2405.3772222222224
872.7882744709003, 2417.5133333333333
873.1654225221448, 2548.5833333333335
873.5425006392201, 2427.222222222222
873.9195088016037, 2398.0955555555556
874.2964469887736, 2495.1844444444446
874.6733151802077, 2478.193888888889
875.050113355384, 2519.4566666666665
875.4268414937803, 2390.813888888889
875.8034995748744, 2468.485
876.1800875781444, 2449.0672222222224
876.5566054830679, 2473.3394444444443
876.9330532691229, 2398.0955555555556
877.3094309157873, 2517.0294444444444
877.6857384025392, 2415.086111111111
878.061975708856, 2419.9405555555554
878.438142814216, 2461.2033333333334
878.8142396980969, 2434.503888888889
879.1902663399766, 2487.902777777778
879.5662227193332, 2451.4944444444445
879.9421088156442, 2434.503888888889
880.3179246083878, 2456.3488888888887
880.6936700770416, 2485.4755555555557
881.0693452010837, 2453.9216666666666
881.4449499599921, 2436.931111111111
881.8204843332443, 2422.367777777778
882.1959483003185, 2458.7761111111113
882.5713418406924, 2502.4661111111113
882.9466649338441, 2368.968888888889
883.3219175592512, 2444.212777777778
883.6970996963919, 2475.766666666667
884.0722113247438, 2449.0672222222224
884.4472524237849, 2451.4944444444445
884.822222972993, 2453.9216666666666
885.1971229518462, 2417.5133333333333
885.5719523398224, 2497.6116666666667
885.9467111163991, 2517.0294444444444
886.3213992610544, 2407.8044444444445
886.6960167532662, 2432.076666666667
887.0705635725126, 2390.813888888889
887.4450396982711, 2400.5227777777777
887.8194451100198, 2478.193888888889
888.1937797872365, 2449.0672222222224
888.568043709399, 2427.222222222222
888.9422368559856, 2424.795
889.3163592064737, 2478.193888888889
889.6904107403415, 2487.902777777778
890.0643914370667, 2434.503888888889
890.438301276127, 2463.6305555555555
890.8121402370008, 2480.621111111111
891.1859082991656, 2502.4661111111113
891.5596054420996, 2473.3394444444443
891.9332316452803, 2470.912222222222
892.3067868881857, 2407.8044444444445
892.6802711502938, 2466.0577777777776
893.0536844110824, 2441.7855555555557
893.4270266500296, 2475.766666666667
893.8002978466128, 2422.367777777778
894.1734979803103, 2502.4661111111113
894.5466270305999, 2497.6116666666667
894.9196849769595, 2461.2033333333334
895.2926717988669, 2526.7383333333332
895.6655874758, 2456.3488888888887
896.0384319872365, 2490.33
896.4112053126547, 2458.7761111111113
896.7839074315323, 2466.0577777777776
897.156538323347, 2444.212777777778
897.529097967577, 2526.7383333333332
897.9015863436998, 2466.0577777777776
898.2740034311936, 2468.485
898.6463492095362, 2473.3394444444443
899.0186236582055, 2480.621111111111
899.3908267566794, 2468.485
899.7629584844356, 2487.902777777778
900.1350188209522, 2487.902777777778
900.5070077457069, 2422.367777777778
900.8789252381778, 2432.076666666667
901.2507712778427, 2458.7761111111113
901.6225458441793, 2449.0672222222224
901.9942489166658, 2483.048333333333
902.3658804747797, 2475.766666666667
902.7374404979993, 2427.222222222222
903.1089289658024, 2429.6494444444443
903.4803458576665, 2502.4661111111113
903.8516911530699, 2446.64
904.2229648314902, 2497.6116666666667
904.5941668724056, 2419.9405555555554
904.9652972552939, 2458.7761111111113
905.3363559596327, 2485.4755555555557
905.7073429649, 2458.7761111111113
906.0782582505739, 2458.7761111111113
906.4491017961321, 2492.757222222222
906.8198735810525, 2453.9216666666666
907.1905735848133, 2444.212777777778
907.5612017868917, 2497.6116666666667
907.9317581667661, 2483.048333333333
908.3022427039143, 2461.2033333333334
908.6726553778141, 2461.2033333333334
909.0429961679436, 2490.33
909.4132650537804, 2390.813888888889
909.7834620148025, 2451.4944444444445
910.1535870304876, 2495.1844444444446
910.523640080314, 2417.5133333333333
910.8936211437593, 2456.3488888888887
911.2635302003015, 2453.9216666666666
911.6333672294182, 2441.7855555555557
912.0031322105876, 2526.7383333333332
912.3728251232876, 2449.0672222222224
912.742445946996, 2492.757222222222
913.1119946611905, 2436.931111111111
913.4814712453491, 2436.931111111111
913.8508756789498, 2429.6494444444443
914.2202079414703, 2419.9405555555554
914.5894680123887, 2451.4944444444445
914.9586558711829, 2473.3394444444443
915.3277714973304, 2463.6305555555555
915.6968148703095, 2405.3772222222224
916.0657859695979, 2458.7761111111113
916.4346847746734, 2485.4755555555557
916.8035112650142, 2480.621111111111
917.1722654200979, 2475.766666666667
917.5409472194023, 2441.7855555555557
917.9095566424055, 2410.2316666666666
918.2780936685854, 2531.592777777778
918.6465582774198, 2504.8933333333334
919.0149504483866, 2424.795
919.3832701609637, 2402.95
919.7515173946289, 2424.795
920.1196921288599, 2446.64
920.4877943431352, 2444.212777777778
920.8558240169323, 2446.64
921.223781129729, 2436.931111111111
921.5916656610033, 2485.4755555555557
921.9594775902328, 2415.086111111111
922.327216896896, 2446.64
922.6948835604703, 2483.048333333333
923.0624775604338, 2444.212777777778
923.4299988762641, 2415.086111111111
923.7974474874394, 2495.1844444444446
924.1648233734376, 2405.3772222222224
924.5321265137363, 2412.6588888888887
924.8993568878135, 2514.6022222222223
925.2665144751472, 2436.931111111111
925.6335992552152, 2434.503888888889
926.0006112074952, 2490.33
926.3675503114656, 2441.7855555555557
926.7344165466038, 2492.757222222222
927.1012098923877, 2424.795
927.4679303282956, 2407.8044444444445
927.8345778338048, 2470.912222222222
928.2011523883937, 2422.367777777778
928.5676539715399, 2495.1844444444446
928.9340825627213, 2412.6588888888887
929.300438141416, 2419.9405555555554
929.6667206871015, 2432.076666666667
930.032930179256, 2412.6588888888887
930.3990665973574, 2458.7761111111113
930.7651299208834, 2432.076666666667
931.131120129312, 2497.6116666666667
931.497037202121, 2402.95
931.8628811187882, 2412.6588888888887
932.2286518587919, 2419.9405555555554
932.5943494016095, 2446.64
932.959973726719, 2478.193888888889
933.3255248135985, 2538.8744444444446
933.6910026417256, 2495.1844444444446
934.0564071905786, 2483.048333333333
934.421738439635, 2453.9216666666666
934.7869963683726, 2487.902777777778
935.1521809562696, 2446.64
935.5172921828038, 2551.0105555555556
935.882330027453, 2475.766666666667
936.2472944696952, 2427.222222222222
936.6121854890082, 2497.6116666666667
936.9770030648699, 2381.105
937.3417471767581, 2422.367777777778
937.7064178041509, 2395.6683333333335
938.071014926526, 2458.7761111111113
938.4355385233613, 2390.813888888889
938.7999885741348, 2458.7761111111113
939.1643650583242, 2500.038888888889
939.5286679554074, 2441.7855555555557
939.8928972448628, 2410.2316666666666
940.2570529061674, 2419.9405555555554
940.6211349187996, 2434.503888888889
940.9851432622372, 2364.1144444444444
941.3490779159583, 2451.4944444444445
941.7129388594406, 2429.6494444444443
942.0767260721618, 2444.212777777778
942.4404395336, 2475.766666666667
942.8040792232331, 2446.64
943.1676451205389, 2470.912222222222
943.5311372049953, 2400.5227777777777
943.8945554560802, 2427.222222222222
944.2578998532713, 2468.485
944.621170376047, 2453.9216666666666
944.9843670038847, 2436.931111111111
945.3474897162623, 2483.048333333333
945.710538492658, 2463.6305555555555
946.0735133125493, 2507.3205555555555
946.4364141554144, 2412.6588888888887
946.7992410007312, 2444.212777777778
947.1619938279771, 2470.912222222222
947.5246726166306, 2383.532222222222
947.8872773461691, 2439.358333333333
948.2498079960709, 2490.33
948.6122645458137, 2427.222222222222
948.9746469748751, 2490.33
949.3369552627336, 2470.912222222222
949.6991893888663, 2483.048333333333
950.0613493327519, 2446.64
950.4234350738678, 2453.9216666666666
950.7854465916919, 2466.0577777777776
951.1473838657021, 2427.222222222222
951.5092468753764, 2446.64
951.871035600193, 2478.193888888889
952.2327500196291, 2470.912222222222
952.5943901131628, 2492.757222222222
952.9559558602721, 2439.358333333333
953.3174472404351, 2492.757222222222
953.6788642331294, 2449.0672222222224
954.040206817833, 2436.931111111111
954.4014749740235, 2466.0577777777776
954.7626686811789, 2439.358333333333
955.1237879187775, 2432.076666666667
955.4848326662968, 2361.6872222222223
955.8458029032148, 2463.6305555555555
956.2066986090091, 2449.0672222222224
956.5675197631579, 2473.3394444444443
956.9282663451391, 2509.7477777777776
957.2889383344307, 2458.7761111111113
957.6495357105102, 2461.2033333333334
958.0100584528556, 2502.4661111111113
958.3705065409446, 2563.1466666666665
958.7308799542557, 2441.7855555555557
959.0911786722664, 2410.2316666666666
959.4514026744546, 2422.367777777778
959.8115519402979, 2446.64
960.1716264492745, 2453.9216666666666
960.5316261808625, 2480.621111111111
960.8915511145395, 2497.6116666666667
961.2514012297835, 2456.3488888888887
961.6111765060718, 2444.212777777778
961.9708769228831, 2427.222222222222
962.330502459695, 2509.7477777777776
962.6900530959854, 2487.902777777778
963.0495288112322, 2444.212777777778
963.4089295849129, 2407.8044444444445
963.7682553965058, 2415.086111111111
964.1275062254888, 2461.2033333333334
964.4866820513397, 2473.3394444444443
964.8457828535363, 2407.8044444444445
965.2048086115565, 2497.6116666666667
965.5637593048781, 2407.8044444444445
965.9226349129792, 2485.4755555555557
966.2814354153378, 2407.8044444444445
966.6401607914315, 2429.6494444444443
966.998811020738, 2405.3772222222224
967.3573860827355, 2415.086111111111
967.715885956902, 2473.3394444444443
968.0743106227152, 2424.795
968.4326600596529, 2468.485
968.7909342471929, 2417.5133333333333
969.1491331648133, 2490.33
969.5072567919922, 2543.728888888889
969.8653051082072, 2398.0955555555556
970.2232780929362, 2453.9216666666666
970.5811757256569, 2492.757222222222
970.9389979858473, 2432.076666666667
971.2967448529856, 2415.086111111111
971.6544163065495, 2492.757222222222
972.0120123260166, 2485.4755555555557
972.3695328908652, 2393.241111111111
972.7269779805728, 2441.7855555555557
973.0843475746177, 2422.367777777778
973.4416416524775, 2490.33
973.7988601936299, 2419.9405555555554
974.1560031775534, 2466.0577777777776
974.5130705837252, 2436.931111111111
974.8700623916237, 2470.912222222222
975.2269785807267, 2422.367777777778
975.5838191305116, 2434.503888888889
975.940584020457, 2487.902777777778
976.2972732300401, 2405.3772222222224
976.6538867387394, 2461.2033333333334
977.0104245260326, 2427.222222222222
977.366886571397, 2388.3866666666668
977.7232728543113, 2458.7761111111113
978.079583354253, 2446.64
978.4358180507, 2412.6588888888887
978.7919769231304, 2492.757222222222
979.1480599510217, 2439.358333333333
979.5040671138518, 2439.358333333333
979.8599983910992, 2453.9216666666666
980.2158537622412, 2417.5133333333333
980.5716332067559, 2466.0577777777776
980.9273367041209, 2405.3772222222224
981.2829642338144, 2449.0672222222224
981.6385157753143, 2432.076666666667
981.9939913080984, 2551.0105555555556
982.3493908116445, 2473.3394444444443
982.7047142654303, 2470.912222222222
983.0599616489342, 2483.048333333333
983.4151329416338, 2480.621111111111
983.770228123007, 2519.4566666666665
984.1252471725317, 2446.64
984.4801900696855, 2475.766666666667
984.8350567939466, 2427.222222222222
985.189847324793, 2548.5833333333335
985.5445616417024, 2432.076666666667
985.8991997241528, 2478.193888888889
986.2537615516217, 2483.048333333333
986.6082471035874, 2463.6305555555555
986.9626563595276, 2485.4755555555557
987.3169892989204, 2451.4944444444445
987.6712459012435, 2507.3205555555555
988.0254261459746, 2446.64
988.3795300125918, 2504.8933333333334
988.733557480573, 2487.902777777778
989.0875085293962, 2495.1844444444446
989.4413831385392, 2492.757222222222
989.7951812874794, 2390.813888888889
990.1489029556951, 2385.9594444444447
990.5025481226647, 2468.485
990.8561167678653, 2400.5227777777777
991.2096088707751, 2466.0577777777776
991.5630244108718, 2439.358333333333
991.9163633676334, 2451.4944444444445
992.269625720538, 2444.212777777778
992.6228114490633, 2473.3394444444443
992.9759205326872, 2424.795
993.3289529508872, 2483.048333333333
993.6819086831417, 2436.931111111111
994.0347877089287, 2534.02
994.3875900077255, 2466.0577777777776
994.7403155590106, 2446.64
995.0929643422612, 2446.64
995.4455363369556, 2434.503888888889
995.7980315225718, 2449.0672222222224
996.1504498785876, 2492.757222222222
996.5027913844808, 2439.358333333333
996.8550560197291, 2419.9405555555554
997.2072437638105, 2470.912222222222
997.5593545962032, 2458.7761111111113
997.9113884963849, 2519.4566666666665
998.2633454438334, 2405.3772222222224
998.6152254180263, 2468.485
998.967028398442, 2480.621111111111
999.3187543645583, 2458.7761111111113
999.6704032958529, 2451.4944444444445
1000.0219751718037, 2373.8233333333333
1000.3734699718887, 2424.795
1000.7248876755855, 2436.931111111111
1001.0762282623723, 2419.9405555555554
1001.4274917117272, 2432.076666666667
1001.7786780031272, 2412.6588888888887
1002.1297871160513, 2470.912222222222
1002.4808190299765, 2410.2316666666666
1002.831773724381, 2439.358333333333
1003.1826511787431, 2461.2033333333334
1003.5334513725397, 2436.931111111111
1003.8841742852499, 2490.33
1004.2348198963505, 2512.175
1004.58538818532, 2419.9405555555554
1004.9358791316362, 2485.4755555555557
1005.2862927147766, 2390.813888888889
1005.6366289142197, 2393.241111111111
1005.9868877094427, 2446.64
1006.3370690799243, 2497.6116666666667
1006.6871730051417, 2487.902777777778
1007.0371994645731, 2521.883888888889
1007.387148437696, 2451.4944444444445
1007.7370199039891, 2429.6494444444443
1008.0868138429296, 2483.048333333333
1008.4365302339957, 2453.9216666666666
1008.7861690566647, 2451.4944444444445
1009.135730290415, 2534.02
1009.4852139147247, 2463.6305555555555
1009.8346199090714, 2480.621111111111
1010.183948252933, 2470.912222222222
1010.5331989257868, 2383.532222222222
1010.8823719071117, 2458.7761111111113
1011.2314671763851, 2475.766666666667
1011.5804847130852, 2490.33
1011.9294244966892, 2466.0577777777776
1012.2782865066753, 2495.1844444444446
1012.6270707225216, 2453.9216666666666
1012.9757771237059, 2512.175
1013.3244056897063, 2432.076666666667
1013.6729564000002, 2449.0672222222224
1014.0214292340655, 2449.0672222222224
1014.3698241713803, 2451.4944444444445
1014.7181411914225, 2412.6588888888887
1015.0663802736703, 2432.076666666667
1015.414541397601, 2429.6494444444443
1015.7626245426926, 2517.0294444444444
1016.1106296884232, 2436.931111111111
1016.4585568142705, 2461.2033333333334
1016.8064058997128, 2480.621111111111
1017.1541769242275, 2487.902777777778
1017.5018698672923, 2468.485
1017.8494847083857, 2483.048333333333
1018.1970214269853, 2407.8044444444445
1018.544480002569, 2441.7855555555557
1018.8918604146148, 2415.086111111111
1019.2391626426003, 2517.0294444444444
1019.5863866660034, 2427.222222222222
1019.9335324643024, 2478.193888888889
1020.2806000169747, 2466.0577777777776
1020.6275893034986, 2490.33
1020.9745003033515, 2483.048333333333
1021.3213329960116, 2473.3394444444443
1021.6680873609569, 2473.3394444444443
1022.0147633776651, 2449.0672222222224
1022.3613610256143, 2461.2033333333334
1022.7078802842818, 2451.4944444444445
1023.054321133146, 2432.076666666667
1023.4006835516849, 2509.7477777777776
1023.7469675193759, 2492.757222222222
1024.0931730156972, 2480.621111111111
1024.4393000201267, 2470.912222222222
1024.785348512142, 2475.766666666667
1025.1313184712212, 2500.038888888889
1025.4772098768424, 2504.8933333333334
1025.8230227084832, 2378.677777777778
1026.1687569456215, 2432.076666666667
1026.5144125677348, 2429.6494444444443
1026.8599895543018, 2436.931111111111
1027.2054878848003, 2424.795
1027.5509075387072, 2502.4661111111113
1027.8962484955014, 2407.8044444444445
1028.2415107346603, 2551.0105555555556
1028.586694235662, 2512.175
1028.9317989779845, 2461.2033333333334
1029.2768249411054, 2504.8933333333334
1029.6217721045025, 2504.8933333333334
1029.9666404476538, 2504.8933333333334
