# FLAME spectrum data format
# Time of snapshot: 2021-02-08T18:32:13Eastern Standard Time
# Number of frames accumulated: 0
# Scan time per exposure [us]: 100000
# Wavelength [nm], Intensity [count]:
189.1861363086452, 2053.43
189.64926416366848, 2021.8761111111112
190.11235512512943, 2055.8572222222224
190.57540917250594, 1990.3222222222223
191.03842628527582, 2080.1294444444443
191.50140644291702, 1968.4772222222223
191.9643496249074, 2041.293888888889
192.4272558107249, 2053.43
192.89012497984731, 2152.946111111111
193.35295711175254, 2128.673888888889
193.81575218591854, 2097.12
194.27851018182312, 2182.072777777778
194.7412310789442, 2237.898888888889
195.20391485675964, 2199.0633333333335
195.66656149474733, 2162.655
196.12917097238517, 2308.2883333333334
196.59174326915107, 2257.3166666666666
197.05427836452282, 2262.1711111111113
197.51677623797838, 2354.4055555555556
197.97923686899566, 2286.443333333333
198.44166023705247, 2393.241111111111
198.9040463216267, 2320.4244444444444
199.36639510219626, 2332.5605555555558
199.82870655823908, 2354.4055555555556
200.29098066923297, 2354.4055555555556
200.7532174146558, 2475.766666666667
201.21541677398554, 2419.9405555555554
201.6775787267, 2439.358333333333
202.13970325227712, 2466.0577777777776
202.60179033019475, 2470.912222222222
203.06383993993072, 2507.3205555555555
203.52585206096302, 2458.7761111111113
203.9878266727695, 2405.3772222222224
204.44976375482798, 2497.6116666666667
204.91166328661643, 2422.367777777778
205.3735252476127, 2356.8327777777777
205.83534961729464, 2487.902777777778
206.2971363751402, 2446.64
206.75888550062717, 2419.9405555555554
207.22059697323357, 2451.4944444444445
207.68227077243716, 2417.5133333333333
208.14390687771592, 2429.6494444444443
208.6055052685476, 2521.883888888889
209.0670659244102, 2395.6683333333335
209.5285888247816, 2519.4566666666665
209.99007394913966, 2410.2316666666666
210.4515212769622, 2395.6683333333335
210.9129307877272, 2466.0577777777776
211.3743024609125, 2480.621111111111
211.835636275996, 2393.241111111111
212.29693221245557, 2507.3205555555555
212.7581902497691, 2461.2033333333334
213.21941036741444, 2429.6494444444443
213.68059254486954, 2407.8044444444445
214.14173676161224, 2378.677777777778
214.60284299712043, 2371.396111111111
215.06391123087198, 2500.038888888889
215.52494144234484, 2390.813888888889
215.9859336110168, 2410.2316666666666
216.4468877163658, 2395.6683333333335
216.9078037378697, 2415.086111111111
217.36868165500644, 2451.4944444444445
217.82952144725382, 2497.6116666666667
218.29032309408976, 2429.6494444444443
218.75108657499214, 2427.222222222222
219.2118118694389, 2373.8233333333333
219.67249895690784, 2470.912222222222
220.13314781687689, 2405.3772222222224
220.5937584288239, 2410.2316666666666
221.0543307722268, 2453.9216666666666
221.51486482656347, 2364.1144444444444
221.97536057131174, 2495.1844444444446
222.43581798594948, 2427.222222222222
222.8962370499547, 2439.358333333333
223.35661774280518, 2480.621111111111
223.81696004397878, 2378.677777777778
224.2772639329535, 2463.6305555555555
224.73752938920714, 2429.6494444444443
225.1977563922176, 2395.6683333333335
225.65794492146279, 2378.677777777778
226.1180949564205, 2400.5227777777777
226.57820647656874, 2446.64
227.03827946138532, 2366.5416666666665
227.4983138903481, 2432.076666666667
227.95830974293503, 2424.795
228.418266998624, 2347.123888888889
228.87818563689282, 2434.503888888889
229.33806563721944, 2432.076666666667
229.79790697908172, 2432.076666666667
230.25770964195752, 2393.241111111111
230.71747360532476, 2393.241111111111
231.1771988486613, 2407.8044444444445
231.63688535144504, 2456.3488888888887
232.09653309315385, 2446.64
232.5561420532656, 2422.367777777778
233.01571221125823, 2441.7855555555557
233.4752435466096, 2434.503888888889
233.93473603879755, 2458.7761111111113
234.3941896673, 2405.3772222222224
234.85360441159483, 2470.912222222222
235.31298025115996, 2538.8744444444446
235.77231716547317, 2441.7855555555557
236.23161513401246, 2487.902777777778
236.69087413625567, 2383.532222222222
237.15009415168063, 2441.7855555555557
237.60927515976533, 2451.4944444444445
238.0684171399876, 2490.33
238.52752007182528, 2449.0672222222224
238.9865839347563, 2427.222222222222
239.44560870825856, 2466.0577777777776
239.90459437180988, 2485.4755555555557
240.36354090488823, 2407.8044444444445
240.82244828697142, 2390.813888888889
241.28131649753738, 2424.795
241.740145516064, 2551.0105555555556
242.1989353220291, 2405.3772222222224
242.65768589491063, 2405.3772222222224
243.1163972141864, 2424.795
243.5750692593344, 2470.912222222222
244.03370200983244, 2422.367777777778
244.49229544515842, 2417.5133333333333
244.95084954479023, 2407.8044444444445
245.40936428820572, 2373.8233333333333
245.8678396548828, 2368.968888888889
246.3262756242994, 2461.2033333333334
246.7846721759333, 2390.813888888889
247.2430292892625, 2449.0672222222224
247.7013469437648, 2441.7855555555557
248.15962511891811, 2381.105
248.61786379420033, 2451.4944444444445
249.0760629490893, 2463.6305555555555
249.53422256306294, 2434.503888888889
249.9923426155991, 2378.677777777778
250.4504230861757, 2487.902777777778
250.90846395427067, 2417.5133333333333
251.3664651993618, 2451.4944444444445
251.82442680092703, 2412.6588888888887
252.2823487384442, 2453.9216666666666
252.7402309913912, 2468.485
253.19807353924597, 2400.5227777777777
253.65587636148632, 2407.8044444444445
254.1136394375902, 2359.26
254.57136274703547, 2393.241111111111
255.02904626929998, 2453.9216666666666
255.48668998386165, 2517.0294444444444
255.94429387019835, 2517.0294444444444
256.401857907788, 2415.086111111111
256.8593820761084, 2451.4944444444445
257.3168663546375, 2446.64
257.77431072285316, 2351.9783333333335
258.2317151602333, 2497.6116666666667
258.6890796462558, 2441.7855555555557
259.14640416039845, 2504.8933333333334
259.6036886821393, 2492.757222222222
260.0609331909561, 2405.3772222222224
260.51813766632677, 2356.8327777777777
260.9753020877292, 2432.076666666667
261.4324264346412, 2405.3772222222224
261.8895106865408, 2393.241111111111
262.3465548229058, 2470.912222222222
262.8035588232141, 2500.038888888889
263.26052266694353, 2402.95
263.717446333572, 2441.7855555555557
264.1743298025776, 2456.3488888888887
264.6311730534378, 2412.6588888888887
265.0879760656308, 2480.621111111111
265.5447388186344, 2407.8044444444445
266.00146129192643, 2373.8233333333333
266.4581434649849, 2449.0672222222224
266.91478531728757, 2490.33
267.3713868283124, 2427.222222222222
267.82794797753724, 2570.4283333333333
268.28446874443995, 2432.076666666667
268.7409491084984, 2405.3772222222224
269.19738904919063, 2417.5133333333333
269.6537885459943, 2434.503888888889
270.1101475783875, 2398.0955555555556
270.56646612584797, 2412.6588888888887
271.0227441678536, 2427.222222222222
271.4789816838824, 2449.0672222222224
271.93517865341204, 2466.0577777777776
272.3913350559207, 2458.7761111111113
272.84745087088595, 2475.766666666667
273.3035260777859, 2458.7761111111113
273.7595606560983, 2419.9405555555554
274.2155545853011, 2424.795
274.6715078448722, 2439.358333333333
275.1274204142894, 2410.2316666666666
275.58329227303074, 2458.7761111111113
276.0391234005739, 2419.9405555555554
276.4949137763969, 2461.2033333333334
276.9506633799776, 2473.3394444444443
277.4063721907939, 2424.795
277.8620401883236, 2434.503888888889
278.3176673520446, 2468.485
278.773253661435, 2500.038888888889
279.22879909597236, 2422.367777777778
279.68430363513477, 2427.222222222222
280.1397672584, 2383.532222222222
280.595189945246, 2444.212777777778
281.05057167515076, 2432.076666666667
281.5059124275919, 2446.64
281.9612121820476, 2444.212777777778
282.4164709179954, 2456.3488888888887
282.87168861491347, 2398.0955555555556
283.3268652522797, 2485.4755555555557
283.78200080957174, 2429.6494444444443
284.2370952662677, 2451.4944444444445
284.6921486018453, 2449.0672222222224
285.14716079578255, 2429.6494444444443
285.60213182755723, 2483.048333333333
286.0570616766474, 2361.6872222222223
286.5119503225307, 2432.076666666667
286.9667977446852, 2541.3016666666667
287.4216039225886, 2453.9216666666666
287.87636883571895, 2417.5133333333333
288.33109246355417, 2453.9216666666666
288.785774785572, 2466.0577777777776
289.2404157812505, 2475.766666666667
289.6950154300672, 2407.8044444444445
290.14957371150035, 2390.813888888889
290.60409060502775, 2388.3866666666668
291.05856609012716, 2502.4661111111113
291.51300014627657, 2473.3394444444443
291.96739275295386, 2497.6116666666667
292.42174388963684, 2434.503888888889
292.8760535358034, 2458.7761111111113
293.3303216709316, 2432.076666666667
293.7845482744991, 2407.8044444444445
294.2387333259839, 2453.9216666666666
294.6928768048639, 2446.64
295.14697869061683, 2400.5227777777777
295.6010389627208, 2466.0577777777776
296.05505760065347, 2439.358333333333
296.50903458389297, 2432.076666666667
296.9629698919169, 2439.358333333333
297.4168635042034, 2434.503888888889
297.8707154002302, 2463.6305555555555
298.32452555947515, 2429.6494444444443
298.7782939614164, 2441.7855555555557
299.2320205855315, 2429.6494444444443
299.6857054112985, 2432.076666666667
300.1393484181953, 2495.1844444444446
300.5929495856997, 2468.485
301.0465088932897, 2490.33
301.50002632044306, 2385.9594444444447
301.9535018466377, 2466.0577777777776
302.40693545135156, 2429.6494444444443
302.8603271140625, 2444.212777777778
303.31367681424837, 2432.076666666667
303.7669845313871, 2461.2033333333334
304.2202502449565, 2453.9216666666666
304.6734739344345, 2395.6683333333335
305.12665557929904, 2466.0577777777776
305.57979515902787, 2432.076666666667
306.03289265309905, 2427.222222222222
306.4859480409903, 2509.7477777777776
306.93896130217956, 2475.766666666667
307.39193241614487, 2405.3772222222224
307.8448613623638, 2504.8933333333334
308.2977481203145, 2449.0672222222224
308.75059266947466, 2485.4755555555557
309.20339498932225, 2521.883888888889
309.6561550593353, 2480.621111111111
310.10887285899145, 2444.212777777778
310.56154836776875, 2468.485
311.01418156514495, 2439.358333333333
311.46677243059804, 2461.2033333333334
311.9193209436059, 2398.0955555555556
312.37182708364634, 2461.2033333333334
312.8242908301973, 2507.3205555555555
313.27671216273677, 2483.048333333333
313.7290910607424, 2490.33
314.1814275036922, 2419.9405555555554
314.63372147106406, 2514.6022222222223
315.08597294233584, 2492.757222222222
315.53818189698546, 2388.3866666666668
315.99034831449075, 2422.367777777778
316.44247217432957, 2434.503888888889
316.8945534559799, 2473.3394444444443
317.3465921389196, 2354.4055555555556
317.7985882026266, 2492.757222222222
318.2505416265786, 2456.3488888888887
318.7024523902536, 2461.2033333333334
319.1543204731295, 2451.4944444444445
319.6061458546842, 2422.367777777778
320.0579285143956, 2422.367777777778
320.50966843174143, 2434.503888888889
320.9613655861997, 2441.7855555555557
321.4130199572483, 2475.766666666667
321.86463152436505, 2436.931111111111
322.3162002670279, 2422.367777777778
322.76772616471476, 2470.912222222222
323.2192091969033, 2470.912222222222
323.6706493430717, 2497.6116666666667
324.1220465826977, 2468.485
324.5734008952591, 2490.33
325.0247122602339, 2456.3488888888887
325.4759806571, 2514.6022222222223
325.9272060653352, 2376.2505555555554
326.3783884644174, 2400.5227777777777
326.8295278338246, 2470.912222222222
327.2806241530346, 2478.193888888889
327.7316774015252, 2478.193888888889
328.1826875587743, 2422.367777777778
328.63365460425996, 2487.902777777778
329.08457851745993, 2446.64
329.5354592778521, 2434.503888888889
329.9862968649143, 2439.358333333333
330.4370912581245, 2436.931111111111
330.88784243696057, 2439.358333333333
331.3385503809005, 2444.212777777778
331.78921506942197, 2364.1144444444444
332.2398364820029, 2429.6494444444443
332.69041459812127, 2405.3772222222224
333.1409493972549, 2366.5416666666665
333.59144085888175, 2470.912222222222
334.0418889624796, 2451.4944444444445
334.49229368752646, 2400.5227777777777
334.94265501350003, 2398.0955555555556
335.3929729198783, 2495.1844444444446
335.8432473861392, 2495.1844444444446
336.29347839176063, 2475.766666666667
336.7436659162204, 2502.4661111111113
337.19380993899625, 2551.0105555555556
337.6439104395663, 2429.6494444444443
338.0939673974084, 2458.7761111111113
338.5439807920004, 2507.3205555555555
338.9939506028201, 2436.931111111111
339.4438768093455, 2436.931111111111
339.89375939105446, 2507.3205555555555
340.34359832742473, 2419.9405555555554
340.7933935979344, 2415.086111111111
341.24314518206126, 2492.757222222222
341.69285305928315, 2512.175
342.14251720907805, 2439.358333333333
342.5921376109237, 2410.2316666666666
343.0417142442982, 2475.766666666667
343.4912470886792, 2500.038888888889
343.9407361235448, 2475.766666666667
344.39018132837265, 2463.6305555555555
344.8395826826408, 2453.9216666666666
345.2889401658271, 2405.3772222222224
345.73825375740944, 2417.5133333333333
346.1875234368658, 2546.156111111111
346.63674918367377, 2451.4944444444445
347.0859309773115, 2480.621111111111
347.53506879725677, 2446.64
347.9841626229875, 2453.9216666666666
348.4332124339816, 2453.9216666666666
348.8822182097168, 2436.931111111111
349.33117992967124, 2446.64
349.78009757332256, 2429.6494444444443
350.2289711201488, 2417.5133333333333
350.67780054962776, 2422.367777777778
351.1265858412374, 2473.3394444444443
351.5753269744555, 2502.4661111111113
352.02402392876, 2434.503888888889
352.47267668362883, 2541.3016666666667
352.92128521853977, 2441.7855555555557
353.36984951297086, 2383.532222222222
353.81836954639977, 2456.3488888888887
354.26684529830453, 2373.8233333333333
354.715276748163, 2466.0577777777776
355.1636638754531, 2461.2033333333334
355.61200665965265, 2373.8233333333333
356.0603050802395, 2424.795
356.50855911669163, 2427.222222222222
356.9567687484869, 2483.048333333333
357.4049339551032, 2368.968888888889
357.85305471601833, 2417.5133333333333
358.30113101071026, 2378.677777777778
358.7491628186568, 2478.193888888889
359.1971501193359, 2441.7855555555557
359.64509289222553, 2444.212777777778
360.0929911168034, 2497.6116666666667
360.5408447725474, 2444.212777777778
360.98865383893553, 2541.3016666666667
361.4364182954456, 2441.7855555555557
361.88413812155545, 2524.311111111111
362.3318132967432, 2478.193888888889
362.7794438004865, 2446.64
363.2270296122632, 2446.64
363.6745707115514, 2393.241111111111
364.1220670778288, 2487.902777777778
364.5695186905733, 2473.3394444444443
365.01692552926295, 2415.086111111111
365.46428757337543, 2410.2316666666666
365.9116048023887, 2432.076666666667
366.3588771957806, 2395.6683333333335
366.80610473302926, 2456.3488888888887
367.25328739361225, 2490.33
367.7004251570076, 2429.6494444444443
368.14751800269306, 2451.4944444444445
368.59456591014674, 2436.931111111111
369.0415688588464, 2463.6305555555555
369.4885268282698, 2490.33
369.9354397978952, 2497.6116666666667
370.3823077472, 2436.931111111111
370.82913065566237, 2526.7383333333332
371.2759085027602, 2432.076666666667
371.7226412679713, 2441.7855555555557
372.1693289307736, 2434.503888888889
372.615971470645, 2415.086111111111
373.0625688670632, 2439.358333333333
373.5091210995062, 2461.2033333333334
373.95562814745205, 2495.1844444444446
374.4020899903785, 2480.621111111111
374.8485066077633, 2475.766666666667
375.29487797908456, 2449.0672222222224
375.74120408382, 2436.931111111111
376.1874849014476, 2429.6494444444443
376.6337204114452, 2417.5133333333333
377.07991059329066, 2419.9405555555554
377.52605542646194, 2512.175
377.9721548904368, 2463.6305555555555
378.41820896469335, 2434.503888888889
378.8642176287092, 2395.6683333333335
379.31018086196246, 2478.193888888889
379.75609864393084, 2456.3488888888887
380.2019709540923, 2402.95
380.64779777192473, 2412.6588888888887
381.093579076906, 2470.912222222222
381.5393148485141, 2434.503888888889
381.98500506622673, 2424.795
382.43064970952184, 2485.4755555555557
382.87624875787736, 2538.8744444444446
383.32180219077117, 2368.968888888889
383.76730998768113, 2441.7855555555557
384.2127721280851, 2402.95
384.658188591461, 2434.503888888889
385.1035593572866, 2475.766666666667
385.54888440504004, 2502.4661111111113
385.994163714199, 2446.64
386.4393972642414, 2475.766666666667
386.8845850346451, 2466.0577777777776
387.32972700488807, 2444.212777777778
387.77482315444814, 2519.4566666666665
388.2198734628032, 2385.9594444444447
388.66487790943114, 2458.7761111111113
389.1098364738098, 2463.6305555555555
389.55474913541707, 2432.076666666667
389.99961587373093, 2436.931111111111
390.44443666822923, 2461.2033333333334
390.8892114983898, 2521.883888888889
391.3339403436905, 2446.64
391.7786231836093, 2466.0577777777776
392.2232599976239, 2444.212777777778
392.6678507652125, 2456.3488888888887
393.11239546585284, 2422.367777777778
393.55689407902264, 2405.3772222222224
394.0013465841999, 2468.485
394.4457529608626, 2451.4944444444445
394.89011318848856, 2473.3394444444443
395.3344272465556, 2368.968888888889
395.77869511454173, 2412.6588888888887
396.22291677192464, 2419.9405555555554
396.6670921981824, 2490.33
397.1112213727928, 2480.621111111111
397.55530427523377, 2483.048333333333
397.99934088498316, 2519.4566666666665
398.4433311815189, 2473.3394444444443
398.8872751443188, 2388.3866666666668
399.33117275286077, 2349.551111111111
399.7750239866227, 2466.0577777777776
400.2188288250826, 2475.766666666667
400.6625872477181, 2504.8933333333334
401.1062992340072, 2468.485
401.5499647634279, 2395.6683333333335
401.99358381545795, 2517.0294444444444
402.43715636957535, 2439.358333333333
402.8806824052578, 2453.9216666666666
403.3241619019833, 2458.7761111111113
403.7675948392297, 2446.64
404.2109811964749, 2517.0294444444444
404.6543209531968, 2517.0294444444444
405.0976140888734, 2436.931111111111
405.5408605829823, 2497.6116666666667
405.9840604150016, 2453.9216666666666
406.4272135644091, 2492.757222222222
406.87032001068275, 2517.0294444444444
407.3133797333004, 2376.2505555555554
407.7563927117399, 2458.7761111111113
408.1993589254791, 2495.1844444444446
408.64227835399595, 2500.038888888889
409.08515097676843, 2502.4661111111113
409.52797677327436, 2480.621111111111
409.97075572299144, 2468.485
410.4134878053977, 2419.9405555555554
410.856172999971, 2407.8044444444445
411.2988112861894, 2470.912222222222
411.74140264353053, 2504.8933333333334
412.18394705147244, 2429.6494444444443
412.6264444894928, 2468.485
413.0688949370698, 2487.902777777778
413.5112983736811, 2466.0577777777776
413.9536547788046, 2453.9216666666666
414.39596413191833, 2507.3205555555555
414.83822641250003, 2400.5227777777777
415.2804416000276, 2410.2316666666666
415.722609673979, 2434.503888888889
416.16473061383203, 2461.2033333333334
416.6068043990647, 2536.447222222222
417.0488310091547, 2507.3205555555555
417.49081042358, 2453.9216666666666
417.93274262181853, 2563.1466666666665
418.37462758334823, 2601.9822222222224
418.8164652876469, 2580.137222222222
419.25825571419233, 2453.9216666666666
419.6999988424625, 2412.6588888888887
420.1416946519353, 2483.048333333333
420.58334312208865, 2463.6305555555555
421.02494423240046, 2529.1655555555553
421.46649796234846, 2466.0577777777776
421.9080042914106, 2534.02
422.34946319906476, 2402.95
422.7908746647889, 2466.0577777777776
423.2322386680608, 2514.6022222222223
423.6735551883584, 2502.4661111111113
424.1148242051596, 2487.902777777778
424.55604569794224, 2417.5133333333333
424.99721964618425, 2531.592777777778
425.43834602936346, 2541.3016666666667
425.87942482695786, 2470.912222222222
426.32045601844516, 2517.0294444444444
426.7614395833034, 2473.3394444444443
427.20237550101035, 2514.6022222222223
427.643263751044, 2485.4755555555557
428.0841043128821, 2495.1844444444446
428.5248971660027, 2449.0672222222224
428.96564228988353, 2519.4566666666665
429.4063396640026, 2521.883888888889
429.8469892678377, 2439.358333333333
430.2875910808667, 2536.447222222222
430.72814508256766, 2468.485
431.1686512524183, 2441.7855555555557
431.6091095698964, 2500.038888888889
432.04952001448015, 2449.0672222222224
432.48988256564724, 2497.6116666666667
432.93019720287555, 2555.865
433.37046390564296, 2475.766666666667
433.8106826534275, 2524.311111111111
434.2508534257068, 2487.902777777778
434.690976201959, 2468.485
435.13105096166186, 2512.175
435.57107768429324, 2541.3016666666667
436.011056349331, 2473.3394444444443
436.4509869362532, 2555.865
436.8908694245375, 2444.212777777778
437.330703793662, 2514.6022222222223
437.7704900231044, 2461.2033333333334
438.2102280923426, 2534.02
438.64991798085464, 2531.592777777778
439.0895596681183, 2509.7477777777776
439.52915313361143, 2487.902777777778
439.968698356812, 2509.7477777777776
440.4081953171978, 2473.3394444444443
440.84764399424677, 2490.33
441.28704436743686, 2538.8744444444446
441.7263964162458, 2517.0294444444444
442.1657001201515, 2480.621111111111
442.604955458632, 2422.367777777778
443.044162411165, 2485.4755555555557
443.48332095722856, 2514.6022222222223
443.92243107630037, 2536.447222222222
444.36149274785845, 2475.766666666667
444.80050595138067, 2568.001111111111
445.2394706663448, 2512.175
445.67838687222894, 2463.6305555555555
446.11725454851074, 2512.175
446.5560736746682, 2575.282777777778
446.99484423017924, 2587.418888888889
447.4335661945217, 2558.2922222222223
447.8722395471734, 2490.33
448.3108642676124, 2470.912222222222
448.74944033531636, 2507.3205555555555
449.18796772976333, 2495.1844444444446
449.6264464304311, 2495.1844444444446
450.0648764167976, 2601.9822222222224
450.5032576683408, 2538.8744444444446
450.94159016453835, 2565.573888888889
451.37987388486823, 2473.3394444444443
451.8181088088085, 2487.902777777778
452.25629491583686, 2546.156111111111
452.6944321854313, 2504.8933333333334
453.1325205970696, 2512.175
453.5705601302296, 2509.7477777777776
454.00855076438944, 2487.902777777778
454.44649247902674, 2463.6305555555555
454.8843852536195, 2512.175
455.32222906764554, 2519.4566666666665
455.76002390058284, 2534.02
456.19776973190926, 2463.6305555555555
456.63546654110263, 2495.1844444444446
457.07311430764076, 2485.4755555555557
457.5107130110018, 2529.1655555555553
457.9482626306634, 2546.156111111111
458.38576314610356, 2616.5455555555554
458.82321453680004, 2492.757222222222
459.2606167822308, 2570.4283333333333
459.69796986187373, 2446.64
460.13527375520675, 2521.883888888889
460.5725284417076, 2504.8933333333334
461.0097339008544, 2441.7855555555557
461.44689011212483, 2500.038888888889
461.8839970549969, 2546.156111111111
462.3210547089484, 2558.2922222222223
462.7580630534572, 2502.4661111111113
463.1950220680013, 2509.7477777777776
463.63193173205855, 2456.3488888888887
464.0687920251067, 2536.447222222222
464.5056029266238, 2543.728888888889
464.9423644160876, 2451.4944444444445
465.3790764729762, 2568.001111111111
465.8157390767672, 2468.485
466.2523522069386, 2483.048333333333
466.6889158429684, 2507.3205555555555
467.12542996433433, 2534.02
467.5618945505144, 2485.4755555555557
467.9983095809864, 2541.3016666666667
468.4346750352282, 2514.6022222222223
468.8709908927178, 2492.757222222222
469.30725713293293, 2531.592777777778
469.7434737353516, 2497.6116666666667
470.1796406794516, 2538.8744444444446
470.6157579447109, 2541.3016666666667
471.05182551060733, 2543.728888888889
471.4878433566188, 2601.9822222222224
471.9238114622231, 2594.7005555555556
472.35972980689826, 2543.728888888889
472.7955983701221, 2490.33
473.23141713137244, 2551.0105555555556
473.66718607012734, 2531.592777777778
474.1029051658645, 2628.681666666667
474.53857439806194, 2512.175
474.97419374619733, 2626.2544444444443
475.4097631897488, 2611.6911111111112
475.84528270819413, 2601.9822222222224
476.28075228101125, 2597.1277777777777
476.71617188767794, 2660.2355555555555
477.15154150767216, 2577.71
477.5868611204718, 2609.2638888888887
478.0221307055547, 2711.2072222222223
478.4573502423987, 2684.507777777778
478.89251971048185, 2682.0805555555557
479.3276390892819, 2708.78
479.76270835827677, 2708.78
480.19772749694437, 2798.5872222222224
480.6326964847625, 2747.6155555555556
481.0676153012091, 2832.568333333333
481.50248392576214, 2774.315
481.9373023378993, 2856.8405555555555
482.3720705170987, 2803.4416666666666
482.80678844283807, 2929.657222222222
483.2414560945953, 2820.432222222222
483.6760734518483, 2922.3755555555554
484.110640494075, 2953.9294444444445
484.5451572007532, 2864.1222222222223
484.9796235513608, 2956.3566666666666
485.41403952537576, 3014.61
485.8484051022759, 2963.6383333333333
486.2827202615391, 3012.1827777777776
486.7169849826432, 3123.835
487.1511992450663, 3155.3888888888887
487.585363028286, 3252.4777777777776
488.01947631178035, 3254.905
488.4535390750272, 3211.215
488.88755129750444, 3320.44
489.32151295868994, 3366.557222222222
489.75542403806156, 3390.8294444444446
490.1892845150972, 3410.2472222222223
490.6230943692748, 3490.3455555555556
491.05685358007213, 3570.443888888889
491.4905621269672, 3553.4533333333334
491.9242199894378, 3691.805
492.3578271469619, 3759.7672222222222
492.7913835790173, 3742.7766666666666
493.2248892650819, 3810.738888888889
493.65834418463356, 3968.508333333333
494.09174831715035, 3978.217222222222
494.52510164210986, 4143.268333333333
494.9584041389902, 4189.385555555556
495.3916557872692, 4233.075555555555
495.8248565664246, 4393.272222222222
496.25800645593455, 4543.76
496.69110543527665, 4611.722222222223
497.124153483929, 4650.557777777778
497.5571505813694, 4813.181666666666
497.99009670707574, 4946.678888888889
498.42299184052587, 4953.960555555555
498.8558359611977, 5133.575
499.28862904856913, 5308.335
499.72137108211814, 5524.357777777778
500.15406204132233, 5708.826666666667
500.5867019056598, 5842.323888888889
501.01929065460854, 5961.257777777778
501.45182826764614, 5985.53
501.8843147242507, 6386.0216666666665
502.3167500039, 6356.895
502.749134086072, 6636.025555555556
503.1814669502445, 6949.137222222223
503.6137485758955, 6951.564444444444
504.04597894250264, 7203.995555555555
504.4781580295442, 7427.3
504.9102858164977, 7655.458888888889
505.3423622828412, 7883.6177777777775
505.7743874080526, 8094.7861111111115
506.20636117160956, 8322.945
506.63828355299034, 8424.888333333334
507.07015453167253, 8849.652222222223
507.50197408713404, 8842.370555555555
507.93374219885294, 9320.533333333333
508.36545884630686, 9653.062777777777
508.7971240089739, 9767.142222222223
509.2287376663318, 9932.193333333333
509.66029979785856, 10267.15
510.0918103830321, 10653.078333333333
510.5232694013299, 10779.29388888889
510.9546768322305, 11036.579444444444
511.3860326552112, 11216.193888888889
511.81733684975023, 11451.634444444444
512.2485893953253, 11750.182777777778
512.6797902714144, 12070.576111111111
513.1109394574953, 12170.092222222222
513.5420369330461, 12492.912777777778
513.9730826775443, 12616.701111111111
514.4040766704684, 12823.015
514.8350188912955, 13429.820555555556
515.2659093195042, 13140.98111111111
515.6967479345718, 13509.91888888889
516.1275347159767, 13568.172222222222
516.5582696431964, 13912.837777777779
516.9889526957089, 13861.86611111111
517.4195838529922, 14199.25
517.8501630945242, 14286.63
518.2806903997824, 14276.92111111111
518.7111657482452, 14284.202777777778
519.1415891193901, 14490.516666666666
519.5719604926952, 14437.117777777778
520.0022798476382, 14563.333333333334
520.4325471636973, 14369.155555555555
520.8627624203501, 14662.849444444444
521.2929255970745, 14422.554444444444
521.7230366733485, 14531.779444444444
522.1530956286498, 14206.531666666666
522.5831024424566, 14274.493888888888
523.0130570942465, 14133.715
523.4429595634975, 14121.57888888889
523.8728098296876, 14000.217777777778
524.3026078722943, 13735.650555555556
524.732353670796, 13672.542777777779
525.1620472046701, 13592.444444444445
525.5916884533947, 13441.956666666667
526.0212773964479, 13114.281666666666
526.4508140133071, 12971.075555555555
526.8802982834507, 12769.61611111111
527.3097301863561, 12968.648333333333
527.7391097015015, 12640.973333333333
528.168436808365, 12412.814444444444
528.5977114864237, 12371.551666666666
529.0269337151562, 12269.608333333334
529.4561034740402, 11932.224444444444
529.8852207425534, 11793.872777777779
530.314285500174, 11602.122222222222
530.7432977263796, 11337.555
531.1722574006484, 11344.836666666666
531.6011645024578, 11089.978333333333
532.030019011286, 10810.847777777777
532.458820906611, 10721.040555555555
532.8875701679102, 10403.074444444444
533.3162667746622, 10369.093333333334
533.7449107063443, 10177.342777777778
534.1735019424347, 10111.807777777778
534.602040462411, 9730.733888888888
535.0305262457513, 9786.56
535.4589592719335, 9531.701666666666
535.8873395204353, 9332.669444444444
536.3156669707347, 9034.121111111112
536.7439416023096, 9157.909444444444
537.1721633946379, 9109.365
537.6003323271975, 8665.183333333332
538.028448379466, 8599.648333333333
538.4565115309218, 8538.967777777778
538.8845217610424, 8221.001666666667
539.3124790493057, 8114.203888888889
539.7403833751898, 8034.105555555556
540.1682347181724, 7927.307777777778
540.5960330577315, 7864.2
541.0237783733447, 7728.275555555556
541.4514706444902, 7572.933333333333
541.8791098506459, 7558.37
542.3066959712894, 7470.99
542.7342289858989, 7347.201666666667
543.1617088739521, 7303.511666666666
543.5891356149269, 6915.156111111111
544.0165091883014, 7000.108888888889
544.4438295735529, 6883.602222222222
544.8710967501598, 6864.184444444444
545.2983106976, 6662.725
545.7254713953512, 6463.692777777777
546.1525788228913, 6502.528333333334
546.5796329596982, 6497.6738888888885
547.0066337852497, 6342.331666666667
547.4335812790239, 6240.388333333333
547.8604754204986, 6111.745555555555
548.2873161891516, 6174.8533333333335
548.7141035644607, 6012.229444444444
549.140837525904, 5866.596111111111
549.5675180529594, 5922.422222222222
549.9941451251045, 5917.567777777777
550.4207187218174, 5725.817222222222
550.847238822576, 5551.057222222223
551.2737054068582, 5492.803888888889
551.7001184541417, 5444.259444444445
552.1264779439044, 5393.287777777778
552.5527838556245, 5325.325555555555
552.9790361687795, 5373.87
553.4052348628476, 5335.0344444444445
553.8313799173064, 5262.217777777778
554.2574713116339, 5174.837777777778
554.6835090253081, 5009.786666666667
555.1094930378068, 4927.261111111111
555.5354233286079, 5043.767777777778
555.961299877189, 4924.833888888889
556.3871226630284, 4997.650555555556
556.8128916656038, 4837.453888888889
557.2386068643932, 4791.336666666667
557.6642682388743, 4912.697777777777
558.0898757685251, 4793.763888888889
558.5154294328235, 4801.045555555555
558.9409292112473, 4672.402777777777
559.3663750832743, 4616.576666666667
559.7917670283828, 4599.586111111111
560.2171050260499, 4568.032222222222
560.6423890557544, 4747.6466666666665
561.0676190969735, 4575.313888888889
561.4927951291855, 4737.937777777778
561.9179171318682, 4699.102222222222
562.3429850844992, 4534.051111111111
562.7679989665568, 4643.276111111111
563.1929587575185, 4580.168333333333
563.6178644368624, 4638.421666666667
564.0427159840664, 4589.877222222222
564.4675133786083, 4696.675
564.892256599966, 4725.801666666666
565.3169456276173, 4660.266666666666
565.7415804410404, 4864.153333333334
566.1661610197128, 4791.336666666667
566.5906873431126, 4810.754444444445
567.0151593907176, 4839.881111111111
567.4395771420056, 4939.397222222222
567.8639405764549, 4983.087222222222
568.2882496735427, 5155.42
568.7125044127475, 5184.546666666667
569.136704773547, 5126.293333333333
569.560850735419, 5393.287777777778
569.9849422778414, 5453.968333333333
570.408979380292, 5541.348333333333
570.8329620222488, 5531.639444444444
571.2568901831899, 5818.051666666666
571.6807638425926, 5903.004444444445
572.1045829799353, 6009.802222222223
572.5283475746957, 6092.327777777778
572.9520576063518, 6237.961111111111
573.3757130543813, 6502.528333333334
573.7993138982621, 6594.762777777778
574.2228601174724, 6750.105
574.6463516914896, 6995.254444444445
575.069788599792, 7160.305555555556
575.4931708218572, 7349.6288888888885
575.916498337163, 7512.252777777778
576.3397711251878, 7910.317222222222
576.7629891654091, 8068.086666666667
577.1861524373047, 8412.752222222221
577.6092609203528, 8531.68611111111
578.0323145940308, 8694.31
578.4553134378172, 8883.633333333333
578.8782574311896, 9191.890555555556
579.3011465536257, 9597.236666666666
579.7239807846037, 9839.958888888888
580.146760103601, 9980.737777777778
580.5694844900961, 10162.779444444444
580.9921539235664, 10723.467777777778
581.4147683834901, 10830.265555555556
581.8373278493451, 11121.532222222222
582.2598323006089, 11347.263888888889
582.6822817167598, 11645.812222222223
583.1046760772754, 12170.092222222222
583.5270153616337, 12257.472222222223
583.9492995493126, 12388.542222222222
584.3715286197901, 12898.25888888889
584.7937025525439, 12864.277777777777
585.2158213270517, 13009.91111111111
585.6378849227918, 13233.215555555556
586.059893319242, 13585.162777777778
586.4818464958798, 13670.115555555556
586.9037444321838, 13769.631666666666
587.3255871076311, 13958.955
587.7473745017, 13929.828333333333
588.1691065938684, 14167.69611111111
588.590783363614, 14177.405
589.0124047904148, 14182.259444444444
589.4339708537487, 14238.085555555555
589.8554815330937, 14165.26888888889
590.2769368079274, 14284.202777777778
590.6983366577279, 14191.968333333334
591.1196810619729, 14087.597777777777
591.5409700001403, 14058.471111111112
591.9622034517083, 14051.189444444444
592.3833813961545, 14216.240555555556
592.8045038129568, 13961.382222222222
593.2255706815931, 13910.410555555556
593.6465819815413, 13915.265
594.0675376922794, 13667.688333333334
594.488437793285, 13536.618333333334
594.9092822640364, 13502.637222222222
595.3300710840113, 13330.304444444444
595.7508042326872, 13381.27611111111
596.1714816895425, 13213.797777777778
596.5921034340548, 13056.028333333334
597.0126694457022, 12810.878888888888
597.4331797039623, 12924.958333333334
597.8536341883132, 12861.850555555555
598.2740328782329, 12546.311666666666
598.6943757531989, 12587.574444444444
599.1146627926894, 12573.011111111111
599.5348939761823, 12201.646111111111
599.9550692831551, 12378.833333333334
600.3751886930862, 12293.880555555555
600.795252185453, 12174.946666666667
601.2152597397338, 12191.937222222223
601.6352113354062, 12213.782222222222
602.0551069519482, 11847.271666666667
602.4749465688378, 11890.961666666666
602.8947301655527, 11633.676111111112
603.3144577215706, 11830.281111111111
603.7341292163699, 11638.530555555555
604.153744629428, 11745.328333333333
604.5733039402232, 11636.103333333333
604.9928071282329, 11225.902777777777
605.4122541729356, 11344.836666666666
605.8316450538086, 11373.963333333333
606.2509797503302, 11412.798888888889
606.670258241978, 11068.133333333333
607.0894805082299, 10963.762777777778
607.5086465285641, 10917.645555555555
607.9277562824581, 10791.43
608.3468097493899, 10490.454444444444
608.7658069088376, 10570.552777777777
609.1847477402787, 10356.957222222221
609.6036322231914, 10320.548888888889
610.0224603370534, 10131.225555555555
610.4412320613428, 9966.174444444445
610.8599473755373, 9689.471111111112
611.2786062591147, 9903.066666666668
611.6972086915533, 9798.69611111111
612.1157546523305, 9505.002222222221
612.5342441209243, 9325.387777777778
612.952677076813, 9138.491666666667
613.3710534994736, 9065.675
613.789373368385, 8934.605
614.2076366630243, 8725.863888888889
614.62584336287, 8563.24
615.0439934473997, 8361.780555555555
615.4620868960909, 8432.17
615.8801236884221, 8395.761666666667
616.298103803871, 8228.283333333333
616.7160272219153, 7954.0072222222225
617.1338939220329, 7958.861666666667
617.5517038837019, 7762.256666666667
617.9694570864001, 7796.237777777777
618.3871535096054, 7650.604444444444
618.8047931327956, 7444.290555555555
619.2223759354484, 7184.577777777778
619.6399018970421, 7252.54
620.0573709970545, 7245.258333333333
620.4747832149632, 7153.023888888889
620.8921385302463, 6975.836666666667
621.3094369223816, 6934.573888888889
621.7266783708471, 6754.959444444445
622.1438628551207, 6711.269444444444
622.5609903546799, 6606.898888888889
622.9780608490031, 6636.025555555556
623.395074317568, 6619.035
623.8120307398522, 6519.518888888889
624.228930095334, 6410.293888888889
624.645772363491, 6446.702222222222
625.0625575238014, 6315.6322222222225
625.4792855557428, 6276.796666666667
625.8959564387931, 6228.252222222222
626.3125701524302, 6167.571666666667
626.7291266761321, 6254.951666666667
627.1456259893766, 6009.802222222223
627.5620680716416, 6082.618888888889
627.978452902405, 6048.637777777778
628.3947804611447, 6012.229444444444
628.8110507273384, 5866.596111111111
629.2272636804644, 6036.501666666667
629.6434193000001, 5985.53
630.0595175654236, 5861.741666666667
630.4755584562129, 5924.849444444444
630.8915419518455, 5798.633888888889
631.3074680317999, 5820.478888888889
631.7233366755535, 5801.061111111111
632.1391478625843, 5699.1177777777775
632.5549015723702, 5638.437222222222
632.9705977843889, 5720.962777777778
633.3862364781188, 5665.136666666666
633.8018176330373, 5626.301111111111
634.2173412286224, 5662.709444444445
634.6328072443522, 5587.4655555555555
635.0482156597042, 5677.272777777778
635.4635664541566, 5655.427777777778
635.8788596071872, 5480.667777777778
636.2940950982738, 5405.4238888888885
636.7092729068943, 5402.996666666667
637.1243930125266, 5349.597777777778
637.5394553946488, 5475.8133333333335
637.9544600327383, 5373.87
638.3694069062735, 5354.452222222222
638.784295994732, 5325.325555555555
639.1991272775919, 5279.208333333333
639.6139007343309, 5327.752777777778
640.0286163444265, 5305.9077777777775
640.4432740873574, 5262.217777777778
640.857873942601, 5228.236666666667
641.2724158896351, 5242.8
641.686899907938, 5174.837777777778
642.101325976987, 5150.565555555556
642.5156940762606, 5133.575
642.9300041852364, 5068.04
643.344256283392, 4963.669444444445
643.758450350206, 4983.087222222222
644.1725863651554, 4980.66
644.5866643077189, 4917.552222222223
645.0006841573738, 4934.542777777778
645.4146458935983, 4963.669444444445
645.8285494958702, 4963.669444444445
646.2423949436671, 4919.979444444444
646.6561822164675, 4907.843333333333
647.0699112937488, 4682.111666666667
647.483582154989, 4725.801666666666
647.897194779666, 4648.1305555555555
648.3107491472578, 4728.228888888889
648.724245237242, 4553.468888888889
649.1376830290968, 4526.769444444444
649.5510625022998, 4558.323333333334
649.964383636329, 4388.417777777778
650.3776464106625, 4376.281666666667
650.790850804778, 4439.389444444444
651.2039967981532, 4468.516111111111
651.6170843702662, 4364.145555555556
652.0301135005949, 4419.971666666666
652.443084168617, 4286.474444444444
652.8559963538107, 4230.6483333333335
653.2688500356536, 4371.427222222223
653.6816451936236, 4208.803333333333
654.0943818071987, 4322.882777777778
654.5070598558568, 4213.6577777777775
654.9196793190757, 4092.2966666666666
655.3322401763332, 4220.939444444444
655.7447424071077, 4034.0433333333335
656.1571859908762, 4041.325
656.5695709071173, 4070.451666666667
656.9818971353087, 4097.151111111111
657.394164654928, 3912.682222222222
657.8063734454535, 3985.498888888889
658.2185234863628, 3987.926111111111
658.6306147571338, 3900.5461111111113
659.0426472372449, 3895.6916666666666
659.454620906173, 3881.1283333333336
659.8665357433969, 3868.992222222222
660.2783917283939, 3796.1755555555555
660.6901888406422, 3796.1755555555555
661.1019270596197, 3895.6916666666666
661.5136063648039, 3801.03
661.9252267356732, 3757.34
662.336788151705, 3720.931666666667
662.7482905923775, 3682.096111111111
663.1597340371688, 3716.077222222222
663.5711184655561, 3660.251111111111
663.9824438570179, 3633.5516666666667
664.3937101910318, 3512.1905555555554
664.8049174470756, 3657.823888888889
665.2160656046276, 3558.3077777777776
665.627154643165, 3589.8616666666667
666.0381845421665, 3502.4816666666666
666.4491552811094, 3534.0355555555557
666.8600668394716, 3548.5988888888887
667.2709191967314, 3412.6744444444444
667.6817123323663, 3519.472222222222
668.0924462258544, 3490.3455555555556
668.5031208566734, 3497.6272222222224
668.9137362043014, 3436.9466666666667
669.324292248216, 3466.0733333333333
669.7347889678953, 3480.6366666666668
670.1452263428172, 3373.838888888889
670.5556043524593, 3376.266111111111
670.9659229763, 3313.1583333333333
671.3761821938167, 3332.576111111111
671.7863819844875, 3228.2055555555557
672.1965223277904, 3344.7122222222224
672.6066032032028, 3271.8955555555553
673.0166245902033, 3303.4494444444445
673.4265864682691, 3206.3605555555555
673.8364888168785, 3199.0788888888887
674.2463316155092, 3305.8766666666666
674.6561148436392, 3254.905
675.0658384807463, 3284.0316666666668
675.4755025063084, 3152.9616666666666
675.8851068998035, 3135.971111111111
676.2946516407094, 3116.5533333333333
676.7041367085039, 3211.215
677.1135620826649, 3177.233888888889
677.5229277426704, 3131.116666666667
677.9322336679982, 3104.4172222222223
678.3414798381262, 3094.7083333333335
678.7506662325325, 3092.281111111111
679.1597928306944, 2987.9105555555557
679.5688596120904, 3072.8633333333332
679.977866556198, 3063.1544444444444
680.3868136424953, 3014.61
680.7957008504601, 3077.717777777778
681.2045281595704, 3024.318888888889
681.6132955493039, 3000.0466666666666
682.0220029991384, 3092.281111111111
682.430650488552, 3034.027777777778
682.8392379970227, 2978.201666666667
683.2477655040282, 3063.1544444444444
683.6562329890462, 2924.802777777778
684.064640431555, 2995.1922222222224
684.472987811032, 2941.7933333333335
684.8812751069555, 2873.831111111111
685.2895022988033, 3000.0466666666666
685.6976693660531, 3002.4738888888887
686.1057762881829, 3019.4644444444443
686.5138230446706, 2929.657222222222
686.9218096149941, 2905.385
687.3297359786312, 2832.568333333333
687.7376021150599, 2924.802777777778
688.145408003758, 2895.676111111111
688.5531536242033, 2941.7933333333335
688.9608389558739, 2895.676111111111
689.3684639782474, 2864.1222222222223
689.7760286708021, 2842.277222222222
690.1835330130154, 2915.093888888889
690.5909769843656, 2842.277222222222
690.9983605643303, 2842.277222222222
691.4056837323875, 2885.967222222222
691.8129464680152, 2936.938888888889
692.220148750691, 2856.8405555555555
692.6272905598929, 2830.141111111111
693.0343718750988, 2844.7044444444446
693.4413926757868, 2813.1505555555555
693.8483529414345, 2873.831111111111
694.25525265152, 2861.695
694.6620917855208, 2737.9066666666668
695.0688703229151, 2837.422777777778
695.4755882431808, 2868.9766666666665
695.8822455257957, 2827.713888888889
696.2888421502378, 2781.596666666667
696.6953780959847, 2774.315
697.1018533425145, 2769.4605555555554
697.5082678693051, 2781.596666666667
697.9146216558341, 2701.4983333333334
698.3209146815799, 2786.451111111111
698.72714692602, 2781.596666666667
699.1333183686324, 2759.7516666666666
699.5394289888949, 2703.9255555555555
699.9454787662854, 2750.0427777777777
700.3514676802821, 2701.4983333333334
700.7573957103624, 2660.2355555555555
701.1632628360044, 2745.1883333333335
701.569069036686, 2752.47
701.9748142918851, 2774.315
702.3804985810796, 2706.3527777777776
702.7861218837471, 2706.3527777777776
703.1916841793659, 2703.9255555555555
703.5971854474136, 2713.6344444444444
704.0026256673683, 2747.6155555555556
704.4080048187078, 2728.197777777778
704.8133228809098, 2679.653333333333
705.2185798334524, 2674.798888888889
705.6237756558133, 2708.78
706.0289103274706, 2740.333888888889
706.4339838279021, 2701.4983333333334
706.8389961365859, 2725.7705555555553
707.2439472329994, 2737.9066666666668
707.6488370966208, 2750.0427777777777
708.0536657069279, 2691.7894444444446
708.4584330433985, 2735.4794444444447
708.8631390855107, 2713.6344444444444
709.2677838127423, 2682.0805555555557
709.6723672045712, 2725.7705555555553
710.0768892404751, 2657.8083333333334
710.4813498999321, 2626.2544444444443
710.88574916242, 2635.963333333333
711.2900870074167, 2652.9538888888887
711.6943634144001, 2631.108888888889
712.0985783628479, 2669.9444444444443
712.5027318322383, 2631.108888888889
712.906823802049, 2694.2166666666667
713.310854251758, 2638.3905555555557
713.7148231608429, 2628.681666666667
714.1187305087819, 2648.0994444444445
714.5225762750528, 2536.447222222222
714.9263604391333, 2592.2733333333335
715.3300829805016, 2548.5833333333335
715.7337438786353, 2577.71
716.1373431130124, 2650.5266666666666
716.5408806631108, 2594.7005555555556
716.9443565084084, 2667.5172222222222
717.3477706283832, 2558.2922222222223
717.7511230025127, 2665.09
718.1544136102751, 2652.9538888888887
718.5576424311482, 2604.4094444444445
718.9608094446097, 2640.817777777778
719.363914630138, 2665.09
719.7669579672105, 2543.728888888889
720.1699394353052, 2580.137222222222
720.5728590138999, 2618.972777777778
720.9757166824728, 2599.555
721.3785124205016, 2631.108888888889
721.7812462074642, 2618.972777777778
722.1839180228383, 2655.3811111111113
722.586527846102, 2597.1277777777777
722.989075656733, 2592.2733333333335
723.3915614342095, 2648.0994444444445
723.7939851580091, 2577.71
724.1963468076099, 2601.9822222222224
724.5986463624895, 2606.8366666666666
725.0008838021259, 2575.282777777778
725.4030591059972, 2577.71
725.8051722535811, 2582.5644444444442
726.2072232243553, 2570.4283333333333
726.6092119977981, 2597.1277777777777
727.011138553387, 2521.883888888889
727.4130028706, 2548.5833333333335
727.8148049289152, 2628.681666666667
728.2165447078104, 2548.5833333333335
728.6182221867631, 2621.4
729.0198373452516, 2597.1277777777777
729.4213901627536, 2563.1466666666665
729.8228806187471, 2597.1277777777777
730.2243086927101, 2480.621111111111
730.6256743641202, 2497.6116666666667
731.0269776124553, 2582.5644444444442
731.4282184171935, 2589.846111111111
731.8293967578126, 2606.8366666666666
732.2305126137903, 2592.2733333333335
732.6315659646046, 2575.282777777778
733.0325567897337, 2633.536111111111
733.4334850686549, 2563.1466666666665
733.8343507808465, 2548.5833333333335
734.2351539057863, 2502.4661111111113
734.6358944229522, 2521.883888888889
735.0365723118219, 2541.3016666666667
735.4371875518735, 2614.1183333333333
735.8377401225848, 2509.7477777777776
736.2382300034338, 2534.02
736.6386571738981, 2495.1844444444446
737.0390216134557, 2563.1466666666665
737.4393233015847, 2599.555
737.8395622177627, 2466.0577777777776
738.2397383414677, 2589.846111111111
738.6398516521779, 2483.048333333333
739.0399021293706, 2555.865
739.439889752524, 2553.4377777777777
739.8398145011159, 2502.4661111111113
740.2396763546243, 2495.1844444444446
740.639475292527, 2558.2922222222223
741.0392112943019, 2507.3205555555555
741.4388843394269, 2541.3016666666667
741.8384944073797, 2480.621111111111
742.2380414776385, 2536.447222222222
742.637525529681, 2529.1655555555553
743.0369465429851, 2560.7194444444444
743.4363044970287, 2519.4566666666665
743.8355993712896, 2485.4755555555557
744.2348311452458, 2560.7194444444444
744.6339997983753, 2534.02
745.0331053101557, 2568.001111111111
745.432147660065, 2417.5133333333333
745.8311268275811, 2502.4661111111113
746.230042792182, 2509.7477777777776
746.6288955333454, 2487.902777777778
747.0276850305493, 2470.912222222222
747.4264112632713, 2507.3205555555555
747.8250742109897, 2534.02
748.2236738531822, 2490.33
748.6222101693266, 2594.7005555555556
749.0206831389012, 2524.311111111111
749.4190927413832, 2502.4661111111113
749.817438956251, 2463.6305555555555
750.2157217629822, 2490.33
750.6139411410547, 2507.3205555555555
751.0120970699468, 2526.7383333333332
751.4101895291359, 2495.1844444444446
751.8082184981, 2495.1844444444446
752.2061839563171, 2441.7855555555557
752.604085883265, 2521.883888888889
753.0019242584217, 2439.358333333333
753.399699061265, 2512.175
753.7974102712727, 2473.3394444444443
754.1950578679227, 2538.8744444444446
754.5926418306931, 2500.038888888889
754.9901621390615, 2439.358333333333
755.387618772506, 2475.766666666667
755.7850117105044, 2466.0577777777776
756.1823409325345, 2480.621111111111
756.5796064180743, 2601.9822222222224
756.9768081466016, 2458.7761111111113
757.3739460975944, 2410.2316666666666
757.7710202505305, 2546.156111111111
758.1680305848877, 2417.5133333333333
758.564977080144, 2453.9216666666666
758.9618597157773, 2463.6305555555555
759.3586784712656, 2609.2638888888887
759.7554333260865, 2502.4661111111113
760.1521242597179, 2483.048333333333
760.5487512516379, 2495.1844444444446
760.9453142813243, 2548.5833333333335
761.341813328255, 2529.1655555555553
761.738248371908, 2436.931111111111
762.1346193917608, 2427.222222222222
762.5309263672914, 2497.6116666666667
762.927169277978, 2432.076666666667
763.3233481032983, 2524.311111111111
763.7194628227302, 2434.503888888889
764.1155134157514, 2512.175
764.5114998618401, 2531.592777777778
764.9074221404738, 2490.33
765.3032802311308, 2526.7383333333332
765.6990741132888, 2524.311111111111
766.0948037664257, 2500.038888888889
766.4904691700191, 2466.0577777777776
766.8860703035473, 2485.4755555555557
767.2816071464881, 2483.048333333333
767.6770796783193, 2463.6305555555555
768.0724878785187, 2441.7855555555557
768.4678317265643, 2478.193888888889
768.8631112019339, 2468.485
769.2583262841056, 2451.4944444444445
769.653476952557, 2446.64
770.0485631867662, 2456.3488888888887
770.4435849662109, 2497.6116666666667
770.8385422703691, 2483.048333333333
771.2334350787187, 2470.912222222222
771.6282633707374, 2453.9216666666666
772.0230271259036, 2555.865
772.4177263236944, 2473.3394444444443
772.8123609435884, 2407.8044444444445
773.2069309650631, 2480.621111111111
773.6014363675963, 2524.311111111111
773.9958771306663, 2502.4661111111113
774.3902532337505, 2451.4944444444445
774.7845646563271, 2478.193888888889
775.1788113778739, 2495.1844444444446
775.5729933778688, 2497.6116666666667
775.9671106357898, 2524.311111111111
776.3611631311144, 2461.2033333333334
776.755150843321, 2395.6683333333335
777.1490737518869, 2521.883888888889
777.5429318362906, 2405.3772222222224
777.9367250760095, 2449.0672222222224
778.3304534505218, 2524.311111111111
778.7241169393052, 2456.3488888888887
779.1177155218376, 2538.8744444444446
779.5112491775968, 2441.7855555555557
779.904717886061, 2512.175
780.2981216267079, 2463.6305555555555
780.6914603790154, 2434.503888888889
781.0847341224612, 2495.1844444444446
781.4779428365234, 2470.912222222222
781.8710865006798, 2548.5833333333335
782.2641650944086, 2490.33
782.657178597187, 2432.076666666667
783.0501269884934, 2507.3205555555555
783.4430102478057, 2466.0577777777776
783.8358283546014, 2480.621111111111
784.2285812883588, 2432.076666666667
784.6212690285556, 2466.0577777777776
785.0138915546697, 2434.503888888889
785.4064488461789, 2560.7194444444444
785.7989408825612, 2441.7855555555557
786.1913676432944, 2417.5133333333333
786.5837291078566, 2453.9216666666666
786.9760252557254, 2441.7855555555557
787.3682560663788, 2509.7477777777776
787.7604215192946, 2432.076666666667
788.1525215939508, 2463.6305555555555
788.5445562698254, 2558.2922222222223
788.9365255263959, 2485.4755555555557
789.3284293431406, 2446.64
789.7202676995372, 2461.2033333333334
790.1120405750635, 2485.4755555555557
790.5037479491975, 2514.6022222222223
790.8953898014171, 2512.175
791.2869661112001, 2517.0294444444444
791.6784768580243, 2441.7855555555557
792.0699220213678, 2483.048333333333
792.4613015807084, 2458.7761111111113
792.852615515524, 2461.2033333333334
793.2438638052924, 2458.7761111111113
793.6350464294916, 2534.02
794.0261633675993, 2446.64
794.4172145990937, 2434.503888888889
794.8082001034524, 2519.4566666666665
795.1991198601534, 2419.9405555555554
795.5899738486744, 2449.0672222222224
795.9807620484936, 2483.048333333333
796.3714844390886, 2456.3488888888887
796.7621409999376, 2407.8044444444445
797.1527317105182, 2429.6494444444443
797.5432565503083, 2473.3394444444443
797.933715498786, 2461.2033333333334
798.3241085354289, 2458.7761111111113
798.7144356397151, 2449.0672222222224
799.1046967911225, 2458.7761111111113
799.4948919691287, 2427.222222222222
799.8850211532119, 2427.222222222222
800.2750843228498, 2492.757222222222
800.6650814575204, 2419.9405555555554
801.0550125367017, 2468.485
801.4448775398711, 2361.6872222222223
801.8346764465069, 2473.3394444444443
802.224409236087, 2485.4755555555557
802.614075888089, 2473.3394444444443
803.0036763819912, 2502.4661111111113
803.393210697271, 2453.9216666666666
803.7826788134066, 2504.8933333333334
804.1720807098758, 2483.048333333333
804.5614163661564, 2456.3488888888887
804.9506857617265, 2436.931111111111
805.3398888760638, 2495.1844444444446
805.7290256886463, 2483.048333333333
806.1180961789518, 2470.912222222222
806.507100326458, 2483.048333333333
806.8960381106433, 2478.193888888889
807.2849095109851, 2444.212777777778
807.6737145069615, 2470.912222222222
808.0624530780502, 2475.766666666667
808.4511252037294, 2504.8933333333334
808.8397308634767, 2444.212777777778
809.2282700367703, 2466.0577777777776
809.6167427030877, 2524.311111111111
810.0051488419068, 2483.048333333333
810.3934884327059, 2531.592777777778
810.7817614549624, 2456.3488888888887
811.1699678881547, 2463.6305555555555
811.5581077117603, 2439.358333333333
811.946180905257, 2393.241111111111
812.3341874481231, 2432.076666666667
812.722127319836, 2458.7761111111113
813.1100004998741, 2412.6588888888887
813.4978069677148, 2449.0672222222224
813.8855467028363, 2509.7477777777776
814.2732196847163, 2412.6588888888887
814.6608258928328, 2395.6683333333335
815.0483653066638, 2519.4566666666665
815.4358379056869, 2580.137222222222
815.82324366938, 2514.6022222222223
816.2105825772212, 2378.677777777778
816.5978546086883, 2417.5133333333333
816.9850597432592, 2500.038888888889
817.3721979604117, 2495.1844444444446
817.7592692396238, 2439.358333333333
818.1462735603732, 2487.902777777778
818.5332109021379, 2449.0672222222224
818.9200812443959, 2509.7477777777776
819.306884566625, 2526.7383333333332
819.6936208483029, 2439.358333333333
820.0802900689077, 2453.9216666666666
820.4668922079172, 2473.3394444444443
820.8534272448094, 2436.931111111111
821.239895159062, 2429.6494444444443
821.626295930153, 2449.0672222222224
822.0126295375603, 2500.038888888889
822.3988959607616, 2461.2033333333334
822.785095179235, 2468.485
823.1712271724583, 2512.175
823.5572919199096, 2458.7761111111113
823.9432894010663, 2427.222222222222
824.3292195954066, 2470.912222222222
824.7150824824083, 2483.048333333333
825.1008780415495, 2470.912222222222
825.486606252308, 2453.9216666666666
825.8722670941613, 2439.358333333333
826.2578605465877, 2475.766666666667
826.643386589065, 2461.2033333333334
827.028845201071, 2543.728888888889
827.4142363620837, 2451.4944444444445
827.7995600515808, 2497.6116666666667
828.1848162490403, 2439.358333333333
828.5700049339401, 2475.766666666667
828.9551260857583, 2434.503888888889
829.3401796839723, 2475.766666666667
829.7251657080603, 2502.4661111111113
830.1100841375, 2473.3394444444443
830.4949349517696, 2492.757222222222
830.8797181303465, 2402.95
831.264433652709, 2487.902777777778
831.649081498335, 2514.6022222222223
832.0336616467022, 2509.7477777777776
832.4181740772884, 2466.0577777777776
832.8026187695717, 2446.64
833.1869957030299, 2473.3394444444443
833.5713048571408, 2453.9216666666666
833.9555462113824, 2436.931111111111
834.3397197452325, 2502.4661111111113
834.723825438169, 2463.6305555555555
835.1078632696698, 2446.64
835.4918332192129, 2398.0955555555556
835.875735266276, 2473.3394444444443
836.259569390337, 2373.8233333333333
836.6433355708738, 2466.0577777777776
837.0270337873644, 2473.3394444444443
837.4106640192867, 2405.3772222222224
837.7942262461185, 2436.931111111111
838.1777204473375, 2432.076666666667
838.5611466024219, 2497.6116666666667
838.9445046908494, 2509.7477777777776
839.3277946920979, 2456.3488888888887
839.7110165856454, 2405.3772222222224
840.0941703509696, 2441.7855555555557
840.4772559675484, 2419.9405555555554
840.8602734148599, 2456.3488888888887
841.2432226723819, 2507.3205555555555
841.6261037195922, 2436.931111111111
842.0089165359686, 2441.7855555555557
842.3916611009893, 2439.358333333333
842.7743373941316, 2449.0672222222224
843.156945394874, 2449.0672222222224
843.5394850826943, 2390.813888888889
843.9219564370701, 2500.038888888889
844.3043594374793, 2507.3205555555555
844.6866940634001, 2444.212777777778
845.06896029431, 2458.7761111111113
845.4511581096873, 2419.9405555555554
845.8332874890094, 2446.64
846.2153484117546, 2526.7383333333332
846.5973408574006, 2436.931111111111
846.9792648054253, 2463.6305555555555
847.3611202353064, 2463.6305555555555
847.7429071265223, 2453.9216666666666
848.1246254585504, 2415.086111111111
848.5062752108686, 2458.7761111111113
848.8878563629551, 2417.5133333333333
849.2693688942875, 2412.6588888888887
849.6508127843439, 2470.912222222222
850.0321880126021, 2485.4755555555557
850.4134945585397, 2463.6305555555555
850.7947324016351, 2487.902777777778
851.1759015213659, 2485.4755555555557
851.55700189721, 2383.532222222222
851.9380335086452, 2497.6116666666667
852.3189963351494, 2480.621111111111
852.6998903562007, 2497.6116666666667
853.0807155512767, 2473.3394444444443
853.4614718998556, 2500.038888888889
853.8421593814152, 2419.9405555555554
854.2227779754331, 2470.912222222222
854.6033276613874, 2468.485
854.983808418756, 2475.766666666667
855.3642202270167, 2451.4944444444445
855.7445630656476, 2551.0105555555556
856.1248369141263, 2470.912222222222
856.5050417519308, 2429.6494444444443
856.8851775585389, 2366.5416666666665
857.2652443134286, 2480.621111111111
857.6452419960779, 2456.3488888888887
858.0251705859644, 2451.4944444444445
858.4050300625662, 2478.193888888889
858.784820405361, 2475.766666666667
859.1645415938268, 2441.7855555555557
859.5441936074416, 2497.6116666666667
859.923776425683, 2417.5133333333333
860.3032900280291, 2429.6494444444443
860.6827343939576, 2463.6305555555555
861.0621095029466, 2461.2033333333334
861.441415334474, 2521.883888888889
861.8206518680174, 2400.5227777777777
862.1998190830549, 2458.7761111111113
862.5789169590645, 2398.0955555555556
862.9579454755236, 2373.8233333333333
863.3369046119107, 2495.1844444444446
863.7157943477033, 2429.6494444444443
864.0946146623794, 2453.9216666666666
864.4733655354167, 2463.6305555555555
864.8520469462933, 2393.241111111111
865.2306588744871, 2429.6494444444443
865.609201299476, 2458.7761111111113
865.9876742007377, 2504.8933333333334
866.3660775577501, 2514.6022222222223
866.7444113499912, 2451.4944444444445
867.1226755569388, 2400.5227777777777
867.500870158071, 2507.3205555555555
867.8789951328655, 2507.3205555555555
868.2570504608001, 2429.6494444444443
868.6350361213526, 2383.532222222222
869.0129520940013, 2463.6305555555555
869.3907983582237, 2541.3016666666667
869.7685748934982, 2502.4661111111113
870.146281679302, 2434.503888888889
870.5239186951134, 2432.076666666667
870.90148592041, 2432.076666666667
871.27898333467, 2412.6588888888887
871.6564109173712, 2436.931111111111
872.0337686479913, 2446.64
872.4110565060084, 2475.766666666667
872.7882744709003, 2480.621111111111
873.1654225221448, 2451.4944444444445
873.5425006392201, 2492.757222222222
873.9195088016037, 2415.086111111111
874.2964469887736, 2570.4283333333333
874.6733151802077, 2417.5133333333333
875.050113355384, 2461.2033333333334
875.4268414937803, 2407.8044444444445
875.8034995748744, 2475.766666666667
876.1800875781444, 2509.7477777777776
876.5566054830679, 2468.485
876.9330532691229, 2480.621111111111
877.3094309157873, 2444.212777777778
877.6857384025392, 2415.086111111111
878.061975708856, 2485.4755555555557
878.438142814216, 2468.485
878.8142396980969, 2514.6022222222223
879.1902663399766, 2417.5133333333333
879.5662227193332, 2504.8933333333334
879.9421088156442, 2444.212777777778
880.3179246083878, 2434.503888888889
880.6936700770416, 2463.6305555555555
881.0693452010837, 2502.4661111111113
881.4449499599921, 2463.6305555555555
881.8204843332443, 2441.7855555555557
882.1959483003185, 2475.766666666667
882.5713418406924, 2495.1844444444446
882.9466649338441, 2470.912222222222
883.3219175592512, 2475.766666666667
883.6970996963919, 2412.6588888888887
884.0722113247438, 2371.396111111111
884.4472524237849, 2429.6494444444443
884.822222972993, 2514.6022222222223
885.1971229518462, 2560.7194444444444
885.5719523398224, 2485.4755555555557
885.9467111163991, 2473.3394444444443
886.3213992610544, 2492.757222222222
886.6960167532662, 2463.6305555555555
887.0705635725126, 2451.4944444444445
887.4450396982711, 2458.7761111111113
887.8194451100198, 2456.3488888888887
888.1937797872365, 2461.2033333333334
888.568043709399, 2500.038888888889
888.9422368559856, 2490.33
889.3163592064737, 2487.902777777778
889.6904107403415, 2458.7761111111113
890.0643914370667, 2456.3488888888887
890.438301276127, 2422.367777777778
890.8121402370008, 2519.4566666666665
891.1859082991656, 2371.396111111111
891.5596054420996, 2439.358333333333
891.9332316452803, 2512.175
892.3067868881857, 2412.6588888888887
892.6802711502938, 2436.931111111111
893.0536844110824, 2444.212777777778
893.4270266500296, 2395.6683333333335
893.8002978466128, 2485.4755555555557
894.1734979803103, 2432.076666666667
894.5466270305999, 2439.358333333333
894.9196849769595, 2451.4944444444445
895.2926717988669, 2495.1844444444446
895.6655874758, 2424.795
896.0384319872365, 2490.33
896.4112053126547, 2429.6494444444443
896.7839074315323, 2548.5833333333335
897.156538323347, 2444.212777777778
897.529097967577, 2412.6588888888887
897.9015863436998, 2461.2033333333334
898.2740034311936, 2366.5416666666665
898.6463492095362, 2441.7855555555557
899.0186236582055, 2422.367777777778
899.3908267566794, 2436.931111111111
899.7629584844356, 2402.95
900.1350188209522, 2436.931111111111
900.5070077457069, 2500.038888888889
900.8789252381778, 2466.0577777777776
901.2507712778427, 2410.2316666666666
901.6225458441793, 2485.4755555555557
901.9942489166658, 2419.9405555555554
902.3658804747797, 2475.766666666667
902.7374404979993, 2473.3394444444443
903.1089289658024, 2444.212777777778
903.4803458576665, 2483.048333333333
903.8516911530699, 2453.9216666666666
904.2229648314902, 2468.485
904.5941668724056, 2514.6022222222223
904.9652972552939, 2436.931111111111
905.3363559596327, 2475.766666666667
905.7073429649, 2500.038888888889
906.0782582505739, 2507.3205555555555
906.4491017961321, 2400.5227777777777
906.8198735810525, 2429.6494444444443
907.1905735848133, 2526.7383333333332
907.5612017868917, 2393.241111111111
907.9317581667661, 2449.0672222222224
908.3022427039143, 2405.3772222222224
908.6726553778141, 2463.6305555555555
909.0429961679436, 2444.212777777778
909.4132650537804, 2456.3488888888887
909.7834620148025, 2483.048333333333
910.1535870304876, 2456.3488888888887
910.523640080314, 2504.8933333333334
910.8936211437593, 2432.076666666667
911.2635302003015, 2424.795
911.6333672294182, 2412.6588888888887
912.0031322105876, 2497.6116666666667
912.3728251232876, 2531.592777777778
912.742445946996, 2509.7477777777776
913.1119946611905, 2432.076666666667
913.4814712453491, 2475.766666666667
913.8508756789498, 2473.3394444444443
914.2202079414703, 2407.8044444444445
914.5894680123887, 2407.8044444444445
914.9586558711829, 2422.367777777778
915.3277714973304, 2458.7761111111113
915.6968148703095, 2441.7855555555557
916.0657859695979, 2429.6494444444443
916.4346847746734, 2444.212777777778
916.8035112650142, 2466.0577777777776
917.1722654200979, 2444.212777777778
917.5409472194023, 2412.6588888888887
917.9095566424055, 2429.6494444444443
918.2780936685854, 2490.33
918.6465582774198, 2468.485
919.0149504483866, 2456.3488888888887
919.3832701609637, 2441.7855555555557
919.7515173946289, 2444.212777777778
920.1196921288599, 2480.621111111111
920.4877943431352, 2497.6116666666667
920.8558240169323, 2487.902777777778
921.223781129729, 2451.4944444444445
921.5916656610033, 2519.4566666666665
921.9594775902328, 2436.931111111111
922.327216896896, 2473.3394444444443
922.6948835604703, 2458.7761111111113
923.0624775604338, 2466.0577777777776
923.4299988762641, 2485.4755555555557
923.7974474874394, 2395.6683333333335
924.1648233734376, 2422.367777777778
924.5321265137363, 2463.6305555555555
924.8993568878135, 2444.212777777778
925.2665144751472, 2483.048333333333
925.6335992552152, 2475.766666666667
926.0006112074952, 2456.3488888888887
926.3675503114656, 2446.64
926.7344165466038, 2490.33
927.1012098923877, 2456.3488888888887
927.4679303282956, 2449.0672222222224
927.8345778338048, 2405.3772222222224
928.2011523883937, 2473.3394444444443
928.5676539715399, 2480.621111111111
928.9340825627213, 2405.3772222222224
929.300438141416, 2536.447222222222
929.6667206871015, 2461.2033333333334
930.032930179256, 2495.1844444444446
930.3990665973574, 2359.26
930.7651299208834, 2490.33
931.131120129312, 2400.5227777777777
931.497037202121, 2538.8744444444446
931.8628811187882, 2463.6305555555555
932.2286518587919, 2415.086111111111
932.5943494016095, 2412.6588888888887
932.959973726719, 2449.0672222222224
933.3255248135985, 2446.64
933.6910026417256, 2509.7477777777776
934.0564071905786, 2480.621111111111
934.421738439635, 2441.7855555555557
934.7869963683726, 2434.503888888889
935.1521809562696, 2458.7761111111113
935.5172921828038, 2446.64
935.882330027453, 2436.931111111111
936.2472944696952, 2432.076666666667
936.6121854890082, 2451.4944444444445
936.9770030648699, 2468.485
937.3417471767581, 2492.757222222222
937.7064178041509, 2390.813888888889
938.071014926526, 2422.367777777778
938.4355385233613, 2475.766666666667
938.7999885741348, 2478.193888888889
939.1643650583242, 2436.931111111111
939.5286679554074, 2424.795
939.8928972448628, 2475.766666666667
940.2570529061674, 2424.795
940.6211349187996, 2458.7761111111113
940.9851432622372, 2453.9216666666666
941.3490779159583, 2480.621111111111
941.7129388594406, 2487.902777777778
942.0767260721618, 2441.7855555555557
942.4404395336, 2453.9216666666666
942.8040792232331, 2407.8044444444445
943.1676451205389, 2500.038888888889
943.5311372049953, 2453.9216666666666
943.8945554560802, 2441.7855555555557
944.2578998532713, 2509.7477777777776
944.621170376047, 2492.757222222222
944.9843670038847, 2456.3488888888887
945.3474897162623, 2417.5133333333333
945.710538492658, 2500.038888888889
946.0735133125493, 2402.95
946.4364141554144, 2538.8744444444446
946.7992410007312, 2478.193888888889
947.1619938279771, 2453.9216666666666
947.5246726166306, 2451.4944444444445
947.8872773461691, 2398.0955555555556
948.2498079960709, 2441.7855555555557
948.6122645458137, 2444.212777777778
948.9746469748751, 2500.038888888889
949.3369552627336, 2456.3488888888887
949.6991893888663, 2361.6872222222223
950.0613493327519, 2427.222222222222
950.4234350738678, 2475.766666666667
950.7854465916919, 2475.766666666667
951.1473838657021, 2381.105
951.5092468753764, 2468.485
951.871035600193, 2483.048333333333
952.2327500196291, 2429.6494444444443
952.5943901131628, 2468.485
952.9559558602721, 2521.883888888889
953.3174472404351, 2473.3394444444443
953.6788642331294, 2485.4755555555557
954.040206817833, 2453.9216666666666
954.4014749740235, 2512.175
954.7626686811789, 2451.4944444444445
955.1237879187775, 2485.4755555555557
955.4848326662968, 2468.485
955.8458029032148, 2427.222222222222
956.2066986090091, 2485.4755555555557
956.5675197631579, 2407.8044444444445
956.9282663451391, 2502.4661111111113
957.2889383344307, 2531.592777777778
957.6495357105102, 2492.757222222222
958.0100584528556, 2492.757222222222
958.3705065409446, 2419.9405555555554
958.7308799542557, 2446.64
959.0911786722664, 2417.5133333333333
959.4514026744546, 2436.931111111111
959.8115519402979, 2441.7855555555557
960.1716264492745, 2419.9405555555554
960.5316261808625, 2419.9405555555554
960.8915511145395, 2429.6494444444443
961.2514012297835, 2473.3394444444443
961.6111765060718, 2456.3488888888887
961.9708769228831, 2410.2316666666666
962.330502459695, 2410.2316666666666
962.6900530959854, 2434.503888888889
963.0495288112322, 2451.4944444444445
963.4089295849129, 2502.4661111111113
963.7682553965058, 2424.795
964.1275062254888, 2478.193888888889
964.4866820513397, 2475.766666666667
964.8457828535363, 2470.912222222222
965.2048086115565, 2500.038888888889
965.5637593048781, 2422.367777777778
965.9226349129792, 2429.6494444444443
966.2814354153378, 2483.048333333333
966.6401607914315, 2470.912222222222
966.998811020738, 2412.6588888888887
967.3573860827355, 2446.64
967.715885956902, 2502.4661111111113
968.0743106227152, 2417.5133333333333
968.4326600596529, 2456.3488888888887
968.7909342471929, 2480.621111111111
969.1491331648133, 2453.9216666666666
969.5072567919922, 2427.222222222222
969.8653051082072, 2468.485
970.2232780929362, 2492.757222222222
970.5811757256569, 2422.367777777778
970.9389979858473, 2383.532222222222
971.2967448529856, 2434.503888888889
971.6544163065495, 2449.0672222222224
972.0120123260166, 2402.95
972.3695328908652, 2432.076666666667
972.7269779805728, 2466.0577777777776
973.0843475746177, 2441.7855555555557
973.4416416524775, 2502.4661111111113
973.7988601936299, 2412.6588888888887
974.1560031775534, 2446.64
974.5130705837252, 2458.7761111111113
974.8700623916237, 2393.241111111111
975.2269785807267, 2470.912222222222
975.5838191305116, 2427.222222222222
975.940584020457, 2444.212777777778
976.2972732300401, 2390.813888888889
976.6538867387394, 2485.4755555555557
977.0104245260326, 2422.367777777778
977.366886571397, 2400.5227777777777
977.7232728543113, 2470.912222222222
978.079583354253, 2351.9783333333335
978.4358180507, 2473.3394444444443
978.7919769231304, 2412.6588888888887
979.1480599510217, 2439.358333333333
979.5040671138518, 2422.367777777778
979.8599983910992, 2468.485
980.2158537622412, 2446.64
980.5716332067559, 2407.8044444444445
980.9273367041209, 2458.7761111111113
981.2829642338144, 2514.6022222222223
981.6385157753143, 2521.883888888889
981.9939913080984, 2463.6305555555555
982.3493908116445, 2463.6305555555555
982.7047142654303, 2497.6116666666667
983.0599616489342, 2415.086111111111
983.4151329416338, 2495.1844444444446
983.770228123007, 2368.968888888889
984.1252471725317, 2461.2033333333334
984.4801900696855, 2449.0672222222224
984.8350567939466, 2485.4755555555557
985.189847324793, 2458.7761111111113
985.5445616417024, 2483.048333333333
985.8991997241528, 2519.4566666666665
986.2537615516217, 2444.212777777778
986.6082471035874, 2468.485
986.9626563595276, 2390.813888888889
987.3169892989204, 2466.0577777777776
987.6712459012435, 2470.912222222222
988.0254261459746, 2456.3488888888887
988.3795300125918, 2453.9216666666666
988.733557480573, 2478.193888888889
989.0875085293962, 2458.7761111111113
989.4413831385392, 2441.7855555555557
989.7951812874794, 2453.9216666666666
990.1489029556951, 2383.532222222222
990.5025481226647, 2405.3772222222224
990.8561167678653, 2439.358333333333
991.2096088707751, 2500.038888888889
991.5630244108718, 2427.222222222222
991.9163633676334, 2475.766666666667
992.269625720538, 2446.64
992.6228114490633, 2429.6494444444443
992.9759205326872, 2441.7855555555557
993.3289529508872, 2415.086111111111
993.6819086831417, 2415.086111111111
994.0347877089287, 2453.9216666666666
994.3875900077255, 2434.503888888889
994.7403155590106, 2500.038888888889
995.0929643422612, 2432.076666666667
995.4455363369556, 2451.4944444444445
995.7980315225718, 2466.0577777777776
996.1504498785876, 2519.4566666666665
996.5027913844808, 2461.2033333333334
996.8550560197291, 2456.3488888888887
997.2072437638105, 2485.4755555555557
997.5593545962032, 2463.6305555555555
997.9113884963849, 2402.95
998.2633454438334, 2446.64
998.6152254180263, 2463.6305555555555
998.967028398442, 2526.7383333333332
999.3187543645583, 2480.621111111111
999.6704032958529, 2524.311111111111
1000.0219751718037, 2434.503888888889
1000.3734699718887, 2436.931111111111
1000.7248876755855, 2385.9594444444447
1001.0762282623723, 2519.4566666666665
1001.4274917117272, 2483.048333333333
1001.7786780031272, 2446.64
1002.1297871160513, 2410.2316666666666
1002.4808190299765, 2446.64
1002.831773724381, 2485.4755555555557
1003.1826511787431, 2378.677777777778
1003.5334513725397, 2424.795
1003.8841742852499, 2449.0672222222224
1004.2348198963505, 2439.358333333333
1004.58538818532, 2410.2316666666666
1004.9358791316362, 2415.086111111111
1005.2862927147766, 2485.4755555555557
1005.6366289142197, 2444.212777777778
1005.9868877094427, 2439.358333333333
1006.3370690799243, 2487.902777777778
1006.6871730051417, 2441.7855555555557
1007.0371994645731, 2405.3772222222224
1007.387148437696, 2480.621111111111
1007.7370199039891, 2463.6305555555555
1008.0868138429296, 2502.4661111111113
1008.4365302339957, 2470.912222222222
1008.7861690566647, 2524.311111111111
1009.135730290415, 2422.367777777778
1009.4852139147247, 2441.7855555555557
1009.8346199090714, 2393.241111111111
1010.183948252933, 2373.8233333333333
1010.5331989257868, 2478.193888888889
1010.8823719071117, 2466.0577777777776
1011.2314671763851, 2500.038888888889
1011.5804847130852, 2417.5133333333333
1011.9294244966892, 2436.931111111111
1012.2782865066753, 2473.3394444444443
1012.6270707225216, 2541.3016666666667
1012.9757771237059, 2475.766666666667
1013.3244056897063, 2453.9216666666666
1013.6729564000002, 2415.086111111111
1014.0214292340655, 2466.0577777777776
1014.3698241713803, 2427.222222222222
1014.7181411914225, 2424.795
1015.0663802736703, 2441.7855555555557
1015.414541397601, 2475.766666666667
1015.7626245426926, 2458.7761111111113
1016.1106296884232, 2439.358333333333
1016.4585568142705, 2432.076666666667
1016.8064058997128, 2504.8933333333334
1017.1541769242275, 2449.0672222222224
1017.5018698672923, 2395.6683333333335
1017.8494847083857, 2400.5227777777777
1018.1970214269853, 2364.1144444444444
1018.544480002569, 2395.6683333333335
1018.8918604146148, 2468.485
1019.2391626426003, 2504.8933333333334
1019.5863866660034, 2419.9405555555554
1019.9335324643024, 2427.222222222222
1020.2806000169747, 2451.4944444444445
1020.6275893034986, 2390.813888888889
1020.9745003033515, 2449.0672222222224
1021.3213329960116, 2381.105
1021.6680873609569, 2439.358333333333
1022.0147633776651, 2441.7855555555557
1022.3613610256143, 2468.485
1022.7078802842818, 2453.9216666666666
1023.054321133146, 2526.7383333333332
1023.4006835516849, 2453.9216666666666
1023.7469675193759, 2432.076666666667
1024.0931730156972, 2521.883888888889
1024.4393000201267, 2495.1844444444446
1024.785348512142, 2449.0672222222224
1025.1313184712212, 2456.3488888888887
1025.4772098768424, 2466.0577777777776
1025.8230227084832, 2461.2033333333334
1026.1687569456215, 2497.6116666666667
1026.5144125677348, 2458.7761111111113
1026.8599895543018, 2463.6305555555555
1027.2054878848003, 2453.9216666666666
1027.5509075387072, 2504.8933333333334
1027.8962484955014, 2424.795
1028.2415107346603, 2449.0672222222224
1028.586694235662, 2485.4755555555557
1028.9317989779845, 2412.6588888888887
1029.2768249411054, 2410.2316666666666
1029.6217721045025, 2410.2316666666666
1029.9666404476538, 2410.2316666666666
