# FLAME spectrum data format
# Time of snapshot: 2021-02-08T18:25:45Eastern Standard Time
# Number of frames accumulated: 1
# Scan time per exposure [us]: 100000189.1861363086452, 2048.5755555555556
189.64926416366848, 2048.5755555555556
190.11235512512943, 2019.4488888888889
190.57540917250594, 1987.895
191.03842628527582, 2031.585
191.50140644291702, 2000.0311111111112
191.9643496249074, 2002.4583333333333
192.4272558107249, 2002.4583333333333
192.89012497984731, 2092.2655555555557
193.35295711175254, 2080.1294444444443
193.81575218591854, 2128.673888888889
194.27851018182312, 2162.655
194.7412310789442, 2196.636111111111
195.20391485675964, 2208.7722222222224
195.66656149474733, 2191.7816666666668
196.12917097238517, 2245.1805555555557
196.59174326915107, 2257.3166666666666
197.05427836452282, 2288.8705555555557
197.51677623797838, 2320.4244444444444
197.97923686899566, 2330.133333333333
198.44166023705247, 2322.8516666666665
198.9040463216267, 2296.152222222222
199.36639510219626, 2320.4244444444444
199.82870655823908, 2293.725
200.29098066923297, 2361.6872222222223
200.7532174146558, 2351.9783333333335
201.21541677398554, 2398.0955555555556
201.6775787267, 2429.6494444444443
202.13970325227712, 2483.048333333333
202.60179033019475, 2449.0672222222224
203.06383993993072, 2483.048333333333
203.52585206096302, 2497.6116666666667
203.9878266727695, 2390.813888888889
204.44976375482798, 2446.64
204.91166328661643, 2507.3205555555555
205.3735252476127, 2432.076666666667
205.83534961729464, 2468.485
206.2971363751402, 2497.6116666666667
206.75888550062717, 2449.0672222222224
207.22059697323357, 2303.4338888888888
207.68227077243716, 2427.222222222222
208.14390687771592, 2463.6305555555555
208.6055052685476, 2492.757222222222
209.0670659244102, 2463.6305555555555
209.5285888247816, 2429.6494444444443
209.99007394913966, 2429.6494444444443
210.4515212769622, 2451.4944444444445
210.9129307877272, 2475.766666666667
211.3743024609125, 2514.6022222222223
211.835636275996, 2458.7761111111113
212.29693221245557, 2453.9216666666666
212.7581902497691, 2456.3488888888887
213.21941036741444, 2453.9216666666666
213.68059254486954, 2395.6683333333335
214.14173676161224, 2497.6116666666667
214.60284299712043, 2412.6588888888887
215.06391123087198, 2478.193888888889
215.52494144234484, 2500.038888888889
215.9859336110168, 2378.677777777778
216.4468877163658, 2439.358333333333
216.9078037378697, 2480.621111111111
217.36868165500644, 2361.6872222222223
217.82952144725382, 2349.551111111111
218.29032309408976, 2347.123888888889
218.75108657499214, 2385.9594444444447
219.2118118694389, 2402.95
219.67249895690784, 2434.503888888889
220.13314781687689, 2453.9216666666666
220.5937584288239, 2388.3866666666668
221.0543307722268, 2368.968888888889
221.51486482656347, 2368.968888888889
221.97536057131174, 2451.4944444444445
222.43581798594948, 2334.987777777778
222.8962370499547, 2351.9783333333335
223.35661774280518, 2376.2505555555554
223.81696004397878, 2390.813888888889
224.2772639329535, 2388.3866666666668
224.73752938920714, 2446.64
225.1977563922176, 2395.6683333333335
225.65794492146279, 2364.1144444444444
226.1180949564205, 2463.6305555555555
226.57820647656874, 2429.6494444444443
227.03827946138532, 2429.6494444444443
227.4983138903481, 2466.0577777777776
227.95830974293503, 2504.8933333333334
228.418266998624, 2407.8044444444445
228.87818563689282, 2395.6683333333335
229.33806563721944, 2521.883888888889
229.79790697908172, 2410.2316666666666
230.25770964195752, 2468.485
230.71747360532476, 2395.6683333333335
231.1771988486613, 2383.532222222222
231.63688535144504, 2364.1144444444444
232.09653309315385, 2415.086111111111
232.5561420532656, 2424.795
233.01571221125823, 2407.8044444444445
233.4752435466096, 2427.222222222222
233.93473603879755, 2373.8233333333333
234.3941896673, 2417.5133333333333
234.85360441159483, 2402.95
235.31298025115996, 2424.795
235.77231716547317, 2415.086111111111
236.23161513401246, 2461.2033333333334
236.69087413625567, 2453.9216666666666
237.15009415168063, 2441.7855555555557
237.60927515976533, 2490.33
238.0684171399876, 2495.1844444444446
238.52752007182528, 2378.677777777778
238.9865839347563, 2402.95
239.44560870825856, 2451.4944444444445
239.90459437180988, 2427.222222222222
240.36354090488823, 2415.086111111111
240.82244828697142, 2390.813888888889
241.28131649753738, 2412.6588888888887
241.740145516064, 2422.367777777778
242.1989353220291, 2419.9405555555554
242.65768589491063, 2427.222222222222
243.1163972141864, 2415.086111111111
243.5750692593344, 2422.367777777778
244.03370200983244, 2388.3866666666668
244.49229544515842, 2410.2316666666666
244.95084954479023, 2376.2505555555554
245.40936428820572, 2407.8044444444445
245.8678396548828, 2470.912222222222
246.3262756242994, 2439.358333333333
246.7846721759333, 2342.2694444444446
247.2430292892625, 2388.3866666666668
247.7013469437648, 2400.5227777777777
248.15962511891811, 2422.367777777778
248.61786379420033, 2434.503888888889
249.0760629490893, 2439.358333333333
249.53422256306294, 2395.6683333333335
249.9923426155991, 2468.485
250.4504230861757, 2417.5133333333333
250.90846395427067, 2402.95
251.3664651993618, 2415.086111111111
251.82442680092703, 2524.311111111111
252.2823487384442, 2507.3205555555555
252.7402309913912, 2356.8327777777777
253.19807353924597, 2456.3488888888887
253.65587636148632, 2364.1144444444444
254.1136394375902, 2468.485
254.57136274703547, 2463.6305555555555
255.02904626929998, 2436.931111111111
255.48668998386165, 2497.6116666666667
255.94429387019835, 2451.4944444444445
256.401857907788, 2434.503888888889
256.8593820761084, 2388.3866666666668
257.3168663546375, 2356.8327777777777
257.77431072285316, 2478.193888888889
258.2317151602333, 2490.33
258.6890796462558, 2432.076666666667
259.14640416039845, 2419.9405555555554
259.6036886821393, 2398.0955555555556
260.0609331909561, 2434.503888888889
260.51813766632677, 2398.0955555555556
260.9753020877292, 2398.0955555555556
261.4324264346412, 2424.795
261.8895106865408, 2419.9405555555554
262.3465548229058, 2441.7855555555557
262.8035588232141, 2390.813888888889
263.26052266694353, 2449.0672222222224
263.717446333572, 2383.532222222222
264.1743298025776, 2492.757222222222
264.6311730534378, 2461.2033333333334
265.0879760656308, 2405.3772222222224
265.5447388186344, 2381.105
266.00146129192643, 2398.0955555555556
266.4581434649849, 2393.241111111111
266.91478531728757, 2466.0577777777776
267.3713868283124, 2378.677777777778
267.82794797753724, 2570.4283333333333
268.28446874443995, 2405.3772222222224
268.7409491084984, 2407.8044444444445
269.19738904919063, 2478.193888888889
269.6537885459943, 2337.415
270.1101475783875, 2388.3866666666668
270.56646612584797, 2427.222222222222
271.0227441678536, 2439.358333333333
271.4789816838824, 2478.193888888889
271.93517865341204, 2504.8933333333334
272.3913350559207, 2395.6683333333335
272.84745087088595, 2434.503888888889
273.3035260777859, 2458.7761111111113
273.7595606560983, 2478.193888888889
274.2155545853011, 2453.9216666666666
274.6715078448722, 2412.6588888888887
275.1274204142894, 2456.3488888888887
275.58329227303074, 2453.9216666666666
276.0391234005739, 2385.9594444444447
276.4949137763969, 2446.64
276.9506633799776, 2407.8044444444445
277.4063721907939, 2487.902777777778
277.8620401883236, 2504.8933333333334
278.3176673520446, 2461.2033333333334
278.773253661435, 2439.358333333333
279.22879909597236, 2473.3394444444443
279.68430363513477, 2410.2316666666666
280.1397672584, 2458.7761111111113
280.595189945246, 2436.931111111111
281.05057167515076, 2415.086111111111
281.5059124275919, 2427.222222222222
281.9612121820476, 2439.358333333333
282.4164709179954, 2376.2505555555554
282.87168861491347, 2512.175
283.3268652522797, 2436.931111111111
283.78200080957174, 2512.175
284.2370952662677, 2429.6494444444443
284.6921486018453, 2441.7855555555557
285.14716079578255, 2514.6022222222223
285.60213182755723, 2449.0672222222224
286.0570616766474, 2417.5133333333333
286.5119503225307, 2468.485
286.9667977446852, 2451.4944444444445
287.4216039225886, 2502.4661111111113
287.87636883571895, 2458.7761111111113
288.33109246355417, 2453.9216666666666
288.785774785572, 2478.193888888889
289.2404157812505, 2412.6588888888887
289.6950154300672, 2432.076666666667
290.14957371150035, 2439.358333333333
290.60409060502775, 2441.7855555555557
291.05856609012716, 2453.9216666666666
291.51300014627657, 2427.222222222222
291.96739275295386, 2456.3488888888887
292.42174388963684, 2468.485
292.8760535358034, 2402.95
293.3303216709316, 2436.931111111111
293.7845482744991, 2526.7383333333332
294.2387333259839, 2434.503888888889
294.6928768048639, 2463.6305555555555
295.14697869061683, 2441.7855555555557
295.6010389627208, 2449.0672222222224
296.05505760065347, 2492.757222222222
296.50903458389297, 2456.3488888888887
296.9629698919169, 2432.076666666667
297.4168635042034, 2509.7477777777776
297.8707154002302, 2458.7761111111113
298.32452555947515, 2475.766666666667
298.7782939614164, 2463.6305555555555
299.2320205855315, 2519.4566666666665
299.6857054112985, 2446.64
300.1393484181953, 2458.7761111111113
300.5929495856997, 2439.358333333333
301.0465088932897, 2427.222222222222
301.50002632044306, 2466.0577777777776
301.9535018466377, 2483.048333333333
302.40693545135156, 2492.757222222222
302.8603271140625, 2473.3394444444443
303.31367681424837, 2458.7761111111113
303.7669845313871, 2439.358333333333
304.2202502449565, 2466.0577777777776
304.6734739344345, 2509.7477777777776
305.12665557929904, 2461.2033333333334
305.57979515902787, 2473.3394444444443
306.03289265309905, 2449.0672222222224
306.4859480409903, 2434.503888888889
306.93896130217956, 2490.33
307.39193241614487, 2466.0577777777776
307.8448613623638, 2514.6022222222223
308.2977481203145, 2463.6305555555555
308.75059266947466, 2427.222222222222
309.20339498932225, 2432.076666666667
309.6561550593353, 2419.9405555555554
310.10887285899145, 2444.212777777778
310.56154836776875, 2461.2033333333334
311.01418156514495, 2526.7383333333332
311.46677243059804, 2524.311111111111
311.9193209436059, 2424.795
312.37182708364634, 2451.4944444444445
312.8242908301973, 2470.912222222222
313.27671216273677, 2512.175
313.7290910607424, 2415.086111111111
314.1814275036922, 2432.076666666667
314.63372147106406, 2422.367777777778
315.08597294233584, 2470.912222222222
315.53818189698546, 2500.038888888889
315.99034831449075, 2500.038888888889
316.44247217432957, 2553.4377777777777
316.8945534559799, 2475.766666666667
317.3465921389196, 2495.1844444444446
317.7985882026266, 2451.4944444444445
318.2505416265786, 2495.1844444444446
318.7024523902536, 2429.6494444444443
319.1543204731295, 2473.3394444444443
319.6061458546842, 2512.175
320.0579285143956, 2461.2033333333334
320.50966843174143, 2468.485
320.9613655861997, 2439.358333333333
321.4130199572483, 2441.7855555555557
321.86463152436505, 2475.766666666667
322.3162002670279, 2441.7855555555557
322.76772616471476, 2453.9216666666666
323.2192091969033, 2487.902777777778
323.6706493430717, 2475.766666666667
324.1220465826977, 2478.193888888889
324.5734008952591, 2456.3488888888887
325.0247122602339, 2456.3488888888887
325.4759806571, 2439.358333333333
325.9272060653352, 2487.902777777778
326.3783884644174, 2415.086111111111
326.8295278338246, 2444.212777777778
327.2806241530346, 2483.048333333333
327.7316774015252, 2502.4661111111113
328.1826875587743, 2449.0672222222224
328.63365460425996, 2398.0955555555556
329.08457851745993, 2475.766666666667
329.5354592778521, 2470.912222222222
329.9862968649143, 2422.367777777778
330.4370912581245, 2395.6683333333335
330.88784243696057, 2483.048333333333
331.3385503809005, 2507.3205555555555
331.78921506942197, 2504.8933333333334
332.2398364820029, 2519.4566666666665
332.69041459812127, 2485.4755555555557
333.1409493972549, 2495.1844444444446
333.59144085888175, 2444.212777777778
334.0418889624796, 2434.503888888889
334.49229368752646, 2466.0577777777776
334.94265501350003, 2449.0672222222224
335.3929729198783, 2449.0672222222224
335.8432473861392, 2456.3488888888887
336.29347839176063, 2500.038888888889
336.7436659162204, 2473.3394444444443
337.19380993899625, 2453.9216666666666
337.6439104395663, 2468.485
338.0939673974084, 2463.6305555555555
338.5439807920004, 2480.621111111111
338.9939506028201, 2432.076666666667
339.4438768093455, 2500.038888888889
339.89375939105446, 2453.9216666666666
340.34359832742473, 2402.95
340.7933935979344, 2368.968888888889
341.24314518206126, 2509.7477777777776
341.69285305928315, 2432.076666666667
342.14251720907805, 2524.311111111111
342.5921376109237, 2427.222222222222
343.0417142442982, 2439.358333333333
343.4912470886792, 2456.3488888888887
343.9407361235448, 2422.367777777778
344.39018132837265, 2458.7761111111113
344.8395826826408, 2463.6305555555555
345.2889401658271, 2434.503888888889
345.73825375740944, 2468.485
346.1875234368658, 2568.001111111111
346.63674918367377, 2347.123888888889
347.0859309773115, 2519.4566666666665
347.53506879725677, 2490.33
347.9841626229875, 2497.6116666666667
348.4332124339816, 2388.3866666666668
348.8822182097168, 2490.33
349.33117992967124, 2466.0577777777776
349.78009757332256, 2427.222222222222
350.2289711201488, 2429.6494444444443
350.67780054962776, 2453.9216666666666
351.1265858412374, 2446.64
351.5753269744555, 2400.5227777777777
352.02402392876, 2429.6494444444443
352.47267668362883, 2415.086111111111
352.92128521853977, 2402.95
353.36984951297086, 2390.813888888889
353.81836954639977, 2444.212777777778
354.26684529830453, 2449.0672222222224
354.715276748163, 2402.95
355.1636638754531, 2475.766666666667
355.61200665965265, 2458.7761111111113
356.0603050802395, 2456.3488888888887
356.50855911669163, 2487.902777777778
356.9567687484869, 2470.912222222222
357.4049339551032, 2517.0294444444444
357.85305471601833, 2473.3394444444443
358.30113101071026, 2502.4661111111113
358.7491628186568, 2439.358333333333
359.1971501193359, 2466.0577777777776
359.64509289222553, 2487.902777777778
360.0929911168034, 2383.532222222222
360.5408447725474, 2461.2033333333334
360.98865383893553, 2507.3205555555555
361.4364182954456, 2449.0672222222224
361.88413812155545, 2483.048333333333
362.3318132967432, 2480.621111111111
362.7794438004865, 2538.8744444444446
363.2270296122632, 2517.0294444444444
363.6745707115514, 2468.485
364.1220670778288, 2509.7477777777776
364.5695186905733, 2480.621111111111
365.01692552926295, 2500.038888888889
365.46428757337543, 2458.7761111111113
365.9116048023887, 2424.795
366.3588771957806, 2475.766666666667
366.80610473302926, 2441.7855555555557
367.25328739361225, 2417.5133333333333
367.7004251570076, 2512.175
368.14751800269306, 2456.3488888888887
368.59456591014674, 2507.3205555555555
369.0415688588464, 2432.076666666667
369.4885268282698, 2405.3772222222224
369.9354397978952, 2432.076666666667
370.3823077472, 2434.503888888889
370.82913065566237, 2478.193888888889
371.2759085027602, 2470.912222222222
371.7226412679713, 2495.1844444444446
372.1693289307736, 2500.038888888889
372.615971470645, 2470.912222222222
373.0625688670632, 2434.503888888889
373.5091210995062, 2490.33
373.95562814745205, 2439.358333333333
374.4020899903785, 2441.7855555555557
374.8485066077633, 2441.7855555555557
375.29487797908456, 2470.912222222222
375.74120408382, 2485.4755555555557
376.1874849014476, 2453.9216666666666
376.6337204114452, 2461.2033333333334
377.07991059329066, 2402.95
377.52605542646194, 2422.367777777778
377.9721548904368, 2444.212777777778
378.41820896469335, 2407.8044444444445
378.8642176287092, 2456.3488888888887
379.31018086196246, 2470.912222222222
379.75609864393084, 2412.6588888888887
380.2019709540923, 2524.311111111111
380.64779777192473, 2483.048333333333
381.093579076906, 2429.6494444444443
381.5393148485141, 2480.621111111111
381.98500506622673, 2509.7477777777776
382.43064970952184, 2458.7761111111113
382.87624875787736, 2509.7477777777776
383.32180219077117, 2419.9405555555554
383.76730998768113, 2451.4944444444445
384.2127721280851, 2504.8933333333334
384.658188591461, 2526.7383333333332
385.1035593572866, 2451.4944444444445
385.54888440504004, 2444.212777777778
385.994163714199, 2427.222222222222
386.4393972642414, 2458.7761111111113
386.8845850346451, 2512.175
387.32972700488807, 2436.931111111111
387.77482315444814, 2475.766666666667
388.2198734628032, 2453.9216666666666
388.66487790943114, 2395.6683333333335
389.1098364738098, 2456.3488888888887
389.55474913541707, 2483.048333333333
389.99961587373093, 2468.485
390.44443666822923, 2504.8933333333334
390.8892114983898, 2432.076666666667
391.3339403436905, 2424.795
391.7786231836093, 2504.8933333333334
392.2232599976239, 2439.358333333333
392.6678507652125, 2439.358333333333
393.11239546585284, 2441.7855555555557
393.55689407902264, 2470.912222222222
394.0013465841999, 2502.4661111111113
394.4457529608626, 2458.7761111111113
394.89011318848856, 2449.0672222222224
395.3344272465556, 2470.912222222222
395.77869511454173, 2436.931111111111
396.22291677192464, 2470.912222222222
396.6670921981824, 2497.6116666666667
397.1112213727928, 2419.9405555555554
397.55530427523377, 2456.3488888888887
397.99934088498316, 2458.7761111111113
398.4433311815189, 2490.33
398.8872751443188, 2410.2316666666666
399.33117275286077, 2439.358333333333
399.7750239866227, 2463.6305555555555
400.2188288250826, 2458.7761111111113
400.6625872477181, 2456.3488888888887
401.1062992340072, 2376.2505555555554
401.5499647634279, 2458.7761111111113
401.99358381545795, 2461.2033333333334
402.43715636957535, 2473.3394444444443
402.8806824052578, 2434.503888888889
403.3241619019833, 2490.33
403.7675948392297, 2434.503888888889
404.2109811964749, 2490.33
404.6543209531968, 2451.4944444444445
405.0976140888734, 2485.4755555555557
405.5408605829823, 2466.0577777777776
405.9840604150016, 2432.076666666667
406.4272135644091, 2470.912222222222
406.87032001068275, 2495.1844444444446
407.3133797333004, 2453.9216666666666
407.7563927117399, 2487.902777777778
408.1993589254791, 2461.2033333333334
408.64227835399595, 2504.8933333333334
409.08515097676843, 2478.193888888889
409.52797677327436, 2456.3488888888887
409.97075572299144, 2478.193888888889
410.4134878053977, 2485.4755555555557
410.856172999971, 2439.358333333333
411.2988112861894, 2517.0294444444444
411.74140264353053, 2492.757222222222
412.18394705147244, 2381.105
412.6264444894928, 2434.503888888889
413.0688949370698, 2468.485
413.5112983736811, 2536.447222222222
413.9536547788046, 2446.64
414.39596413191833, 2487.902777777778
414.83822641250003, 2500.038888888889
415.2804416000276, 2521.883888888889
415.722609673979, 2497.6116666666667
416.16473061383203, 2444.212777777778
416.6068043990647, 2487.902777777778
417.0488310091547, 2485.4755555555557
417.49081042358, 2480.621111111111
417.93274262181853, 2531.592777777778
418.37462758334823, 2354.4055555555556
418.8164652876469, 2429.6494444444443
419.25825571419233, 2385.9594444444447
419.6999988424625, 2485.4755555555557
420.1416946519353, 2534.02
420.58334312208865, 2436.931111111111
421.02494423240046, 2507.3205555555555
421.46649796234846, 2480.621111111111
421.9080042914106, 2419.9405555555554
422.34946319906476, 2453.9216666666666
422.7908746647889, 2415.086111111111
423.2322386680608, 2449.0672222222224
423.6735551883584, 2441.7855555555557
424.1148242051596, 2497.6116666666667
424.55604569794224, 2432.076666666667
424.99721964618425, 2529.1655555555553
425.43834602936346, 2361.6872222222223
425.87942482695786, 2514.6022222222223
426.32045601844516, 2502.4661111111113
426.7614395833034, 2495.1844444444446
427.20237550101035, 2534.02
427.643263751044, 2473.3394444444443
428.0841043128821, 2424.795
428.5248971660027, 2490.33
428.96564228988353, 2429.6494444444443
429.4063396640026, 2434.503888888889
429.8469892678377, 2534.02
430.2875910808667, 2548.5833333333335
430.72814508256766, 2466.0577777777776
431.1686512524183, 2551.0105555555556
431.6091095698964, 2436.931111111111
432.04952001448015, 2444.212777777778
432.48988256564724, 2427.222222222222
432.93019720287555, 2478.193888888889
433.37046390564296, 2553.4377777777777
433.8106826534275, 2483.048333333333
434.2508534257068, 2519.4566666666665
434.690976201959, 2497.6116666666667
435.13105096166186, 2497.6116666666667
435.57107768429324, 2483.048333333333
436.011056349331, 2485.4755555555557
436.4509869362532, 2534.02
436.8908694245375, 2517.0294444444444
437.330703793662, 2497.6116666666667
437.7704900231044, 2451.4944444444445
438.2102280923426, 2531.592777777778
438.64991798085464, 2473.3394444444443
439.0895596681183, 2478.193888888889
439.52915313361143, 2492.757222222222
439.968698356812, 2519.4566666666665
440.4081953171978, 2538.8744444444446
440.84764399424677, 2500.038888888889
441.28704436743686, 2492.757222222222
441.7263964162458, 2538.8744444444446
442.1657001201515, 2509.7477777777776
442.604955458632, 2534.02
443.044162411165, 2509.7477777777776
443.48332095722856, 2587.418888888889
443.92243107630037, 2470.912222222222
444.36149274785845, 2553.4377777777777
444.80050595138067, 2483.048333333333
445.2394706663448, 2563.1466666666665
445.67838687222894, 2485.4755555555557
446.11725454851074, 2543.728888888889
446.5560736746682, 2609.2638888888887
446.99484423017924, 2504.8933333333334
447.4335661945217, 2512.175
447.8722395471734, 2531.592777777778
448.3108642676124, 2551.0105555555556
448.74944033531636, 2480.621111111111
449.18796772976333, 2526.7383333333332
449.6264464304311, 2466.0577777777776
450.0648764167976, 2558.2922222222223
450.5032576683408, 2563.1466666666665
450.94159016453835, 2592.2733333333335
451.37987388486823, 2546.156111111111
451.8181088088085, 2487.902777777778
452.25629491583686, 2461.2033333333334
452.6944321854313, 2526.7383333333332
453.1325205970696, 2497.6116666666667
453.5705601302296, 2512.175
454.00855076438944, 2551.0105555555556
454.44649247902674, 2495.1844444444446
454.8843852536195, 2463.6305555555555
455.32222906764554, 2497.6116666666667
455.76002390058284, 2519.4566666666665
456.19776973190926, 2441.7855555555557
456.63546654110263, 2507.3205555555555
457.07311430764076, 2529.1655555555553
457.5107130110018, 2526.7383333333332
457.9482626306634, 2509.7477777777776
458.38576314610356, 2485.4755555555557
458.82321453680004, 2385.9594444444447
459.2606167822308, 2461.2033333333334
459.69796986187373, 2536.447222222222
460.13527375520675, 2427.222222222222
460.5725284417076, 2468.485
461.0097339008544, 2470.912222222222
461.44689011212483, 2485.4755555555557
461.8839970549969, 2512.175
462.3210547089484, 2507.3205555555555
462.7580630534572, 2565.573888888889
463.1950220680013, 2524.311111111111
463.63193173205855, 2444.212777777778
464.0687920251067, 2534.02
464.5056029266238, 2487.902777777778
464.9423644160876, 2512.175
465.3790764729762, 2541.3016666666667
465.8157390767672, 2475.766666666667
466.2523522069386, 2565.573888888889
466.6889158429684, 2546.156111111111
467.12542996433433, 2538.8744444444446
467.5618945505144, 2509.7477777777776
467.9983095809864, 2531.592777777778
468.4346750352282, 2512.175
468.8709908927178, 2555.865
469.30725713293293, 2485.4755555555557
469.7434737353516, 2509.7477777777776
470.1796406794516, 2470.912222222222
470.6157579447109, 2558.2922222222223
471.05182551060733, 2575.282777777778
471.4878433566188, 2483.048333333333
471.9238114622231, 2548.5833333333335
472.35972980689826, 2524.311111111111
472.7955983701221, 2529.1655555555553
473.23141713137244, 2589.846111111111
473.66718607012734, 2631.108888888889
474.1029051658645, 2640.817777777778
474.53857439806194, 2662.6627777777776
474.97419374619733, 2684.507777777778
475.4097631897488, 2601.9822222222224
475.84528270819413, 2618.972777777778
476.28075228101125, 2628.681666666667
476.71617188767794, 2648.0994444444445
477.15154150767216, 2635.963333333333
477.5868611204718, 2657.8083333333334
478.0221307055547, 2699.071111111111
478.4573502423987, 2723.3433333333332
478.89251971048185, 2674.798888888889
479.3276390892819, 2689.362222222222
479.76270835827677, 2820.432222222222
480.19772749694437, 2745.1883333333335
480.6326964847625, 2917.521111111111
481.0676153012091, 2786.451111111111
481.50248392576214, 2818.005
481.9373023378993, 2961.211111111111
482.3720705170987, 2941.7933333333335
482.80678844283807, 2873.831111111111
483.2414560945953, 2983.056111111111
483.6760734518483, 2978.201666666667
484.110640494075, 3007.3283333333334
484.5451572007532, 2978.201666666667
484.9796235513608, 3118.9805555555554
485.41403952537576, 2978.201666666667
485.8484051022759, 3126.262222222222
486.2827202615391, 3101.99
486.7169849826432, 3194.2244444444445
487.1511992450663, 3303.4494444444445
487.585363028286, 3286.458888888889
488.01947631178035, 3322.867222222222
488.4535390750272, 3446.6555555555556
488.88755129750444, 3517.045
489.32151295868994, 3478.2094444444447
489.75542403806156, 3543.7444444444445
490.1892845150972, 3648.115
490.6230943692748, 3628.697222222222
491.05685358007213, 3754.9127777777776
491.4905621269672, 3784.0394444444446
491.9242199894378, 4012.1983333333333
492.3578271469619, 3893.2644444444445
492.7913835790173, 4009.771111111111
493.2248892650819, 4121.423333333333
493.65834418463356, 4169.967777777778
494.09174831715035, 4308.319444444444
494.52510164210986, 4444.243888888889
494.9584041389902, 4536.4783333333335
495.3916557872692, 4645.703333333333
495.8248565664246, 4859.2988888888885
496.25800645593455, 4946.678888888889
496.69110543527665, 5087.457777777778
497.124153483929, 5186.973888888889
497.5571505813694, 5320.471111111111
497.99009670707574, 5563.193333333334
498.42299184052587, 5509.794444444445
498.8558359611977, 5788.925
499.28862904856913, 5886.013888888889
499.72137108211814, 6288.932777777778
500.15406204132233, 6327.768333333333
500.5867019056598, 6441.847777777778
501.01929065460854, 6798.649444444444
501.45182826764614, 6793.795
501.8843147242507, 7170.014444444444
502.3167500039, 7315.647777777778
502.749134086072, 7558.37
503.1814669502445, 7842.355
503.6137485758955, 7995.27
504.04597894250264, 8281.682222222222
504.4781580295442, 8500.132222222222
504.9102858164977, 8757.417777777779
505.3423622828412, 9204.026666666667
505.7743874080526, 9441.894444444444
506.20636117160956, 9745.297222222222
506.63828355299034, 10024.427777777777
507.07015453167253, 10250.159444444444
507.50197408713404, 10818.129444444445
507.93374219885294, 10878.81
508.36545884630686, 11000.17111111111
508.7971240089739, 11553.577777777778
509.2287376663318, 11893.388888888889
509.66029979785856, 12094.848333333333
510.0918103830321, 12597.283333333333
510.5232694013299, 12910.395
510.9546768322305, 13109.427222222223
511.3860326552112, 13293.896111111111
511.81733684975023, 13772.058888888889
512.2485893953253, 14165.26888888889
512.6797902714144, 14582.75111111111
513.1109394574953, 14886.153888888888
513.5420369330461, 15056.059444444445
513.9730826775443, 15437.133333333333
514.4040766704684, 15502.668333333333
514.8350188912955, 16022.093888888889
515.2659093195042, 16187.145
515.6967479345718, 16577.92777777778
516.1275347159767, 16677.443888888887
516.5582696431964, 16844.922222222223
516.9889526957089, 16891.039444444443
517.4195838529922, 17264.831666666665
517.8501630945242, 17315.803333333333
518.2806903997824, 17621.633333333335
518.7111657482452, 17279.395
519.1415891193901, 17519.69
519.5719604926952, 17939.599444444444
520.0022798476382, 17859.501111111113
520.4325471636973, 17444.446111111112
520.8627624203501, 17781.83
521.2929255970745, 17660.46888888889
521.7230366733485, 17689.595555555556
522.1530956286498, 17573.088888888888
522.5831024424566, 17587.652222222223
523.0130570942465, 17675.032222222224
523.4429595634975, 17449.300555555557
523.8728098296876, 17114.34388888889
524.3026078722943, 17104.635
524.732353670796, 16942.01111111111
525.1620472046701, 16932.30222222222
525.5916884533947, 16551.228333333333
526.0212773964479, 16475.984444444446
526.4508140133071, 16145.882222222222
526.8802982834507, 15997.821666666667
527.3097301863561, 15939.568333333333
527.7391097015015, 15733.254444444445
528.168436808365, 15531.795
528.5977114864237, 15109.458333333334
529.0269337151562, 15121.594444444445
529.4561034740402, 14718.675555555556
529.8852207425534, 14543.915555555555
530.314285500174, 14417.7
530.7432977263796, 14143.423888888889
531.1722574006484, 14140.996666666666
531.6011645024578, 13638.561666666666
532.030019011286, 13240.497222222222
532.458820906611, 12939.521666666667
532.8875701679102, 13048.746666666666
533.3162667746622, 12640.973333333333
533.7449107063443, 12708.935555555556
534.1735019424347, 12262.326666666666
534.602040462411, 11839.99
535.0305262457513, 11818.145
535.4589592719335, 11623.967222222222
535.8873395204353, 11410.371666666666
536.3156669707347, 11041.433888888889
536.7439416023096, 11005.025555555556
537.1721633946379, 10687.059444444445
537.6003323271975, 10604.53388888889
538.028448379466, 10415.210555555555
538.4565115309218, 10255.013888888889
538.8845217610424, 9985.592222222222
539.3124790493057, 10019.573333333334
539.7403833751898, 9716.170555555556
540.1682347181724, 9490.43888888889
540.5960330577315, 9424.903888888888
541.0237783733447, 9325.387777777778
541.4514706444902, 8963.731666666667
541.8791098506459, 9029.266666666666
542.3066959712894, 8820.525555555556
542.7342289858989, 8684.601111111111
543.1617088739521, 8616.638888888889
543.5891356149269, 8517.122777777779
544.0165091883014, 8288.96388888889
544.4438295735529, 8029.251111111111
544.8710967501598, 8097.213333333333
545.2983106976, 7937.016666666666
545.7254713953512, 7847.209444444445
546.1525788228913, 7606.914444444445
546.5796329596982, 7551.088333333333
547.0066337852497, 7322.929444444444
547.4335812790239, 7116.615555555555
547.8604754204986, 7182.150555555556
548.2873161891516, 7121.47
548.7141035644607, 6975.836666666667
549.140837525904, 6939.428333333333
549.5675180529594, 6798.649444444444
549.9941451251045, 6626.316666666667
550.4207187218174, 6514.664444444445
550.847238822576, 6412.721111111111
551.2737054068582, 6354.467777777778
551.7001184541417, 6119.027222222222
552.1264779439044, 6131.163333333333
552.5527838556245, 6162.7172222222225
552.9790361687795, 5888.441111111111
553.4052348628476, 5883.586666666667
553.8313799173064, 5803.488333333334
554.2574713116339, 5718.535555555555
554.6835090253081, 5543.775555555556
555.1094930378068, 5611.737777777777
555.5354233286079, 5492.803888888889
555.961299877189, 5388.433333333333
556.3871226630284, 5342.316111111111
556.8128916656038, 5211.2461111111115
557.2386068643932, 5138.429444444444
557.6642682388743, 5131.147777777778
558.0898757685251, 4997.650555555556
558.5154294328235, 4856.871666666667
558.9409292112473, 4791.336666666667
559.3663750832743, 4847.162777777778
559.7917670283828, 4762.21
560.2171050260499, 4645.703333333333
560.6423890557544, 4672.402777777777
561.0676190969735, 4650.557777777778
561.4927951291855, 4623.858333333334
561.9179171318682, 4553.468888888889
562.3429850844992, 4383.5633333333335
562.7679989665568, 4337.446111111111
563.1929587575185, 4293.756111111111
563.6178644368624, 4279.192777777777
564.0427159840664, 4274.338333333333
564.4675133786083, 4247.638888888889
564.892256599966, 4208.803333333333
565.3169456276173, 3992.7805555555556
565.7415804410404, 3980.6444444444446
566.1661610197128, 4099.578333333333
566.5906873431126, 4000.0622222222223
567.0151593907176, 4014.6255555555554
567.4395771420056, 3973.362777777778
567.8639405764549, 3915.1094444444443
568.2882496735427, 3953.945
568.7125044127475, 3890.8372222222224
569.136704773547, 3733.067777777778
569.560850735419, 3769.476111111111
569.9849422778414, 3779.185
570.408979380292, 3784.0394444444446
570.8329620222488, 3733.067777777778
571.2568901831899, 3631.1244444444446
571.6807638425926, 3541.3172222222224
572.1045829799353, 3638.406111111111
572.5283475746957, 3553.4533333333334
572.9520576063518, 3572.871111111111
573.3757130543813, 3531.608333333333
573.7993138982621, 3538.89
574.2228601174724, 3514.617777777778
574.6463516914896, 3458.7916666666665
575.069788599792, 3492.7727777777777
575.4931708218572, 3451.51
575.916498337163, 3436.9466666666667
576.3397711251878, 3298.595
576.7629891654091, 3371.411666666667
577.1861524373047, 3456.3644444444444
577.6092609203528, 3344.7122222222224
578.0323145940308, 3347.1394444444445
578.4553134378172, 3315.5855555555554
578.8782574311896, 3361.7027777777776
579.3011465536257, 3327.721666666667
579.7239807846037, 3194.2244444444445
580.146760103601, 3257.3322222222223
580.5694844900961, 3184.5155555555557
580.9921539235664, 3225.778333333333
581.4147683834901, 3145.68
581.8373278493451, 3196.6516666666666
582.2598323006089, 3169.952222222222
582.6822817167598, 3177.233888888889
583.1046760772754, 3152.9616666666666
583.5270153616337, 3118.9805555555554
583.9492995493126, 3017.037222222222
584.3715286197901, 3058.3
584.7937025525439, 3084.9994444444446
585.2158213270517, 3087.4266666666667
585.6378849227918, 3070.436111111111
586.059893319242, 3072.8633333333332
586.4818464958798, 3051.0183333333334
586.9037444321838, 3038.882222222222
587.3255871076311, 3055.8727777777776
587.7473745017, 3114.126111111111
588.1691065938684, 2985.483333333333
588.590783363614, 3031.6005555555557
589.0124047904148, 3055.8727777777776
589.4339708537487, 3024.318888888889
589.8554815330937, 2985.483333333333
590.2769368079274, 2970.92
590.6983366577279, 2939.366111111111
591.1196810619729, 2951.5022222222224
591.5409700001403, 2927.23
591.9622034517083, 2873.831111111111
592.3833813961545, 2900.5305555555556
592.8045038129568, 2946.6477777777777
593.2255706815931, 2919.9483333333333
593.6465819815413, 2859.2677777777776
594.0675376922794, 2939.366111111111
594.488437793285, 2917.521111111111
594.9092822640364, 2893.248888888889
595.3300710840113, 2815.5777777777776
595.7508042326872, 2873.831111111111
596.1714816895425, 2844.7044444444446
596.5921034340548, 2834.9955555555557
597.0126694457022, 2822.8594444444443
597.4331797039623, 2813.1505555555555
597.8536341883132, 2764.606111111111
598.2740328782329, 2827.713888888889
598.6943757531989, 2818.005
599.1146627926894, 2781.596666666667
599.5348939761823, 2868.9766666666665
599.9550692831551, 2834.9955555555557
600.3751886930862, 2813.1505555555555
600.795252185453, 2813.1505555555555
601.2152597397338, 2771.887777777778
601.6352113354062, 2810.7233333333334
602.0551069519482, 2837.422777777778
602.4749465688378, 2742.761111111111
602.8947301655527, 2718.488888888889
603.3144577215706, 2747.6155555555556
603.7341292163699, 2737.9066666666668
604.153744629428, 2784.023888888889
604.5733039402232, 2820.432222222222
604.9928071282329, 2745.1883333333335
605.4122541729356, 2711.2072222222223
605.8316450538086, 2798.5872222222224
606.2509797503302, 2830.141111111111
606.670258241978, 2742.761111111111
607.0894805082299, 2752.47
607.5086465285641, 2716.0616666666665
607.9277562824581, 2735.4794444444447
608.3468097493899, 2786.451111111111
608.7658069088376, 2801.0144444444445
609.1847477402787, 2747.6155555555556
609.6036322231914, 2796.16
610.0224603370534, 2728.197777777778
610.4412320613428, 2725.7705555555553
610.8599473755373, 2796.16
611.2786062591147, 2793.7327777777778
611.6972086915533, 2750.0427777777777
612.1157546523305, 2696.643888888889
612.5342441209243, 2796.16
612.952677076813, 2764.606111111111
613.3710534994736, 2674.798888888889
613.789373368385, 2657.8083333333334
614.2076366630243, 2752.47
614.62584336287, 2735.4794444444447
615.0439934473997, 2626.2544444444443
615.4620868960909, 2699.071111111111
615.8801236884221, 2655.3811111111113
616.298103803871, 2684.507777777778
616.7160272219153, 2669.9444444444443
617.1338939220329, 2650.5266666666666
617.5517038837019, 2696.643888888889
617.9694570864001, 2660.2355555555555
618.3871535096054, 2684.507777777778
618.8047931327956, 2711.2072222222223
619.2223759354484, 2628.681666666667
619.6399018970421, 2655.3811111111113
620.0573709970545, 2633.536111111111
620.4747832149632, 2626.2544444444443
620.8921385302463, 2589.846111111111
621.3094369223816, 2635.963333333333
621.7266783708471, 2665.09
622.1438628551207, 2657.8083333333334
622.5609903546799, 2640.817777777778
622.9780608490031, 2626.2544444444443
623.395074317568, 2650.5266666666666
623.8120307398522, 2650.5266666666666
624.228930095334, 2611.6911111111112
624.645772363491, 2657.8083333333334
625.0625575238014, 2524.311111111111
625.4792855557428, 2672.3716666666664
625.8959564387931, 2691.7894444444446
626.3125701524302, 2677.226111111111
626.7291266761321, 2679.653333333333
627.1456259893766, 2604.4094444444445
627.5620680716416, 2628.681666666667
627.978452902405, 2589.846111111111
628.3947804611447, 2616.5455555555554
628.8110507273384, 2604.4094444444445
629.2272636804644, 2604.4094444444445
629.6434193000001, 2592.2733333333335
630.0595175654236, 2669.9444444444443
630.4755584562129, 2616.5455555555554
630.8915419518455, 2614.1183333333333
631.3074680317999, 2691.7894444444446
631.7233366755535, 2657.8083333333334
632.1391478625843, 2614.1183333333333
632.5549015723702, 2616.5455555555554
632.9705977843889, 2633.536111111111
633.3862364781188, 2618.972777777778
633.8018176330373, 2655.3811111111113
634.2173412286224, 2555.865
634.6328072443522, 2621.4
635.0482156597042, 2599.555
635.4635664541566, 2587.418888888889
635.8788596071872, 2543.728888888889
636.2940950982738, 2575.282777777778
636.7092729068943, 2652.9538888888887
637.1243930125266, 2558.2922222222223
637.5394553946488, 2597.1277777777777
637.9544600327383, 2570.4283333333333
638.3694069062735, 2618.972777777778
638.784295994732, 2589.846111111111
639.1991272775919, 2582.5644444444442
639.6139007343309, 2616.5455555555554
640.0286163444265, 2640.817777777778
640.4432740873574, 2524.311111111111
640.857873942601, 2621.4
641.2724158896351, 2623.827222222222
641.686899907938, 2616.5455555555554
642.101325976987, 2628.681666666667
642.5156940762606, 2628.681666666667
642.9300041852364, 2623.827222222222
643.344256283392, 2604.4094444444445
643.758450350206, 2626.2544444444443
644.1725863651554, 2621.4
644.5866643077189, 2538.8744444444446
645.0006841573738, 2584.991666666667
645.4146458935983, 2618.972777777778
645.8285494958702, 2519.4566666666665
646.2423949436671, 2599.555
646.6561822164675, 2645.6722222222224
647.0699112937488, 2628.681666666667
647.483582154989, 2601.9822222222224
647.897194779666, 2582.5644444444442
648.3107491472578, 2587.418888888889
648.724245237242, 2601.9822222222224
649.1376830290968, 2655.3811111111113
649.5510625022998, 2614.1183333333333
649.964383636329, 2531.592777777778
650.3776464106625, 2601.9822222222224
650.790850804778, 2512.175
651.2039967981532, 2577.71
651.6170843702662, 2599.555
652.0301135005949, 2577.71
652.443084168617, 2492.757222222222
652.8559963538107, 2611.6911111111112
653.2688500356536, 2592.2733333333335
653.6816451936236, 2509.7477777777776
654.0943818071987, 2577.71
654.5070598558568, 2568.001111111111
654.9196793190757, 2555.865
655.3322401763332, 2667.5172222222222
655.7447424071077, 2621.4
656.1571859908762, 2572.8555555555554
656.5695709071173, 2597.1277777777777
656.9818971353087, 2570.4283333333333
657.394164654928, 2553.4377777777777
657.8063734454535, 2546.156111111111
658.2185234863628, 2521.883888888889
658.6306147571338, 2548.5833333333335
659.0426472372449, 2558.2922222222223
659.454620906173, 2551.0105555555556
659.8665357433969, 2609.2638888888887
660.2783917283939, 2504.8933333333334
660.6901888406422, 2558.2922222222223
661.1019270596197, 2553.4377777777777
661.5136063648039, 2534.02
661.9252267356732, 2519.4566666666665
662.336788151705, 2570.4283333333333
662.7482905923775, 2543.728888888889
663.1597340371688, 2502.4661111111113
663.5711184655561, 2580.137222222222
663.9824438570179, 2548.5833333333335
664.3937101910318, 2601.9822222222224
664.8049174470756, 2638.3905555555557
665.2160656046276, 2543.728888888889
665.627154643165, 2524.311111111111
666.0381845421665, 2529.1655555555553
666.4491552811094, 2614.1183333333333
666.8600668394716, 2538.8744444444446
667.2709191967314, 2565.573888888889
667.6817123323663, 2551.0105555555556
668.0924462258544, 2538.8744444444446
668.5031208566734, 2546.156111111111
668.9137362043014, 2514.6022222222223
669.324292248216, 2560.7194444444444
669.7347889678953, 2543.728888888889
670.1452263428172, 2538.8744444444446
670.5556043524593, 2575.282777777778
670.9659229763, 2526.7383333333332
671.3761821938167, 2568.001111111111
671.7863819844875, 2536.447222222222
672.1965223277904, 2563.1466666666665
672.6066032032028, 2536.447222222222
673.0166245902033, 2551.0105555555556
673.4265864682691, 2577.71
673.8364888168785, 2555.865
674.2463316155092, 2551.0105555555556
674.6561148436392, 2614.1183333333333
675.0658384807463, 2514.6022222222223
675.4755025063084, 2514.6022222222223
675.8851068998035, 2521.883888888889
676.2946516407094, 2461.2033333333334
676.7041367085039, 2512.175
677.1135620826649, 2526.7383333333332
677.5229277426704, 2536.447222222222
677.9322336679982, 2441.7855555555557
678.3414798381262, 2534.02
678.7506662325325, 2553.4377777777777
679.1597928306944, 2453.9216666666666
679.5688596120904, 2560.7194444444444
679.977866556198, 2592.2733333333335
680.3868136424953, 2497.6116666666667
680.7957008504601, 2575.282777777778
681.2045281595704, 2524.311111111111
681.6132955493039, 2500.038888888889
682.0220029991384, 2570.4283333333333
682.430650488552, 2541.3016666666667
682.8392379970227, 2526.7383333333332
683.2477655040282, 2555.865
683.6562329890462, 2480.621111111111
684.064640431555, 2553.4377777777777
684.472987811032, 2529.1655555555553
684.8812751069555, 2531.592777777778
685.2895022988033, 2551.0105555555556
685.6976693660531, 2577.71
686.1057762881829, 2628.681666666667
686.5138230446706, 2577.71
686.9218096149941, 2534.02
687.3297359786312, 2485.4755555555557
687.7376021150599, 2466.0577777777776
688.145408003758, 2572.8555555555554
688.5531536242033, 2538.8744444444446
688.9608389558739, 2468.485
689.3684639782474, 2570.4283333333333
689.7760286708021, 2502.4661111111113
690.1835330130154, 2536.447222222222
690.5909769843656, 2480.621111111111
690.9983605643303, 2453.9216666666666
691.4056837323875, 2451.4944444444445
691.8129464680152, 2490.33
692.220148750691, 2580.137222222222
692.6272905598929, 2417.5133333333333
693.0343718750988, 2495.1844444444446
693.4413926757868, 2441.7855555555557
693.8483529414345, 2504.8933333333334
694.25525265152, 2500.038888888889
694.6620917855208, 2478.193888888889
695.0688703229151, 2507.3205555555555
695.4755882431808, 2456.3488888888887
695.8822455257957, 2453.9216666666666
696.2888421502378, 2470.912222222222
696.6953780959847, 2541.3016666666667
697.1018533425145, 2429.6494444444443
697.5082678693051, 2463.6305555555555
697.9146216558341, 2495.1844444444446
698.3209146815799, 2470.912222222222
698.72714692602, 2475.766666666667
699.1333183686324, 2555.865
699.5394289888949, 2475.766666666667
699.9454787662854, 2478.193888888889
700.3514676802821, 2432.076666666667
700.7573957103624, 2487.902777777778
701.1632628360044, 2497.6116666666667
701.569069036686, 2502.4661111111113
701.9748142918851, 2492.757222222222
702.3804985810796, 2485.4755555555557
702.7861218837471, 2487.902777777778
703.1916841793659, 2453.9216666666666
703.5971854474136, 2422.367777777778
704.0026256673683, 2456.3488888888887
704.4080048187078, 2483.048333333333
704.8133228809098, 2453.9216666666666
705.2185798334524, 2509.7477777777776
705.6237756558133, 2529.1655555555553
706.0289103274706, 2463.6305555555555
706.4339838279021, 2475.766666666667
706.8389961365859, 2422.367777777778
707.2439472329994, 2402.95
707.6488370966208, 2432.076666666667
708.0536657069279, 2446.64
708.4584330433985, 2463.6305555555555
708.8631390855107, 2485.4755555555557
709.2677838127423, 2519.4566666666665
709.6723672045712, 2563.1466666666665
710.0768892404751, 2449.0672222222224
710.4813498999321, 2543.728888888889
710.88574916242, 2492.757222222222
711.2900870074167, 2524.311111111111
711.6943634144001, 2521.883888888889
712.0985783628479, 2390.813888888889
712.5027318322383, 2444.212777777778
712.906823802049, 2495.1844444444446
713.310854251758, 2526.7383333333332
713.7148231608429, 2427.222222222222
714.1187305087819, 2502.4661111111113
714.5225762750528, 2466.0577777777776
714.9263604391333, 2400.5227777777777
715.3300829805016, 2492.757222222222
715.7337438786353, 2487.902777777778
716.1373431130124, 2466.0577777777776
716.5408806631108, 2512.175
716.9443565084084, 2531.592777777778
717.3477706283832, 2466.0577777777776
717.7511230025127, 2541.3016666666667
718.1544136102751, 2463.6305555555555
718.5576424311482, 2393.241111111111
718.9608094446097, 2456.3488888888887
719.363914630138, 2492.757222222222
719.7669579672105, 2461.2033333333334
720.1699394353052, 2534.02
720.5728590138999, 2529.1655555555553
720.9757166824728, 2483.048333333333
721.3785124205016, 2412.6588888888887
721.7812462074642, 2509.7477777777776
722.1839180228383, 2487.902777777778
722.586527846102, 2461.2033333333334
722.989075656733, 2461.2033333333334
723.3915614342095, 2543.728888888889
723.7939851580091, 2543.728888888889
724.1963468076099, 2419.9405555555554
724.5986463624895, 2524.311111111111
725.0008838021259, 2456.3488888888887
725.4030591059972, 2439.358333333333
725.8051722535811, 2434.503888888889
726.2072232243553, 2449.0672222222224
726.6092119977981, 2507.3205555555555
727.011138553387, 2439.358333333333
727.4130028706, 2434.503888888889
727.8148049289152, 2490.33
728.2165447078104, 2478.193888888889
728.6182221867631, 2429.6494444444443
729.0198373452516, 2449.0672222222224
729.4213901627536, 2466.0577777777776
729.8228806187471, 2504.8933333333334
730.2243086927101, 2453.9216666666666
730.6256743641202, 2507.3205555555555
731.0269776124553, 2463.6305555555555
731.4282184171935, 2478.193888888889
731.8293967578126, 2419.9405555555554
732.2305126137903, 2398.0955555555556
732.6315659646046, 2453.9216666666666
733.0325567897337, 2412.6588888888887
733.4334850686549, 2517.0294444444444
733.8343507808465, 2390.813888888889
734.2351539057863, 2419.9405555555554
734.6358944229522, 2393.241111111111
735.0365723118219, 2427.222222222222
735.4371875518735, 2449.0672222222224
735.8377401225848, 2463.6305555555555
736.2382300034338, 2473.3394444444443
736.6386571738981, 2451.4944444444445
737.0390216134557, 2487.902777777778
737.4393233015847, 2434.503888888889
737.8395622177627, 2422.367777777778
738.2397383414677, 2436.931111111111
738.6398516521779, 2456.3488888888887
739.0399021293706, 2453.9216666666666
739.439889752524, 2485.4755555555557
739.8398145011159, 2412.6588888888887
740.2396763546243, 2463.6305555555555
740.639475292527, 2487.902777777778
741.0392112943019, 2480.621111111111
741.4388843394269, 2463.6305555555555
741.8384944073797, 2480.621111111111
742.2380414776385, 2427.222222222222
742.637525529681, 2434.503888888889
743.0369465429851, 2490.33
743.4363044970287, 2383.532222222222
743.8355993712896, 2417.5133333333333
744.2348311452458, 2449.0672222222224
744.6339997983753, 2436.931111111111
745.0331053101557, 2432.076666666667
745.432147660065, 2461.2033333333334
745.8311268275811, 2434.503888888889
746.230042792182, 2400.5227777777777
746.6288955333454, 2487.902777777778
747.0276850305493, 2456.3488888888887
747.4264112632713, 2432.076666666667
747.8250742109897, 2407.8044444444445
748.2236738531822, 2468.485
748.6222101693266, 2424.795
749.0206831389012, 2458.7761111111113
749.4190927413832, 2466.0577777777776
749.817438956251, 2487.902777777778
750.2157217629822, 2449.0672222222224
750.6139411410547, 2383.532222222222
751.0120970699468, 2483.048333333333
751.4101895291359, 2478.193888888889
751.8082184981, 2468.485
752.2061839563171, 2415.086111111111
752.604085883265, 2490.33
753.0019242584217, 2509.7477777777776
753.399699061265, 2483.048333333333
753.7974102712727, 2434.503888888889
754.1950578679227, 2461.2033333333334
754.5926418306931, 2461.2033333333334
754.9901621390615, 2500.038888888889
755.387618772506, 2422.367777777778
755.7850117105044, 2480.621111111111
756.1823409325345, 2480.621111111111
756.5796064180743, 2485.4755555555557
756.9768081466016, 2417.5133333333333
757.3739460975944, 2456.3488888888887
757.7710202505305, 2475.766666666667
758.1680305848877, 2398.0955555555556
758.564977080144, 2473.3394444444443
758.9618597157773, 2468.485
759.3586784712656, 2521.883888888889
759.7554333260865, 2483.048333333333
760.1521242597179, 2439.358333333333
760.5487512516379, 2461.2033333333334
760.9453142813243, 2478.193888888889
761.341813328255, 2500.038888888889
761.738248371908, 2480.621111111111
762.1346193917608, 2439.358333333333
762.5309263672914, 2495.1844444444446
762.927169277978, 2429.6494444444443
763.3233481032983, 2504.8933333333334
763.7194628227302, 2456.3488888888887
764.1155134157514, 2449.0672222222224
764.5114998618401, 2400.5227777777777
764.9074221404738, 2419.9405555555554
765.3032802311308, 2453.9216666666666
765.6990741132888, 2424.795
766.0948037664257, 2453.9216666666666
766.4904691700191, 2478.193888888889
766.8860703035473, 2468.485
767.2816071464881, 2461.2033333333334
767.6770796783193, 2456.3488888888887
768.0724878785187, 2461.2033333333334
768.4678317265643, 2429.6494444444443
768.8631112019339, 2400.5227777777777
769.2583262841056, 2456.3488888888887
769.653476952557, 2492.757222222222
770.0485631867662, 2441.7855555555557
770.4435849662109, 2390.813888888889
770.8385422703691, 2507.3205555555555
771.2334350787187, 2473.3394444444443
771.6282633707374, 2470.912222222222
772.0230271259036, 2427.222222222222
772.4177263236944, 2419.9405555555554
772.8123609435884, 2458.7761111111113
773.2069309650631, 2485.4755555555557
773.6014363675963, 2514.6022222222223
773.9958771306663, 2444.212777777778
774.3902532337505, 2444.212777777778
774.7845646563271, 2434.503888888889
775.1788113778739, 2492.757222222222
775.5729933778688, 2424.795
775.9671106357898, 2417.5133333333333
776.3611631311144, 2504.8933333333334
776.755150843321, 2480.621111111111
777.1490737518869, 2432.076666666667
777.5429318362906, 2504.8933333333334
777.9367250760095, 2453.9216666666666
778.3304534505218, 2512.175
778.7241169393052, 2451.4944444444445
779.1177155218376, 2388.3866666666668
779.5112491775968, 2415.086111111111
779.904717886061, 2466.0577777777776
780.2981216267079, 2451.4944444444445
780.6914603790154, 2388.3866666666668
781.0847341224612, 2473.3394444444443
781.4779428365234, 2461.2033333333334
781.8710865006798, 2487.902777777778
782.2641650944086, 2466.0577777777776
782.657178597187, 2424.795
783.0501269884934, 2461.2033333333334
783.4430102478057, 2432.076666666667
783.8358283546014, 2381.105
784.2285812883588, 2478.193888888889
784.6212690285556, 2461.2033333333334
785.0138915546697, 2490.33
785.4064488461789, 2466.0577777777776
785.7989408825612, 2463.6305555555555
786.1913676432944, 2439.358333333333
786.5837291078566, 2427.222222222222
786.9760252557254, 2427.222222222222
787.3682560663788, 2483.048333333333
787.7604215192946, 2461.2033333333334
788.1525215939508, 2419.9405555555554
788.5445562698254, 2473.3394444444443
788.9365255263959, 2463.6305555555555
789.3284293431406, 2461.2033333333334
789.7202676995372, 2470.912222222222
790.1120405750635, 2439.358333333333
790.5037479491975, 2504.8933333333334
790.8953898014171, 2432.076666666667
791.2869661112001, 2485.4755555555557
791.6784768580243, 2412.6588888888887
792.0699220213678, 2434.503888888889
792.4613015807084, 2453.9216666666666
792.852615515524, 2451.4944444444445
793.2438638052924, 2390.813888888889
793.6350464294916, 2480.621111111111
794.0261633675993, 2485.4755555555557
794.4172145990937, 2475.766666666667
794.8082001034524, 2451.4944444444445
795.1991198601534, 2458.7761111111113
795.5899738486744, 2441.7855555555557
795.9807620484936, 2444.212777777778
796.3714844390886, 2415.086111111111
796.7621409999376, 2378.677777777778
797.1527317105182, 2517.0294444444444
797.5432565503083, 2388.3866666666668
797.933715498786, 2470.912222222222
798.3241085354289, 2504.8933333333334
798.7144356397151, 2415.086111111111
799.1046967911225, 2453.9216666666666
799.4948919691287, 2517.0294444444444
799.8850211532119, 2514.6022222222223
800.2750843228498, 2521.883888888889
800.6650814575204, 2456.3488888888887
801.0550125367017, 2509.7477777777776
801.4448775398711, 2468.485
801.8346764465069, 2483.048333333333
802.224409236087, 2436.931111111111
802.614075888089, 2551.0105555555556
803.0036763819912, 2456.3488888888887
803.393210697271, 2507.3205555555555
803.7826788134066, 2407.8044444444445
804.1720807098758, 2424.795
804.5614163661564, 2466.0577777777776
804.9506857617265, 2366.5416666666665
805.3398888760638, 2473.3394444444443
805.7290256886463, 2492.757222222222
806.1180961789518, 2500.038888888889
806.507100326458, 2473.3394444444443
806.8960381106433, 2388.3866666666668
807.2849095109851, 2402.95
807.6737145069615, 2485.4755555555557
808.0624530780502, 2485.4755555555557
808.4511252037294, 2470.912222222222
808.8397308634767, 2439.358333333333
809.2282700367703, 2495.1844444444446
809.6167427030877, 2512.175
810.0051488419068, 2415.086111111111
810.3934884327059, 2480.621111111111
810.7817614549624, 2453.9216666666666
811.1699678881547, 2376.2505555555554
811.5581077117603, 2470.912222222222
811.946180905257, 2446.64
812.3341874481231, 2451.4944444444445
812.722127319836, 2432.076666666667
813.1100004998741, 2378.677777777778
813.4978069677148, 2451.4944444444445
813.8855467028363, 2449.0672222222224
814.2732196847163, 2461.2033333333334
814.6608258928328, 2417.5133333333333
815.0483653066638, 2439.358333333333
815.4358379056869, 2480.621111111111
815.82324366938, 2497.6116666666667
816.2105825772212, 2432.076666666667
816.5978546086883, 2458.7761111111113
816.9850597432592, 2458.7761111111113
817.3721979604117, 2436.931111111111
817.7592692396238, 2390.813888888889
818.1462735603732, 2436.931111111111
818.5332109021379, 2444.212777777778
818.9200812443959, 2502.4661111111113
819.306884566625, 2429.6494444444443
819.6936208483029, 2449.0672222222224
820.0802900689077, 2478.193888888889
820.4668922079172, 2470.912222222222
820.8534272448094, 2466.0577777777776
821.239895159062, 2381.105
821.626295930153, 2449.0672222222224
822.0126295375603, 2468.485
822.3988959607616, 2402.95
822.785095179235, 2405.3772222222224
823.1712271724583, 2463.6305555555555
823.5572919199096, 2458.7761111111113
823.9432894010663, 2458.7761111111113
824.3292195954066, 2466.0577777777776
824.7150824824083, 2461.2033333333334
825.1008780415495, 2470.912222222222
825.486606252308, 2400.5227777777777
825.8722670941613, 2502.4661111111113
826.2578605465877, 2400.5227777777777
826.643386589065, 2485.4755555555557
827.028845201071, 2412.6588888888887
827.4142363620837, 2395.6683333333335
827.7995600515808, 2485.4755555555557
828.1848162490403, 2444.212777777778
828.5700049339401, 2453.9216666666666
828.9551260857583, 2490.33
829.3401796839723, 2417.5133333333333
829.7251657080603, 2439.358333333333
830.1100841375, 2480.621111111111
830.4949349517696, 2301.0066666666667
830.8797181303465, 2461.2033333333334
831.264433652709, 2453.9216666666666
831.649081498335, 2415.086111111111
832.0336616467022, 2500.038888888889
832.4181740772884, 2347.123888888889
832.8026187695717, 2470.912222222222
833.1869957030299, 2441.7855555555557
833.5713048571408, 2412.6588888888887
833.9555462113824, 2514.6022222222223
834.3397197452325, 2427.222222222222
834.723825438169, 2441.7855555555557
835.1078632696698, 2446.64
835.4918332192129, 2514.6022222222223
835.875735266276, 2473.3394444444443
836.259569390337, 2410.2316666666666
836.6433355708738, 2466.0577777777776
837.0270337873644, 2468.485
837.4106640192867, 2463.6305555555555
837.7942262461185, 2402.95
838.1777204473375, 2463.6305555555555
838.5611466024219, 2487.902777777778
838.9445046908494, 2468.485
839.3277946920979, 2451.4944444444445
839.7110165856454, 2456.3488888888887
840.0941703509696, 2480.621111111111
840.4772559675484, 2449.0672222222224
840.8602734148599, 2497.6116666666667
841.2432226723819, 2407.8044444444445
841.6261037195922, 2439.358333333333
842.0089165359686, 2446.64
842.3916611009893, 2376.2505555555554
842.7743373941316, 2502.4661111111113
843.156945394874, 2478.193888888889
843.5394850826943, 2458.7761111111113
843.9219564370701, 2371.396111111111
844.3043594374793, 2485.4755555555557
844.6866940634001, 2456.3488888888887
845.06896029431, 2487.902777777778
845.4511581096873, 2483.048333333333
845.8332874890094, 2463.6305555555555
846.2153484117546, 2376.2505555555554
846.5973408574006, 2492.757222222222
846.9792648054253, 2463.6305555555555
847.3611202353064, 2480.621111111111
847.7429071265223, 2427.222222222222
848.1246254585504, 2495.1844444444446
848.5062752108686, 2325.278888888889
848.8878563629551, 2470.912222222222
849.2693688942875, 2485.4755555555557
849.6508127843439, 2492.757222222222
850.0321880126021, 2390.813888888889
850.4134945585397, 2427.222222222222
850.7947324016351, 2470.912222222222
851.1759015213659, 2376.2505555555554
851.55700189721, 2446.64
851.9380335086452, 2444.212777777778
852.3189963351494, 2463.6305555555555
852.6998903562007, 2504.8933333333334
853.0807155512767, 2504.8933333333334
853.4614718998556, 2458.7761111111113
853.8421593814152, 2373.8233333333333
854.2227779754331, 2470.912222222222
854.6033276613874, 2463.6305555555555
854.983808418756, 2458.7761111111113
855.3642202270167, 2468.485
855.7445630656476, 2427.222222222222
856.1248369141263, 2422.367777777778
856.5050417519308, 2490.33
856.8851775585389, 2497.6116666666667
857.2652443134286, 2512.175
857.6452419960779, 2458.7761111111113
858.0251705859644, 2407.8044444444445
858.4050300625662, 2490.33
858.784820405361, 2419.9405555555554
859.1645415938268, 2514.6022222222223
859.5441936074416, 2376.2505555555554
859.923776425683, 2478.193888888889
860.3032900280291, 2446.64
860.6827343939576, 2458.7761111111113
861.0621095029466, 2419.9405555555554
861.441415334474, 2480.621111111111
861.8206518680174, 2512.175
862.1998190830549, 2424.795
862.5789169590645, 2376.2505555555554
862.9579454755236, 2473.3394444444443
863.3369046119107, 2490.33
863.7157943477033, 2470.912222222222
864.0946146623794, 2451.4944444444445
864.4733655354167, 2500.038888888889
864.8520469462933, 2402.95
865.2306588744871, 2466.0577777777776
865.609201299476, 2388.3866666666668
865.9876742007377, 2441.7855555555557
866.3660775577501, 2514.6022222222223
866.7444113499912, 2456.3488888888887
867.1226755569388, 2410.2316666666666
867.500870158071, 2410.2316666666666
867.8789951328655, 2504.8933333333334
868.2570504608001, 2429.6494444444443
868.6350361213526, 2419.9405555555554
869.0129520940013, 2492.757222222222
869.3907983582237, 2439.358333333333
869.7685748934982, 2453.9216666666666
870.146281679302, 2463.6305555555555
870.5239186951134, 2424.795
870.90148592041, 2398.0955555555556
871.27898333467, 2487.902777777778
871.6564109173712, 2456.3488888888887
872.0337686479913, 2485.4755555555557
872.4110565060084, 2495.1844444444446
872.7882744709003, 2458.7761111111113
873.1654225221448, 2400.5227777777777
873.5425006392201, 2463.6305555555555
873.9195088016037, 2424.795
874.2964469887736, 2449.0672222222224
874.6733151802077, 2468.485
875.050113355384, 2439.358333333333
875.4268414937803, 2470.912222222222
875.8034995748744, 2456.3488888888887
876.1800875781444, 2468.485
876.5566054830679, 2468.485
876.9330532691229, 2410.2316666666666
877.3094309157873, 2441.7855555555557
877.6857384025392, 2458.7761111111113
878.061975708856, 2415.086111111111
878.438142814216, 2458.7761111111113
878.8142396980969, 2483.048333333333
879.1902663399766, 2373.8233333333333
879.5662227193332, 2463.6305555555555
879.9421088156442, 2470.912222222222
880.3179246083878, 2487.902777777778
880.6936700770416, 2466.0577777777776
881.0693452010837, 2388.3866666666668
881.4449499599921, 2495.1844444444446
881.8204843332443, 2490.33
882.1959483003185, 2492.757222222222
882.5713418406924, 2390.813888888889
882.9466649338441, 2453.9216666666666
883.3219175592512, 2502.4661111111113
883.6970996963919, 2451.4944444444445
884.0722113247438, 2446.64
884.4472524237849, 2517.0294444444444
884.822222972993, 2509.7477777777776
885.1971229518462, 2427.222222222222
885.5719523398224, 2470.912222222222
885.9467111163991, 2458.7761111111113
886.3213992610544, 2483.048333333333
886.6960167532662, 2432.076666666667
887.0705635725126, 2444.212777777778
887.4450396982711, 2504.8933333333334
887.8194451100198, 2463.6305555555555
888.1937797872365, 2407.8044444444445
888.568043709399, 2441.7855555555557
888.9422368559856, 2461.2033333333334
889.3163592064737, 2453.9216666666666
889.6904107403415, 2446.64
890.0643914370667, 2405.3772222222224
890.438301276127, 2470.912222222222
890.8121402370008, 2359.26
891.1859082991656, 2485.4755555555557
891.5596054420996, 2449.0672222222224
891.9332316452803, 2422.367777777778
892.3067868881857, 2538.8744444444446
892.6802711502938, 2521.883888888889
893.0536844110824, 2497.6116666666667
893.4270266500296, 2429.6494444444443
893.8002978466128, 2441.7855555555557
894.1734979803103, 2490.33
894.5466270305999, 2441.7855555555557
894.9196849769595, 2468.485
895.2926717988669, 2415.086111111111
895.6655874758, 2373.8233333333333
896.0384319872365, 2446.64
896.4112053126547, 2393.241111111111
896.7839074315323, 2483.048333333333
897.156538323347, 2388.3866666666668
897.529097967577, 2412.6588888888887
897.9015863436998, 2492.757222222222
898.2740034311936, 2388.3866666666668
898.6463492095362, 2466.0577777777776
899.0186236582055, 2487.902777777778
899.3908267566794, 2422.367777777778
899.7629584844356, 2393.241111111111
900.1350188209522, 2453.9216666666666
900.5070077457069, 2385.9594444444447
900.8789252381778, 2483.048333333333
901.2507712778427, 2461.2033333333334
901.6225458441793, 2373.8233333333333
901.9942489166658, 2407.8044444444445
902.3658804747797, 2490.33
902.7374404979993, 2422.367777777778
903.1089289658024, 2529.1655555555553
903.4803458576665, 2446.64
903.8516911530699, 2410.2316666666666
904.2229648314902, 2417.5133333333333
904.5941668724056, 2466.0577777777776
904.9652972552939, 2436.931111111111
905.3363559596327, 2517.0294444444444
905.7073429649, 2419.9405555555554
906.0782582505739, 2410.2316666666666
906.4491017961321, 2449.0672222222224
906.8198735810525, 2483.048333333333
907.1905735848133, 2444.212777777778
907.5612017868917, 2366.5416666666665
907.9317581667661, 2512.175
908.3022427039143, 2483.048333333333
908.6726553778141, 2495.1844444444446
909.0429961679436, 2514.6022222222223
909.4132650537804, 2407.8044444444445
909.7834620148025, 2417.5133333333333
910.1535870304876, 2490.33
910.523640080314, 2400.5227777777777
910.8936211437593, 2478.193888888889
911.2635302003015, 2424.795
911.6333672294182, 2453.9216666666666
912.0031322105876, 2490.33
912.3728251232876, 2424.795
912.742445946996, 2497.6116666666667
913.1119946611905, 2456.3488888888887
913.4814712453491, 2456.3488888888887
913.8508756789498, 2475.766666666667
914.2202079414703, 2475.766666666667
914.5894680123887, 2478.193888888889
914.9586558711829, 2473.3394444444443
915.3277714973304, 2473.3394444444443
915.6968148703095, 2492.757222222222
916.0657859695979, 2429.6494444444443
916.4346847746734, 2429.6494444444443
916.8035112650142, 2441.7855555555557
917.1722654200979, 2480.621111111111
917.5409472194023, 2461.2033333333334
917.9095566424055, 2400.5227777777777
918.2780936685854, 2434.503888888889
918.6465582774198, 2446.64
919.0149504483866, 2514.6022222222223
919.3832701609637, 2398.0955555555556
919.7515173946289, 2483.048333333333
920.1196921288599, 2470.912222222222
920.4877943431352, 2429.6494444444443
920.8558240169323, 2415.086111111111
921.223781129729, 2502.4661111111113
921.5916656610033, 2441.7855555555557
921.9594775902328, 2446.64
922.327216896896, 2458.7761111111113
922.6948835604703, 2475.766666666667
923.0624775604338, 2441.7855555555557
923.4299988762641, 2412.6588888888887
923.7974474874394, 2463.6305555555555
924.1648233734376, 2463.6305555555555
924.5321265137363, 2415.086111111111
924.8993568878135, 2388.3866666666668
925.2665144751472, 2451.4944444444445
925.6335992552152, 2441.7855555555557
926.0006112074952, 2451.4944444444445
926.3675503114656, 2446.64
926.7344165466038, 2463.6305555555555
927.1012098923877, 2504.8933333333334
927.4679303282956, 2451.4944444444445
927.8345778338048, 2461.2033333333334
928.2011523883937, 2444.212777777778
928.5676539715399, 2466.0577777777776
928.9340825627213, 2478.193888888889
929.300438141416, 2485.4755555555557
929.6667206871015, 2441.7855555555557
930.032930179256, 2490.33
930.3990665973574, 2502.4661111111113
930.7651299208834, 2415.086111111111
931.131120129312, 2512.175
931.497037202121, 2519.4566666666665
931.8628811187882, 2500.038888888889
932.2286518587919, 2436.931111111111
932.5943494016095, 2466.0577777777776
932.959973726719, 2490.33
933.3255248135985, 2495.1844444444446
933.6910026417256, 2475.766666666667
934.0564071905786, 2405.3772222222224
934.421738439635, 2395.6683333333335
934.7869963683726, 2407.8044444444445
935.1521809562696, 2434.503888888889
935.5172921828038, 2415.086111111111
935.882330027453, 2359.26
936.2472944696952, 2364.1144444444444
936.6121854890082, 2444.212777777778
936.9770030648699, 2480.621111111111
937.3417471767581, 2451.4944444444445
937.7064178041509, 2434.503888888889
938.071014926526, 2412.6588888888887
938.4355385233613, 2490.33
938.7999885741348, 2456.3488888888887
939.1643650583242, 2466.0577777777776
939.5286679554074, 2495.1844444444446
939.8928972448628, 2495.1844444444446
940.2570529061674, 2451.4944444444445
940.6211349187996, 2444.212777777778
940.9851432622372, 2400.5227777777777
941.3490779159583, 2419.9405555555554
941.7129388594406, 2458.7761111111113
942.0767260721618, 2475.766666666667
942.4404395336, 2441.7855555555557
942.8040792232331, 2419.9405555555554
943.1676451205389, 2497.6116666666667
943.5311372049953, 2429.6494444444443
943.8945554560802, 2478.193888888889
944.2578998532713, 2436.931111111111
944.621170376047, 2419.9405555555554
944.9843670038847, 2492.757222222222
945.3474897162623, 2458.7761111111113
945.710538492658, 2458.7761111111113
946.0735133125493, 2400.5227777777777
946.4364141554144, 2478.193888888889
946.7992410007312, 2383.532222222222
947.1619938279771, 2453.9216666666666
947.5246726166306, 2444.212777777778
947.8872773461691, 2478.193888888889
948.2498079960709, 2502.4661111111113
948.6122645458137, 2509.7477777777776
948.9746469748751, 2495.1844444444446
949.3369552627336, 2412.6588888888887
949.6991893888663, 2424.795
950.0613493327519, 2495.1844444444446
950.4234350738678, 2412.6588888888887
950.7854465916919, 2487.902777777778
951.1473838657021, 2427.222222222222
951.5092468753764, 2461.2033333333334
951.871035600193, 2410.2316666666666
952.2327500196291, 2378.677777777778
952.5943901131628, 2546.156111111111
952.9559558602721, 2492.757222222222
953.3174472404351, 2466.0577777777776
953.6788642331294, 2449.0672222222224
954.040206817833, 2453.9216666666666
954.4014749740235, 2410.2316666666666
954.7626686811789, 2383.532222222222
955.1237879187775, 2483.048333333333
955.4848326662968, 2366.5416666666665
955.8458029032148, 2441.7855555555557
956.2066986090091, 2478.193888888889
956.5675197631579, 2485.4755555555557
956.9282663451391, 2456.3488888888887
957.2889383344307, 2446.64
957.6495357105102, 2495.1844444444446
958.0100584528556, 2410.2316666666666
958.3705065409446, 2478.193888888889
958.7308799542557, 2492.757222222222
959.0911786722664, 2439.358333333333
959.4514026744546, 2410.2316666666666
959.8115519402979, 2400.5227777777777
960.1716264492745, 2410.2316666666666
960.5316261808625, 2402.95
960.8915511145395, 2444.212777777778
961.2514012297835, 2439.358333333333
961.6111765060718, 2487.902777777778
961.9708769228831, 2449.0672222222224
962.330502459695, 2475.766666666667
962.6900530959854, 2461.2033333333334
963.0495288112322, 2487.902777777778
963.4089295849129, 2424.795
963.7682553965058, 2478.193888888889
964.1275062254888, 2415.086111111111
964.4866820513397, 2470.912222222222
964.8457828535363, 2415.086111111111
965.2048086115565, 2349.551111111111
965.5637593048781, 2429.6494444444443
965.9226349129792, 2427.222222222222
966.2814354153378, 2553.4377777777777
966.6401607914315, 2451.4944444444445
966.998811020738, 2487.902777777778
967.3573860827355, 2487.902777777778
967.715885956902, 2434.503888888889
968.0743106227152, 2458.7761111111113
968.4326600596529, 2490.33
968.7909342471929, 2463.6305555555555
969.1491331648133, 2439.358333333333
969.5072567919922, 2364.1144444444444
969.8653051082072, 2502.4661111111113
970.2232780929362, 2436.931111111111
970.5811757256569, 2364.1144444444444
970.9389979858473, 2458.7761111111113
971.2967448529856, 2451.4944444444445
971.6544163065495, 2393.241111111111
972.0120123260166, 2492.757222222222
972.3695328908652, 2446.64
972.7269779805728, 2531.592777777778
973.0843475746177, 2490.33
973.4416416524775, 2451.4944444444445
973.7988601936299, 2432.076666666667
974.1560031775534, 2429.6494444444443
974.5130705837252, 2480.621111111111
974.8700623916237, 2427.222222222222
975.2269785807267, 2417.5133333333333
975.5838191305116, 2359.26
975.940584020457, 2507.3205555555555
976.2972732300401, 2451.4944444444445
976.6538867387394, 2429.6494444444443
977.0104245260326, 2526.7383333333332
977.366886571397, 2400.5227777777777
977.7232728543113, 2497.6116666666667
978.079583354253, 2436.931111111111
978.4358180507, 2410.2316666666666
978.7919769231304, 2444.212777777778
979.1480599510217, 2415.086111111111
979.5040671138518, 2410.2316666666666
979.8599983910992, 2483.048333333333
980.2158537622412, 2424.795
980.5716332067559, 2466.0577777777776
980.9273367041209, 2427.222222222222
981.2829642338144, 2405.3772222222224
981.6385157753143, 2388.3866666666668
981.9939913080984, 2402.95
982.3493908116445, 2449.0672222222224
982.7047142654303, 2395.6683333333335
983.0599616489342, 2417.5133333333333
983.4151329416338, 2366.5416666666665
983.770228123007, 2446.64
984.1252471725317, 2366.5416666666665
984.4801900696855, 2436.931111111111
984.8350567939466, 2361.6872222222223
985.189847324793, 2480.621111111111
985.5445616417024, 2410.2316666666666
985.8991997241528, 2446.64
986.2537615516217, 2449.0672222222224
986.6082471035874, 2424.795
986.9626563595276, 2432.076666666667
987.3169892989204, 2458.7761111111113
987.6712459012435, 2429.6494444444443
988.0254261459746, 2400.5227777777777
988.3795300125918, 2407.8044444444445
988.733557480573, 2461.2033333333334
989.0875085293962, 2468.485
989.4413831385392, 2458.7761111111113
989.7951812874794, 2483.048333333333
990.1489029556951, 2424.795
990.5025481226647, 2441.7855555555557
990.8561167678653, 2453.9216666666666
991.2096088707751, 2434.503888888889
991.5630244108718, 2432.076666666667
991.9163633676334, 2441.7855555555557
992.269625720538, 2500.038888888889
992.6228114490633, 2417.5133333333333
992.9759205326872, 2398.0955555555556
993.3289529508872, 2475.766666666667
993.6819086831417, 2427.222222222222
994.0347877089287, 2461.2033333333334
994.3875900077255, 2473.3394444444443
994.7403155590106, 2521.883888888889
995.0929643422612, 2381.105
995.4455363369556, 2347.123888888889
995.7980315225718, 2461.2033333333334
996.1504498785876, 2436.931111111111
996.5027913844808, 2422.367777777778
996.8550560197291, 2449.0672222222224
997.2072437638105, 2436.931111111111
997.5593545962032, 2407.8044444444445
997.9113884963849, 2444.212777777778
998.2633454438334, 2500.038888888889
998.6152254180263, 2439.358333333333
998.967028398442, 2429.6494444444443
999.3187543645583, 2419.9405555555554
999.6704032958529, 2446.64
1000.0219751718037, 2485.4755555555557
1000.3734699718887, 2453.9216666666666
1000.7248876755855, 2463.6305555555555
1001.0762282623723, 2424.795
1001.4274917117272, 2381.105
1001.7786780031272, 2415.086111111111
1002.1297871160513, 2480.621111111111
1002.4808190299765, 2412.6588888888887
1002.831773724381, 2412.6588888888887
1003.1826511787431, 2429.6494444444443
1003.5334513725397, 2368.968888888889
1003.8841742852499, 2514.6022222222223
1004.2348198963505, 2427.222222222222
1004.58538818532, 2412.6588888888887
1004.9358791316362, 2487.902777777778
1005.2862927147766, 2405.3772222222224
1005.6366289142197, 2395.6683333333335
1005.9868877094427, 2444.212777777778
1006.3370690799243, 2446.64
1006.6871730051417, 2463.6305555555555
1007.0371994645731, 2461.2033333333334
1007.387148437696, 2495.1844444444446
1007.7370199039891, 2398.0955555555556
1008.0868138429296, 2444.212777777778
1008.4365302339957, 2441.7855555555557
1008.7861690566647, 2500.038888888889
1009.135730290415, 2415.086111111111
1009.4852139147247, 2487.902777777778
1009.8346199090714, 2456.3488888888887
1010.183948252933, 2480.621111111111
1010.5331989257868, 2466.0577777777776
1010.8823719071117, 2441.7855555555557
1011.2314671763851, 2347.123888888889
1011.5804847130852, 2405.3772222222224
1011.9294244966892, 2427.222222222222
1012.2782865066753, 2405.3772222222224
1012.6270707225216, 2446.64
1012.9757771237059, 2412.6588888888887
1013.3244056897063, 2427.222222222222
1013.6729564000002, 2473.3394444444443
1014.0214292340655, 2461.2033333333334
1014.3698241713803, 2507.3205555555555
1014.7181411914225, 2446.64
1015.0663802736703, 2497.6116666666667
1015.414541397601, 2490.33
1015.7626245426926, 2485.4755555555557
1016.1106296884232, 2434.503888888889
1016.4585568142705, 2483.048333333333
1016.8064058997128, 2390.813888888889
1017.1541769242275, 2480.621111111111
1017.5018698672923, 2463.6305555555555
1017.8494847083857, 2378.677777777778
1018.1970214269853, 2495.1844444444446
1018.544480002569, 2434.503888888889
1018.8918604146148, 2427.222222222222
1019.2391626426003, 2422.367777777778
1019.5863866660034, 2453.9216666666666
1019.9335324643024, 2381.105
1020.2806000169747, 2461.2033333333334
1020.6275893034986, 2415.086111111111
1020.9745003033515, 2383.532222222222
1021.3213329960116, 2402.95
1021.6680873609569, 2439.358333333333
1022.0147633776651, 2436.931111111111
1022.3613610256143, 2509.7477777777776
1022.7078802842818, 2402.95
1023.054321133146, 2412.6588888888887
1023.4006835516849, 2478.193888888889
1023.7469675193759, 2521.883888888889
1024.0931730156972, 2456.3488888888887
1024.4393000201267, 2427.222222222222
1024.785348512142, 2388.3866666666668
1025.1313184712212, 2439.358333333333
1025.4772098768424, 2475.766666666667
1025.8230227084832, 2415.086111111111
1026.1687569456215, 2458.7761111111113
1026.5144125677348, 2468.485
1026.8599895543018, 2395.6683333333335
1027.2054878848003, 2351.9783333333335
1027.5509075387072, 2417.5133333333333
1027.8962484955014, 2429.6494444444443
1028.2415107346603, 2497.6116666666667
1028.586694235662, 2461.2033333333334
1028.9317989779845, 2419.9405555555554
1029.2768249411054, 2473.3394444444443
1029.6217721045025, 2473.3394444444443
1029.9666404476538, 2473.3394444444443
