# FLAME spectrum data format
# Time of snapshot: 2021-02-08T18:32:07Eastern Standard Time
# Number of frames accumulated: 0
# Scan time per exposure [us]: 100000
# Wavelength [nm], Intensity [count]:
189.1861363086452, 2043.7211111111112
189.64926416366848, 2024.3033333333333
190.11235512512943, 2009.74
190.57540917250594, 1975.7588888888888
191.03842628527582, 2043.7211111111112
191.50140644291702, 2070.4205555555554
191.9643496249074, 2101.9744444444445
192.4272558107249, 2138.382777777778
192.89012497984731, 2058.2844444444445
193.35295711175254, 2140.81
193.81575218591854, 2152.946111111111
194.27851018182312, 2121.3922222222222
194.7412310789442, 2114.1105555555555
195.20391485675964, 2167.5094444444444
195.66656149474733, 2252.4622222222224
196.12917097238517, 2184.5
196.59174326915107, 2281.588888888889
197.05427836452282, 2315.57
197.51677623797838, 2313.1427777777776
197.97923686899566, 2288.8705555555557
198.44166023705247, 2250.035
198.9040463216267, 2303.4338888888888
199.36639510219626, 2402.95
199.82870655823908, 2284.016111111111
200.29098066923297, 2432.076666666667
200.7532174146558, 2441.7855555555557
201.21541677398554, 2332.5605555555558
201.6775787267, 2485.4755555555557
202.13970325227712, 2400.5227777777777
202.60179033019475, 2422.367777777778
203.06383993993072, 2398.0955555555556
203.52585206096302, 2400.5227777777777
203.9878266727695, 2405.3772222222224
204.44976375482798, 2483.048333333333
204.91166328661643, 2485.4755555555557
205.3735252476127, 2492.757222222222
205.83534961729464, 2492.757222222222
206.2971363751402, 2402.95
206.75888550062717, 2417.5133333333333
207.22059697323357, 2473.3394444444443
207.68227077243716, 2417.5133333333333
208.14390687771592, 2422.367777777778
208.6055052685476, 2456.3488888888887
209.0670659244102, 2419.9405555555554
209.5285888247816, 2407.8044444444445
209.99007394913966, 2424.795
210.4515212769622, 2470.912222222222
210.9129307877272, 2497.6116666666667
211.3743024609125, 2419.9405555555554
211.835636275996, 2434.503888888889
212.29693221245557, 2441.7855555555557
212.7581902497691, 2441.7855555555557
213.21941036741444, 2361.6872222222223
213.68059254486954, 2361.6872222222223
214.14173676161224, 2427.222222222222
214.60284299712043, 2412.6588888888887
215.06391123087198, 2456.3488888888887
215.52494144234484, 2439.358333333333
215.9859336110168, 2419.9405555555554
216.4468877163658, 2444.212777777778
216.9078037378697, 2490.33
217.36868165500644, 2410.2316666666666
217.82952144725382, 2385.9594444444447
218.29032309408976, 2415.086111111111
218.75108657499214, 2402.95
219.2118118694389, 2388.3866666666668
219.67249895690784, 2385.9594444444447
220.13314781687689, 2480.621111111111
220.5937584288239, 2383.532222222222
221.0543307722268, 2446.64
221.51486482656347, 2463.6305555555555
221.97536057131174, 2388.3866666666668
222.43581798594948, 2480.621111111111
222.8962370499547, 2393.241111111111
223.35661774280518, 2337.415
223.81696004397878, 2422.367777777778
224.2772639329535, 2405.3772222222224
224.73752938920714, 2432.076666666667
225.1977563922176, 2466.0577777777776
225.65794492146279, 2427.222222222222
226.1180949564205, 2402.95
226.57820647656874, 2422.367777777778
227.03827946138532, 2296.152222222222
227.4983138903481, 2478.193888888889
227.95830974293503, 2468.485
228.418266998624, 2378.677777777778
228.87818563689282, 2412.6588888888887
229.33806563721944, 2412.6588888888887
229.79790697908172, 2429.6494444444443
230.25770964195752, 2381.105
230.71747360532476, 2376.2505555555554
231.1771988486613, 2432.076666666667
231.63688535144504, 2456.3488888888887
232.09653309315385, 2415.086111111111
232.5561420532656, 2463.6305555555555
233.01571221125823, 2446.64
233.4752435466096, 2432.076666666667
233.93473603879755, 2449.0672222222224
234.3941896673, 2398.0955555555556
234.85360441159483, 2475.766666666667
235.31298025115996, 2415.086111111111
235.77231716547317, 2364.1144444444444
236.23161513401246, 2410.2316666666666
236.69087413625567, 2415.086111111111
237.15009415168063, 2385.9594444444447
237.60927515976533, 2412.6588888888887
238.0684171399876, 2422.367777777778
238.52752007182528, 2463.6305555555555
238.9865839347563, 2451.4944444444445
239.44560870825856, 2402.95
239.90459437180988, 2446.64
240.36354090488823, 2470.912222222222
240.82244828697142, 2368.968888888889
241.28131649753738, 2470.912222222222
241.740145516064, 2446.64
242.1989353220291, 2468.485
242.65768589491063, 2446.64
243.1163972141864, 2429.6494444444443
243.5750692593344, 2485.4755555555557
244.03370200983244, 2405.3772222222224
244.49229544515842, 2449.0672222222224
244.95084954479023, 2405.3772222222224
245.40936428820572, 2444.212777777778
245.8678396548828, 2483.048333333333
246.3262756242994, 2456.3488888888887
246.7846721759333, 2381.105
247.2430292892625, 2427.222222222222
247.7013469437648, 2441.7855555555557
248.15962511891811, 2427.222222222222
248.61786379420033, 2449.0672222222224
249.0760629490893, 2419.9405555555554
249.53422256306294, 2381.105
249.9923426155991, 2373.8233333333333
250.4504230861757, 2449.0672222222224
250.90846395427067, 2385.9594444444447
251.3664651993618, 2434.503888888889
251.82442680092703, 2473.3394444444443
252.2823487384442, 2407.8044444444445
252.7402309913912, 2424.795
253.19807353924597, 2427.222222222222
253.65587636148632, 2417.5133333333333
254.1136394375902, 2451.4944444444445
254.57136274703547, 2439.358333333333
255.02904626929998, 2432.076666666667
255.48668998386165, 2458.7761111111113
255.94429387019835, 2473.3394444444443
256.401857907788, 2422.367777777778
256.8593820761084, 2453.9216666666666
257.3168663546375, 2461.2033333333334
257.77431072285316, 2502.4661111111113
258.2317151602333, 2417.5133333333333
258.6890796462558, 2495.1844444444446
259.14640416039845, 2490.33
259.6036886821393, 2514.6022222222223
260.0609331909561, 2470.912222222222
260.51813766632677, 2390.813888888889
260.9753020877292, 2366.5416666666665
261.4324264346412, 2446.64
261.8895106865408, 2492.757222222222
262.3465548229058, 2412.6588888888887
262.8035588232141, 2371.396111111111
263.26052266694353, 2461.2033333333334
263.717446333572, 2458.7761111111113
264.1743298025776, 2436.931111111111
264.6311730534378, 2388.3866666666668
265.0879760656308, 2483.048333333333
265.5447388186344, 2364.1144444444444
266.00146129192643, 2415.086111111111
266.4581434649849, 2429.6494444444443
266.91478531728757, 2483.048333333333
267.3713868283124, 2475.766666666667
267.82794797753724, 2582.5644444444442
268.28446874443995, 2500.038888888889
268.7409491084984, 2424.795
269.19738904919063, 2407.8044444444445
269.6537885459943, 2419.9405555555554
270.1101475783875, 2415.086111111111
270.56646612584797, 2402.95
271.0227441678536, 2500.038888888889
271.4789816838824, 2502.4661111111113
271.93517865341204, 2424.795
272.3913350559207, 2427.222222222222
272.84745087088595, 2466.0577777777776
273.3035260777859, 2456.3488888888887
273.7595606560983, 2441.7855555555557
274.2155545853011, 2407.8044444444445
274.6715078448722, 2444.212777777778
275.1274204142894, 2492.757222222222
275.58329227303074, 2444.212777777778
276.0391234005739, 2461.2033333333334
276.4949137763969, 2521.883888888889
276.9506633799776, 2475.766666666667
277.4063721907939, 2441.7855555555557
277.8620401883236, 2456.3488888888887
278.3176673520446, 2417.5133333333333
278.773253661435, 2480.621111111111
279.22879909597236, 2468.485
279.68430363513477, 2402.95
280.1397672584, 2429.6494444444443
280.595189945246, 2434.503888888889
281.05057167515076, 2470.912222222222
281.5059124275919, 2439.358333333333
281.9612121820476, 2475.766666666667
282.4164709179954, 2405.3772222222224
282.87168861491347, 2383.532222222222
283.3268652522797, 2480.621111111111
283.78200080957174, 2424.795
284.2370952662677, 2497.6116666666667
284.6921486018453, 2441.7855555555557
285.14716079578255, 2495.1844444444446
285.60213182755723, 2422.367777777778
286.0570616766474, 2407.8044444444445
286.5119503225307, 2439.358333333333
286.9667977446852, 2451.4944444444445
287.4216039225886, 2449.0672222222224
287.87636883571895, 2470.912222222222
288.33109246355417, 2419.9405555555554
288.785774785572, 2468.485
289.2404157812505, 2446.64
289.6950154300672, 2444.212777777778
290.14957371150035, 2470.912222222222
290.60409060502775, 2444.212777777778
291.05856609012716, 2400.5227777777777
291.51300014627657, 2449.0672222222224
291.96739275295386, 2490.33
292.42174388963684, 2485.4755555555557
292.8760535358034, 2432.076666666667
293.3303216709316, 2415.086111111111
293.7845482744991, 2439.358333333333
294.2387333259839, 2315.57
294.6928768048639, 2497.6116666666667
295.14697869061683, 2480.621111111111
295.6010389627208, 2500.038888888889
296.05505760065347, 2405.3772222222224
296.50903458389297, 2388.3866666666668
296.9629698919169, 2390.813888888889
297.4168635042034, 2436.931111111111
297.8707154002302, 2451.4944444444445
298.32452555947515, 2383.532222222222
298.7782939614164, 2468.485
299.2320205855315, 2434.503888888889
299.6857054112985, 2453.9216666666666
300.1393484181953, 2441.7855555555557
300.5929495856997, 2412.6588888888887
301.0465088932897, 2473.3394444444443
301.50002632044306, 2461.2033333333334
301.9535018466377, 2524.311111111111
302.40693545135156, 2504.8933333333334
302.8603271140625, 2441.7855555555557
303.31367681424837, 2485.4755555555557
303.7669845313871, 2359.26
304.2202502449565, 2439.358333333333
304.6734739344345, 2531.592777777778
305.12665557929904, 2461.2033333333334
305.57979515902787, 2419.9405555555554
306.03289265309905, 2444.212777777778
306.4859480409903, 2502.4661111111113
306.93896130217956, 2373.8233333333333
307.39193241614487, 2373.8233333333333
307.8448613623638, 2512.175
308.2977481203145, 2451.4944444444445
308.75059266947466, 2407.8044444444445
309.20339498932225, 2427.222222222222
309.6561550593353, 2466.0577777777776
310.10887285899145, 2422.367777777778
310.56154836776875, 2456.3488888888887
311.01418156514495, 2468.485
311.46677243059804, 2419.9405555555554
311.9193209436059, 2444.212777777778
312.37182708364634, 2461.2033333333334
312.8242908301973, 2400.5227777777777
313.27671216273677, 2429.6494444444443
313.7290910607424, 2507.3205555555555
314.1814275036922, 2412.6588888888887
314.63372147106406, 2470.912222222222
315.08597294233584, 2424.795
315.53818189698546, 2390.813888888889
315.99034831449075, 2458.7761111111113
316.44247217432957, 2514.6022222222223
316.8945534559799, 2490.33
317.3465921389196, 2563.1466666666665
317.7985882026266, 2429.6494444444443
318.2505416265786, 2478.193888888889
318.7024523902536, 2453.9216666666666
319.1543204731295, 2422.367777777778
319.6061458546842, 2483.048333333333
320.0579285143956, 2444.212777777778
320.50966843174143, 2497.6116666666667
320.9613655861997, 2466.0577777777776
321.4130199572483, 2441.7855555555557
321.86463152436505, 2509.7477777777776
322.3162002670279, 2538.8744444444446
322.76772616471476, 2478.193888888889
323.2192091969033, 2444.212777777778
323.6706493430717, 2451.4944444444445
324.1220465826977, 2432.076666666667
324.5734008952591, 2509.7477777777776
325.0247122602339, 2463.6305555555555
325.4759806571, 2500.038888888889
325.9272060653352, 2432.076666666667
326.3783884644174, 2558.2922222222223
326.8295278338246, 2451.4944444444445
327.2806241530346, 2427.222222222222
327.7316774015252, 2475.766666666667
328.1826875587743, 2461.2033333333334
328.63365460425996, 2461.2033333333334
329.08457851745993, 2441.7855555555557
329.5354592778521, 2473.3394444444443
329.9862968649143, 2487.902777777778
330.4370912581245, 2432.076666666667
330.88784243696057, 2441.7855555555557
331.3385503809005, 2456.3488888888887
331.78921506942197, 2461.2033333333334
332.2398364820029, 2492.757222222222
332.69041459812127, 2470.912222222222
333.1409493972549, 2504.8933333333334
333.59144085888175, 2468.485
334.0418889624796, 2490.33
334.49229368752646, 2388.3866666666668
334.94265501350003, 2417.5133333333333
335.3929729198783, 2449.0672222222224
335.8432473861392, 2439.358333333333
336.29347839176063, 2534.02
336.7436659162204, 2449.0672222222224
337.19380993899625, 2444.212777777778
337.6439104395663, 2356.8327777777777
338.0939673974084, 2419.9405555555554
338.5439807920004, 2415.086111111111
338.9939506028201, 2415.086111111111
339.4438768093455, 2388.3866666666668
339.89375939105446, 2470.912222222222
340.34359832742473, 2468.485
340.7933935979344, 2495.1844444444446
341.24314518206126, 2446.64
341.69285305928315, 2449.0672222222224
342.14251720907805, 2456.3488888888887
342.5921376109237, 2434.503888888889
343.0417142442982, 2395.6683333333335
343.4912470886792, 2444.212777777778
343.9407361235448, 2458.7761111111113
344.39018132837265, 2458.7761111111113
344.8395826826408, 2398.0955555555556
345.2889401658271, 2393.241111111111
345.73825375740944, 2475.766666666667
346.1875234368658, 2410.2316666666666
346.63674918367377, 2400.5227777777777
347.0859309773115, 2521.883888888889
347.53506879725677, 2441.7855555555557
347.9841626229875, 2497.6116666666667
348.4332124339816, 2449.0672222222224
348.8822182097168, 2419.9405555555554
349.33117992967124, 2485.4755555555557
349.78009757332256, 2475.766666666667
350.2289711201488, 2453.9216666666666
350.67780054962776, 2449.0672222222224
351.1265858412374, 2463.6305555555555
351.5753269744555, 2526.7383333333332
352.02402392876, 2439.358333333333
352.47267668362883, 2461.2033333333334
352.92128521853977, 2502.4661111111113
353.36984951297086, 2412.6588888888887
353.81836954639977, 2444.212777777778
354.26684529830453, 2512.175
354.715276748163, 2402.95
355.1636638754531, 2500.038888888889
355.61200665965265, 2427.222222222222
356.0603050802395, 2466.0577777777776
356.50855911669163, 2364.1144444444444
356.9567687484869, 2441.7855555555557
357.4049339551032, 2470.912222222222
357.85305471601833, 2487.902777777778
358.30113101071026, 2473.3394444444443
358.7491628186568, 2402.95
359.1971501193359, 2495.1844444444446
359.64509289222553, 2446.64
360.0929911168034, 2424.795
360.5408447725474, 2407.8044444444445
360.98865383893553, 2480.621111111111
361.4364182954456, 2473.3394444444443
361.88413812155545, 2487.902777777778
362.3318132967432, 2436.931111111111
362.7794438004865, 2444.212777777778
363.2270296122632, 2529.1655555555553
363.6745707115514, 2466.0577777777776
364.1220670778288, 2400.5227777777777
364.5695186905733, 2458.7761111111113
365.01692552926295, 2466.0577777777776
365.46428757337543, 2480.621111111111
365.9116048023887, 2434.503888888889
366.3588771957806, 2507.3205555555555
366.80610473302926, 2444.212777777778
367.25328739361225, 2453.9216666666666
367.7004251570076, 2451.4944444444445
368.14751800269306, 2436.931111111111
368.59456591014674, 2468.485
369.0415688588464, 2456.3488888888887
369.4885268282698, 2422.367777777778
369.9354397978952, 2466.0577777777776
370.3823077472, 2478.193888888889
370.82913065566237, 2415.086111111111
371.2759085027602, 2468.485
371.7226412679713, 2495.1844444444446
372.1693289307736, 2473.3394444444443
372.615971470645, 2449.0672222222224
373.0625688670632, 2441.7855555555557
373.5091210995062, 2429.6494444444443
373.95562814745205, 2463.6305555555555
374.4020899903785, 2432.076666666667
374.8485066077633, 2487.902777777778
375.29487797908456, 2461.2033333333334
375.74120408382, 2502.4661111111113
376.1874849014476, 2456.3488888888887
376.6337204114452, 2446.64
377.07991059329066, 2487.902777777778
377.52605542646194, 2490.33
377.9721548904368, 2500.038888888889
378.41820896469335, 2502.4661111111113
378.8642176287092, 2424.795
379.31018086196246, 2415.086111111111
379.75609864393084, 2398.0955555555556
380.2019709540923, 2407.8044444444445
380.64779777192473, 2446.64
381.093579076906, 2504.8933333333334
381.5393148485141, 2466.0577777777776
381.98500506622673, 2410.2316666666666
382.43064970952184, 2439.358333333333
382.87624875787736, 2434.503888888889
383.32180219077117, 2434.503888888889
383.76730998768113, 2453.9216666666666
384.2127721280851, 2497.6116666666667
384.658188591461, 2458.7761111111113
385.1035593572866, 2436.931111111111
385.54888440504004, 2456.3488888888887
385.994163714199, 2485.4755555555557
386.4393972642414, 2405.3772222222224
386.8845850346451, 2492.757222222222
387.32972700488807, 2463.6305555555555
387.77482315444814, 2453.9216666666666
388.2198734628032, 2483.048333333333
388.66487790943114, 2436.931111111111
389.1098364738098, 2427.222222222222
389.55474913541707, 2461.2033333333334
389.99961587373093, 2509.7477777777776
390.44443666822923, 2490.33
390.8892114983898, 2400.5227777777777
391.3339403436905, 2458.7761111111113
391.7786231836093, 2485.4755555555557
392.2232599976239, 2485.4755555555557
392.6678507652125, 2490.33
393.11239546585284, 2483.048333333333
393.55689407902264, 2473.3394444444443
394.0013465841999, 2521.883888888889
394.4457529608626, 2492.757222222222
394.89011318848856, 2422.367777777778
395.3344272465556, 2436.931111111111
395.77869511454173, 2446.64
396.22291677192464, 2412.6588888888887
396.6670921981824, 2432.076666666667
397.1112213727928, 2432.076666666667
397.55530427523377, 2478.193888888889
397.99934088498316, 2458.7761111111113
398.4433311815189, 2470.912222222222
398.8872751443188, 2470.912222222222
399.33117275286077, 2485.4755555555557
399.7750239866227, 2492.757222222222
400.2188288250826, 2483.048333333333
400.6625872477181, 2509.7477777777776
401.1062992340072, 2451.4944444444445
401.5499647634279, 2492.757222222222
401.99358381545795, 2504.8933333333334
402.43715636957535, 2373.8233333333333
402.8806824052578, 2470.912222222222
403.3241619019833, 2344.6966666666667
403.7675948392297, 2485.4755555555557
404.2109811964749, 2410.2316666666666
404.6543209531968, 2436.931111111111
405.0976140888734, 2461.2033333333334
405.5408605829823, 2461.2033333333334
405.9840604150016, 2449.0672222222224
406.4272135644091, 2483.048333333333
406.87032001068275, 2551.0105555555556
407.3133797333004, 2500.038888888889
407.7563927117399, 2422.367777777778
408.1993589254791, 2497.6116666666667
408.64227835399595, 2480.621111111111
409.08515097676843, 2398.0955555555556
409.52797677327436, 2475.766666666667
409.97075572299144, 2427.222222222222
410.4134878053977, 2424.795
410.856172999971, 2466.0577777777776
411.2988112861894, 2449.0672222222224
411.74140264353053, 2521.883888888889
412.18394705147244, 2458.7761111111113
412.6264444894928, 2456.3488888888887
413.0688949370698, 2453.9216666666666
413.5112983736811, 2512.175
413.9536547788046, 2412.6588888888887
414.39596413191833, 2473.3394444444443
414.83822641250003, 2453.9216666666666
415.2804416000276, 2480.621111111111
415.722609673979, 2456.3488888888887
416.16473061383203, 2456.3488888888887
416.6068043990647, 2495.1844444444446
417.0488310091547, 2500.038888888889
417.49081042358, 2466.0577777777776
417.93274262181853, 2473.3394444444443
418.37462758334823, 2468.485
418.8164652876469, 2424.795
419.25825571419233, 2485.4755555555557
419.6999988424625, 2473.3394444444443
420.1416946519353, 2490.33
420.58334312208865, 2526.7383333333332
421.02494423240046, 2485.4755555555557
421.46649796234846, 2497.6116666666667
421.9080042914106, 2534.02
422.34946319906476, 2475.766666666667
422.7908746647889, 2526.7383333333332
423.2322386680608, 2434.503888888889
423.6735551883584, 2453.9216666666666
424.1148242051596, 2497.6116666666667
424.55604569794224, 2429.6494444444443
424.99721964618425, 2478.193888888889
425.43834602936346, 2461.2033333333334
425.87942482695786, 2470.912222222222
426.32045601844516, 2434.503888888889
426.7614395833034, 2483.048333333333
427.20237550101035, 2439.358333333333
427.643263751044, 2490.33
428.0841043128821, 2480.621111111111
428.5248971660027, 2451.4944444444445
428.96564228988353, 2509.7477777777776
429.4063396640026, 2424.795
429.8469892678377, 2446.64
430.2875910808667, 2543.728888888889
430.72814508256766, 2470.912222222222
431.1686512524183, 2490.33
431.6091095698964, 2495.1844444444446
432.04952001448015, 2497.6116666666667
432.48988256564724, 2439.358333333333
432.93019720287555, 2470.912222222222
433.37046390564296, 2480.621111111111
433.8106826534275, 2458.7761111111113
434.2508534257068, 2473.3394444444443
434.690976201959, 2531.592777777778
435.13105096166186, 2519.4566666666665
435.57107768429324, 2500.038888888889
436.011056349331, 2444.212777777778
436.4509869362532, 2456.3488888888887
436.8908694245375, 2538.8744444444446
437.330703793662, 2427.222222222222
437.7704900231044, 2524.311111111111
438.2102280923426, 2441.7855555555557
438.64991798085464, 2536.447222222222
439.0895596681183, 2543.728888888889
439.52915313361143, 2512.175
439.968698356812, 2580.137222222222
440.4081953171978, 2514.6022222222223
440.84764399424677, 2453.9216666666666
441.28704436743686, 2507.3205555555555
441.7263964162458, 2500.038888888889
442.1657001201515, 2509.7477777777776
442.604955458632, 2444.212777777778
443.044162411165, 2451.4944444444445
443.48332095722856, 2487.902777777778
443.92243107630037, 2495.1844444444446
444.36149274785845, 2504.8933333333334
444.80050595138067, 2529.1655555555553
445.2394706663448, 2601.9822222222224
445.67838687222894, 2439.358333333333
446.11725454851074, 2541.3016666666667
446.5560736746682, 2526.7383333333332
446.99484423017924, 2490.33
447.4335661945217, 2497.6116666666667
447.8722395471734, 2546.156111111111
448.3108642676124, 2495.1844444444446
448.74944033531636, 2536.447222222222
449.18796772976333, 2524.311111111111
449.6264464304311, 2492.757222222222
450.0648764167976, 2497.6116666666667
450.5032576683408, 2555.865
450.94159016453835, 2473.3394444444443
451.37987388486823, 2512.175
451.8181088088085, 2534.02
452.25629491583686, 2502.4661111111113
452.6944321854313, 2507.3205555555555
453.1325205970696, 2538.8744444444446
453.5705601302296, 2509.7477777777776
454.00855076438944, 2483.048333333333
454.44649247902674, 2480.621111111111
454.8843852536195, 2458.7761111111113
455.32222906764554, 2524.311111111111
455.76002390058284, 2495.1844444444446
456.19776973190926, 2592.2733333333335
456.63546654110263, 2500.038888888889
457.07311430764076, 2521.883888888889
457.5107130110018, 2487.902777777778
457.9482626306634, 2531.592777777778
458.38576314610356, 2458.7761111111113
458.82321453680004, 2485.4755555555557
459.2606167822308, 2558.2922222222223
459.69796986187373, 2429.6494444444443
460.13527375520675, 2495.1844444444446
460.5725284417076, 2517.0294444444444
461.0097339008544, 2531.592777777778
461.44689011212483, 2495.1844444444446
461.8839970549969, 2487.902777777778
462.3210547089484, 2492.757222222222
462.7580630534572, 2512.175
463.1950220680013, 2534.02
463.63193173205855, 2541.3016666666667
464.0687920251067, 2517.0294444444444
464.5056029266238, 2529.1655555555553
464.9423644160876, 2490.33
465.3790764729762, 2521.883888888889
465.8157390767672, 2514.6022222222223
466.2523522069386, 2512.175
466.6889158429684, 2529.1655555555553
467.12542996433433, 2534.02
467.5618945505144, 2524.311111111111
467.9983095809864, 2512.175
468.4346750352282, 2514.6022222222223
468.8709908927178, 2592.2733333333335
469.30725713293293, 2555.865
469.7434737353516, 2546.156111111111
470.1796406794516, 2519.4566666666665
470.6157579447109, 2541.3016666666667
471.05182551060733, 2575.282777777778
471.4878433566188, 2555.865
471.9238114622231, 2555.865
472.35972980689826, 2558.2922222222223
472.7955983701221, 2621.4
473.23141713137244, 2565.573888888889
473.66718607012734, 2551.0105555555556
474.1029051658645, 2589.846111111111
474.53857439806194, 2543.728888888889
474.97419374619733, 2589.846111111111
475.4097631897488, 2686.935
475.84528270819413, 2563.1466666666665
476.28075228101125, 2631.108888888889
476.71617188767794, 2682.0805555555557
477.15154150767216, 2655.3811111111113
477.5868611204718, 2679.653333333333
478.0221307055547, 2682.0805555555557
478.4573502423987, 2643.245
478.89251971048185, 2638.3905555555557
479.3276390892819, 2689.362222222222
479.76270835827677, 2764.606111111111
480.19772749694437, 2725.7705555555553
480.6326964847625, 2818.005
481.0676153012091, 2771.887777777778
481.50248392576214, 2842.277222222222
481.9373023378993, 2830.141111111111
482.3720705170987, 2883.54
482.80678844283807, 2856.8405555555555
483.2414560945953, 2922.3755555555554
483.6760734518483, 2888.3944444444446
484.110640494075, 3029.173333333333
484.5451572007532, 2992.765
484.9796235513608, 2992.765
485.41403952537576, 3060.7272222222223
485.8484051022759, 3053.4455555555555
486.2827202615391, 3133.543888888889
486.7169849826432, 3211.215
487.1511992450663, 3235.487222222222
487.585363028286, 3361.7027777777776
488.01947631178035, 3286.458888888889
488.4535390750272, 3432.092222222222
488.88755129750444, 3378.693333333333
489.32151295868994, 3463.646111111111
489.75542403806156, 3410.2472222222223
490.1892845150972, 3669.96
490.6230943692748, 3543.7444444444445
491.05685358007213, 3701.5138888888887
491.4905621269672, 3723.358888888889
491.9242199894378, 3881.1283333333336
492.3578271469619, 3842.2927777777777
492.7913835790173, 3939.3816666666667
493.2248892650819, 3978.217222222222
493.65834418463356, 4233.075555555555
494.09174831715035, 4155.404444444444
494.52510164210986, 4276.765555555556
494.9584041389902, 4349.582222222222
495.3916557872692, 4422.398888888889
495.8248565664246, 4619.0038888888885
496.25800645593455, 4657.839444444445
496.69110543527665, 4820.463333333333
497.124153483929, 4929.6883333333335
497.5571505813694, 5058.331111111111
497.99009670707574, 5169.983333333334
498.42299184052587, 5320.471111111111
498.8558359611977, 5475.8133333333335
499.28862904856913, 5461.25
499.72137108211814, 5682.127222222222
500.15406204132233, 5839.8966666666665
500.5867019056598, 6109.318333333334
501.01929065460854, 6288.932777777778
501.45182826764614, 6470.974444444444
501.8843147242507, 6667.579444444445
502.3167500039, 6883.602222222222
502.749134086072, 6992.827222222222
503.1814669502445, 7150.596666666666
503.6137485758955, 7480.698888888889
504.04597894250264, 7757.402222222222
504.4781580295442, 7944.298333333333
504.9102858164977, 8327.799444444445
505.3423622828412, 8369.062222222223
505.7743874080526, 8606.93
506.20636117160956, 9031.693888888889
506.63828355299034, 9216.162777777778
507.07015453167253, 9373.932222222222
507.50197408713404, 9653.062777777777
507.93374219885294, 9781.705555555556
508.36545884630686, 10119.089444444444
508.7971240089739, 10555.989444444445
509.2287376663318, 10670.068888888889
509.66029979785856, 11046.288333333334
510.0918103830321, 11529.305555555555
510.5232694013299, 11648.239444444445
510.9546768322305, 11769.600555555555
511.3860326552112, 12259.899444444445
511.81733684975023, 12422.523333333333
512.2485893953253, 12742.916666666666
512.6797902714144, 12815.733333333334
513.1109394574953, 13026.901666666667
513.5420369330461, 13252.633333333333
513.9730826775443, 13509.91888888889
514.4040766704684, 13912.837777777779
514.8350188912955, 14070.607222222223
515.2659093195042, 14092.452222222222
515.6967479345718, 14522.070555555556
516.1275347159767, 14524.497777777779
516.5582696431964, 14691.976111111111
516.9889526957089, 14866.736111111111
517.4195838529922, 15170.138888888889
517.8501630945242, 15102.176666666666
518.2806903997824, 15051.205
518.7111657482452, 15172.566111111111
519.1415891193901, 15269.655
519.5719604926952, 15228.392222222223
520.0022798476382, 15432.278888888888
520.4325471636973, 15201.692777777778
520.8627624203501, 15301.208888888888
521.2929255970745, 15553.64
521.7230366733485, 15451.696666666667
522.1530956286498, 15043.923333333334
522.5831024424566, 15155.575555555555
523.0130570942465, 14978.388333333334
523.4429595634975, 14852.172777777778
523.8728098296876, 14723.53
524.3026078722943, 14660.422222222222
524.732353670796, 14653.140555555556
525.1620472046701, 14296.33888888889
525.5916884533947, 14165.26888888889
526.0212773964479, 14034.198888888888
526.4508140133071, 13958.955
526.8802982834507, 13687.10611111111
527.3097301863561, 13607.007777777777
527.7391097015015, 13507.491666666667
528.168436808365, 13155.544444444444
528.5977114864237, 12961.366666666667
529.0269337151562, 12966.221111111112
529.4561034740402, 12738.062222222223
529.8852207425534, 12225.918333333333
530.314285500174, 12114.266111111112
530.7432977263796, 11988.050555555556
531.1722574006484, 11757.464444444444
531.6011645024578, 11599.695
532.030019011286, 11284.156111111111
532.458820906611, 11009.88
532.8875701679102, 10776.866666666667
533.3162667746622, 10774.439444444444
533.7449107063443, 10723.467777777778
534.1735019424347, 10366.666111111112
534.602040462411, 10177.342777777778
535.0305262457513, 10070.545
535.4589592719335, 9975.883333333333
535.8873395204353, 9815.686666666666
536.3156669707347, 9412.767777777777
536.7439416023096, 9478.302777777777
537.1721633946379, 9211.308333333332
537.6003323271975, 9043.83
538.028448379466, 8910.332777777778
538.4565115309218, 8849.652222222223
538.8845217610424, 8769.55388888889
539.3124790493057, 8475.86
539.7403833751898, 8456.442222222222
540.1682347181724, 8189.447777777777
540.5960330577315, 8048.668888888889
541.0237783733447, 8021.969444444445
541.4514706444902, 7900.608333333334
541.8791098506459, 7740.411666666667
542.3066959712894, 7645.75
542.7342289858989, 7551.088333333333
543.1617088739521, 7521.961666666667
543.5891356149269, 7315.647777777778
544.0165091883014, 7230.695
544.4438295735529, 7034.09
544.8710967501598, 7029.235555555556
545.2983106976, 6844.766666666666
545.7254713953512, 6733.114444444444
546.1525788228913, 6587.481111111111
546.5796329596982, 6684.57
547.0066337852497, 6565.636111111111
547.4335812790239, 6405.439444444444
547.8604754204986, 6301.068888888889
548.2873161891516, 6373.885555555556
548.7141035644607, 6199.125555555555
549.140837525904, 6055.919444444445
549.5675180529594, 5888.441111111111
549.9941451251045, 5924.849444444444
550.4207187218174, 5815.624444444445
550.847238822576, 5718.535555555555
551.2737054068582, 5660.282222222222
551.7001184541417, 5538.921111111111
552.1264779439044, 5410.278333333334
552.5527838556245, 5327.752777777778
552.9790361687795, 5216.100555555556
553.4052348628476, 5254.936111111111
553.8313799173064, 5126.293333333333
554.2574713116339, 5250.081666666667
554.6835090253081, 5102.021111111111
555.1094930378068, 4992.796111111111
555.5354233286079, 4958.815
555.961299877189, 5026.777222222222
556.3871226630284, 4849.59
556.8128916656038, 4737.937777777778
557.2386068643932, 4813.181666666666
557.6642682388743, 4635.9944444444445
558.0898757685251, 4699.102222222222
558.5154294328235, 4694.247777777778
558.9409292112473, 4643.276111111111
559.3663750832743, 4635.9944444444445
559.7917670283828, 4373.854444444444
560.2171050260499, 4521.915
560.6423890557544, 4407.835555555555
561.0676190969735, 4444.243888888889
561.4927951291855, 4475.797777777778
561.9179171318682, 4315.601111111111
562.3429850844992, 4490.361111111111
562.7679989665568, 4274.338333333333
563.1929587575185, 4344.727777777778
563.6178644368624, 4269.483888888889
564.0427159840664, 4286.474444444444
564.4675133786083, 4339.873333333333
564.892256599966, 4274.338333333333
565.3169456276173, 4320.455555555555
565.7415804410404, 4189.385555555556
566.1661610197128, 4305.892222222222
566.5906873431126, 4274.338333333333
567.0151593907176, 4313.1738888888885
567.4395771420056, 4390.845
567.8639405764549, 4213.6577777777775
568.2882496735427, 4383.5633333333335
568.7125044127475, 4483.079444444445
569.136704773547, 4507.3516666666665
569.560850735419, 4424.8261111111115
569.9849422778414, 4580.168333333333
570.408979380292, 4495.2155555555555
570.8329620222488, 4597.158888888889
571.2568901831899, 4638.421666666667
571.6807638425926, 4669.975555555556
572.1045829799353, 4786.482222222222
572.5283475746957, 4847.162777777778
572.9520576063518, 4893.28
573.3757130543813, 4985.514444444444
573.7993138982621, 5036.486111111111
574.2228601174724, 5114.157222222222
574.6463516914896, 5269.499444444445
575.069788599792, 5347.170555555555
575.4931708218572, 5325.325555555555
575.916498337163, 5504.94
576.3397711251878, 5577.756666666667
576.7629891654091, 5645.718888888889
577.1861524373047, 5922.422222222222
577.6092609203528, 6034.074444444444
578.0323145940308, 6026.792777777778
578.4553134378172, 6271.942222222222
578.8782574311896, 6281.651111111111
579.3011465536257, 6439.420555555555
579.7239807846037, 6699.133333333333
580.146760103601, 6679.7155555555555
580.5694844900961, 7099.625
580.9921539235664, 6992.827222222222
581.4147683834901, 7211.277222222222
581.8373278493451, 7376.328333333333
582.2598323006089, 7575.360555555556
582.6822817167598, 7677.303888888889
583.1046760772754, 7842.355
583.5270153616337, 7801.0922222222225
583.9492995493126, 8068.086666666667
584.3715286197901, 8128.767222222222
584.7937025525439, 8184.593333333333
585.2158213270517, 8393.334444444445
585.6378849227918, 8504.986666666666
586.059893319242, 8711.300555555556
586.4818464958798, 8536.540555555555
586.9037444321838, 8740.427222222223
587.3255871076311, 8961.304444444444
587.7473745017, 8798.680555555555
588.1691065938684, 8793.826111111111
588.590783363614, 8832.661666666667
589.0124047904148, 9031.693888888889
589.4339708537487, 8963.731666666667
589.8554815330937, 8886.060555555556
590.2769368079274, 8961.304444444444
590.6983366577279, 9131.21
591.1196810619729, 9055.96611111111
591.5409700001403, 8905.478333333333
591.9622034517083, 8973.440555555555
592.3833813961545, 8788.971666666666
592.8045038129568, 8839.943333333333
593.2255706815931, 8674.892222222223
593.6465819815413, 8560.812777777777
594.0675376922794, 8638.483888888888
594.488437793285, 8502.559444444445
594.9092822640364, 8504.986666666666
595.3300710840113, 8670.037777777778
595.7508042326872, 8490.423333333334
596.1714816895425, 8417.606666666667
596.5921034340548, 8213.72
597.0126694457022, 8070.513888888889
597.4331797039623, 8075.368333333333
597.8536341883132, 8111.776666666667
598.2740328782329, 8021.969444444445
598.6943757531989, 8046.241666666667
599.1146627926894, 7929.735
599.5348939761823, 7893.326666666667
599.9550692831551, 7771.9655555555555
600.3751886930862, 7842.355
600.795252185453, 7718.566666666667
601.2152597397338, 7742.8388888888885
601.6352113354062, 7687.012777777778
602.0551069519482, 7674.876666666667
602.4749465688378, 7752.547777777778
602.8947301655527, 7677.303888888889
603.3144577215706, 7611.768888888889
603.7341292163699, 7456.426666666666
604.153744629428, 7490.4077777777775
604.5733039402232, 7412.736666666667
604.9928071282329, 7446.717777777778
605.4122541729356, 7342.347222222223
605.8316450538086, 7371.473888888889
606.2509797503302, 7199.141111111111
606.670258241978, 7170.014444444444
607.0894805082299, 7172.441666666667
607.5086465285641, 7080.207222222222
607.9277562824581, 7051.080555555555
608.3468097493899, 6903.02
608.7658069088376, 6941.855555555556
609.1847477402787, 6737.968888888889
609.6036322231914, 6691.8516666666665
610.0224603370534, 6604.471666666666
610.4412320613428, 6711.269444444444
610.8599473755373, 6526.800555555556
611.2786062591147, 6395.730555555556
611.6972086915533, 6361.749444444445
612.1157546523305, 6390.876111111111
612.5342441209243, 6318.059444444444
612.952677076813, 6220.970555555556
613.3710534994736, 6194.271111111111
613.789373368385, 5949.121666666667
614.2076366630243, 5953.976111111111
614.62584336287, 5936.985555555556
615.0439934473997, 5684.554444444444
615.4620868960909, 5735.526111111111
615.8801236884221, 5645.718888888889
616.298103803871, 5560.766111111111
616.7160272219153, 5558.3388888888885
617.1338939220329, 5422.414444444445
617.5517038837019, 5470.958888888889
617.9694570864001, 5271.926666666666
618.3871535096054, 5291.344444444445
618.8047931327956, 5262.217777777778
619.2223759354484, 5155.42
619.6399018970421, 5174.837777777778
620.0573709970545, 5128.720555555556
620.4747832149632, 5075.321666666667
620.8921385302463, 5002.505
621.3094369223816, 4934.542777777778
621.7266783708471, 4895.707222222222
622.1438628551207, 4919.979444444444
622.5609903546799, 4747.6466666666665
622.9780608490031, 4691.820555555556
623.395074317568, 4764.637222222223
623.8120307398522, 4599.586111111111
624.228930095334, 4660.266666666666
624.645772363491, 4648.1305555555555
625.0625575238014, 4585.022777777778
625.4792855557428, 4592.304444444444
625.8959564387931, 4582.595555555556
626.3125701524302, 4585.022777777778
626.7291266761321, 4563.177777777778
627.1456259893766, 4580.168333333333
627.5620680716416, 4560.750555555555
627.978452902405, 4434.535
628.3947804611447, 4361.718333333333
628.8110507273384, 4497.642777777778
629.2272636804644, 4436.962222222222
629.6434193000001, 4422.398888888889
630.0595175654236, 4301.037777777778
630.4755584562129, 4419.971666666666
630.8915419518455, 4337.446111111111
631.3074680317999, 4415.117222222222
631.7233366755535, 4359.291111111111
632.1391478625843, 4216.085
632.5549015723702, 4322.882777777778
632.9705977843889, 4247.638888888889
633.3862364781188, 4301.037777777778
633.8018176330373, 4157.831666666667
634.2173412286224, 4211.230555555556
634.6328072443522, 4216.085
635.0482156597042, 4228.221111111111
635.4635664541566, 4196.667222222222
635.8788596071872, 4109.287222222222
636.2940950982738, 4218.512222222223
636.7092729068943, 4075.306111111111
637.1243930125266, 4189.385555555556
637.5394553946488, 4094.7238888888887
637.9544600327383, 4162.686111111111
638.3694069062735, 4092.2966666666666
638.784295994732, 4043.7522222222224
639.1991272775919, 4029.188888888889
639.6139007343309, 4038.8977777777777
640.0286163444265, 4116.568888888889
640.4432740873574, 4063.17
640.857873942601, 4019.48
641.2724158896351, 4075.306111111111
641.686899907938, 3919.963888888889
642.101325976987, 3997.635
642.5156940762606, 3854.428888888889
642.9300041852364, 4041.325
643.344256283392, 3951.5177777777776
643.758450350206, 4038.8977777777777
644.1725863651554, 4014.6255555555554
644.5866643077189, 3871.4194444444443
645.0006841573738, 3866.565
645.4146458935983, 3759.7672222222222
645.8285494958702, 3803.4572222222223
646.2423949436671, 3801.03
646.6561822164675, 3776.757777777778
647.0699112937488, 3798.6027777777776
647.483582154989, 3750.0583333333334
647.897194779666, 3747.6311111111113
648.3107491472578, 3616.561111111111
648.724245237242, 3706.3683333333333
649.1376830290968, 3638.406111111111
649.5510625022998, 3696.6594444444445
649.964383636329, 3662.6783333333333
650.3776464106625, 3606.8522222222223
650.790850804778, 3592.288888888889
651.2039967981532, 3529.181111111111
651.6170843702662, 3509.7633333333333
652.0301135005949, 3580.152777777778
652.443084168617, 3558.3077777777776
652.8559963538107, 3604.425
653.2688500356536, 3548.5988888888887
653.6816451936236, 3509.7633333333333
654.0943818071987, 3475.782222222222
654.5070598558568, 3432.092222222222
654.9196793190757, 3536.462777777778
655.3322401763332, 3480.6366666666668
655.7447424071077, 3417.528888888889
656.1571859908762, 3347.1394444444445
656.5695709071173, 3422.383333333333
656.9818971353087, 3400.5383333333334
657.394164654928, 3412.6744444444444
657.8063734454535, 3318.012777777778
658.2185234863628, 3354.4211111111113
658.6306147571338, 3330.148888888889
659.0426472372449, 3298.595
659.454620906173, 3281.6044444444447
659.8665357433969, 3247.6233333333334
660.2783917283939, 3315.5855555555554
660.6901888406422, 3167.525
661.1019270596197, 3276.75
661.5136063648039, 3177.233888888889
661.9252267356732, 3179.661111111111
662.336788151705, 3223.351111111111
662.7482905923775, 3138.3983333333335
663.1597340371688, 3203.9333333333334
663.5711184655561, 3167.525
663.9824438570179, 3150.5344444444445
664.3937101910318, 3075.2905555555553
664.8049174470756, 3046.163888888889
665.2160656046276, 3143.2527777777777
665.627154643165, 3128.6894444444442
666.0381845421665, 3165.097777777778
666.4491552811094, 3097.1355555555556
666.8600668394716, 3038.882222222222
667.2709191967314, 3014.61
667.6817123323663, 3046.163888888889
668.0924462258544, 3089.853888888889
668.5031208566734, 3017.037222222222
668.9137362043014, 3065.5816666666665
669.324292248216, 3077.717777777778
669.7347889678953, 3019.4644444444443
670.1452263428172, 2992.765
670.5556043524593, 2956.3566666666666
670.9659229763, 3043.7366666666667
671.3761821938167, 2910.2394444444444
671.7863819844875, 2944.2205555555556
672.1965223277904, 2910.2394444444444
672.6066032032028, 3019.4644444444443
673.0166245902033, 2907.8122222222223
673.4265864682691, 2975.7744444444443
673.8364888168785, 2958.7838888888887
674.2463316155092, 2902.9577777777777
674.6561148436392, 2978.201666666667
675.0658384807463, 2878.6855555555558
675.4755025063084, 2888.3944444444446
675.8851068998035, 2864.1222222222223
676.2946516407094, 2890.8216666666667
676.7041367085039, 2868.9766666666665
677.1135620826649, 2834.9955555555557
677.5229277426704, 2883.54
677.9322336679982, 2885.967222222222
678.3414798381262, 2922.3755555555554
678.7506662325325, 2810.7233333333334
679.1597928306944, 2764.606111111111
679.5688596120904, 2764.606111111111
679.977866556198, 2822.8594444444443
680.3868136424953, 2842.277222222222
680.7957008504601, 2849.5588888888888
681.2045281595704, 2834.9955555555557
681.6132955493039, 2752.47
682.0220029991384, 2791.3055555555557
682.430650488552, 2844.7044444444446
682.8392379970227, 2849.5588888888888
683.2477655040282, 2754.8972222222224
683.6562329890462, 2796.16
684.064640431555, 2708.78
684.472987811032, 2764.606111111111
684.8812751069555, 2781.596666666667
685.2895022988033, 2708.78
685.6976693660531, 2779.1694444444443
686.1057762881829, 2779.1694444444443
686.5138230446706, 2801.0144444444445
686.9218096149941, 2762.178888888889
687.3297359786312, 2759.7516666666666
687.7376021150599, 2677.226111111111
688.145408003758, 2784.023888888889
688.5531536242033, 2694.2166666666667
688.9608389558739, 2699.071111111111
689.3684639782474, 2720.916111111111
689.7760286708021, 2660.2355555555555
690.1835330130154, 2713.6344444444444
690.5909769843656, 2660.2355555555555
690.9983605643303, 2740.333888888889
691.4056837323875, 2701.4983333333334
691.8129464680152, 2701.4983333333334
692.220148750691, 2679.653333333333
692.6272905598929, 2740.333888888889
693.0343718750988, 2764.606111111111
693.4413926757868, 2691.7894444444446
693.8483529414345, 2735.4794444444447
694.25525265152, 2633.536111111111
694.6620917855208, 2628.681666666667
695.0688703229151, 2665.09
695.4755882431808, 2657.8083333333334
695.8822455257957, 2665.09
696.2888421502378, 2623.827222222222
696.6953780959847, 2543.728888888889
697.1018533425145, 2631.108888888889
697.5082678693051, 2587.418888888889
697.9146216558341, 2674.798888888889
698.3209146815799, 2657.8083333333334
698.72714692602, 2580.137222222222
699.1333183686324, 2677.226111111111
699.5394289888949, 2679.653333333333
699.9454787662854, 2689.362222222222
700.3514676802821, 2665.09
700.7573957103624, 2631.108888888889
701.1632628360044, 2611.6911111111112
701.569069036686, 2623.827222222222
701.9748142918851, 2609.2638888888887
702.3804985810796, 2601.9822222222224
702.7861218837471, 2628.681666666667
703.1916841793659, 2618.972777777778
703.5971854474136, 2628.681666666667
704.0026256673683, 2631.108888888889
704.4080048187078, 2580.137222222222
704.8133228809098, 2611.6911111111112
705.2185798334524, 2500.038888888889
705.6237756558133, 2606.8366666666666
706.0289103274706, 2580.137222222222
706.4339838279021, 2616.5455555555554
706.8389961365859, 2580.137222222222
707.2439472329994, 2645.6722222222224
707.6488370966208, 2601.9822222222224
708.0536657069279, 2640.817777777778
708.4584330433985, 2616.5455555555554
708.8631390855107, 2538.8744444444446
709.2677838127423, 2572.8555555555554
709.6723672045712, 2575.282777777778
710.0768892404751, 2536.447222222222
710.4813498999321, 2490.33
710.88574916242, 2577.71
711.2900870074167, 2536.447222222222
711.6943634144001, 2551.0105555555556
712.0985783628479, 2517.0294444444444
712.5027318322383, 2480.621111111111
712.906823802049, 2558.2922222222223
713.310854251758, 2584.991666666667
713.7148231608429, 2597.1277777777777
714.1187305087819, 2589.846111111111
714.5225762750528, 2485.4755555555557
714.9263604391333, 2558.2922222222223
715.3300829805016, 2604.4094444444445
715.7337438786353, 2534.02
716.1373431130124, 2563.1466666666665
716.5408806631108, 2521.883888888889
716.9443565084084, 2635.963333333333
717.3477706283832, 2507.3205555555555
717.7511230025127, 2589.846111111111
718.1544136102751, 2584.991666666667
718.5576424311482, 2490.33
718.9608094446097, 2655.3811111111113
719.363914630138, 2570.4283333333333
719.7669579672105, 2480.621111111111
720.1699394353052, 2536.447222222222
720.5728590138999, 2534.02
720.9757166824728, 2529.1655555555553
721.3785124205016, 2509.7477777777776
721.7812462074642, 2514.6022222222223
722.1839180228383, 2487.902777777778
722.586527846102, 2594.7005555555556
722.989075656733, 2543.728888888889
723.3915614342095, 2572.8555555555554
723.7939851580091, 2526.7383333333332
724.1963468076099, 2521.883888888889
724.5986463624895, 2507.3205555555555
725.0008838021259, 2531.592777777778
725.4030591059972, 2492.757222222222
725.8051722535811, 2531.592777777778
726.2072232243553, 2543.728888888889
726.6092119977981, 2478.193888888889
727.011138553387, 2490.33
727.4130028706, 2519.4566666666665
727.8148049289152, 2553.4377777777777
728.2165447078104, 2541.3016666666667
728.6182221867631, 2507.3205555555555
729.0198373452516, 2577.71
729.4213901627536, 2548.5833333333335
729.8228806187471, 2439.358333333333
730.2243086927101, 2480.621111111111
730.6256743641202, 2507.3205555555555
731.0269776124553, 2568.001111111111
731.4282184171935, 2422.367777777778
731.8293967578126, 2487.902777777778
732.2305126137903, 2514.6022222222223
732.6315659646046, 2507.3205555555555
733.0325567897337, 2509.7477777777776
733.4334850686549, 2534.02
733.8343507808465, 2473.3394444444443
734.2351539057863, 2555.865
734.6358944229522, 2483.048333333333
735.0365723118219, 2529.1655555555553
735.4371875518735, 2521.883888888889
735.8377401225848, 2466.0577777777776
736.2382300034338, 2512.175
736.6386571738981, 2485.4755555555557
737.0390216134557, 2563.1466666666665
737.4393233015847, 2490.33
737.8395622177627, 2463.6305555555555
738.2397383414677, 2514.6022222222223
738.6398516521779, 2497.6116666666667
739.0399021293706, 2487.902777777778
739.439889752524, 2441.7855555555557
739.8398145011159, 2470.912222222222
740.2396763546243, 2487.902777777778
740.639475292527, 2536.447222222222
741.0392112943019, 2434.503888888889
741.4388843394269, 2490.33
741.8384944073797, 2509.7477777777776
742.2380414776385, 2468.485
742.637525529681, 2483.048333333333
743.0369465429851, 2577.71
743.4363044970287, 2490.33
743.8355993712896, 2475.766666666667
744.2348311452458, 2502.4661111111113
744.6339997983753, 2470.912222222222
745.0331053101557, 2611.6911111111112
745.432147660065, 2509.7477777777776
745.8311268275811, 2517.0294444444444
746.230042792182, 2495.1844444444446
746.6288955333454, 2470.912222222222
747.0276850305493, 2439.358333333333
747.4264112632713, 2568.001111111111
747.8250742109897, 2463.6305555555555
748.2236738531822, 2531.592777777778
748.6222101693266, 2519.4566666666665
749.0206831389012, 2458.7761111111113
749.4190927413832, 2470.912222222222
749.817438956251, 2514.6022222222223
750.2157217629822, 2490.33
750.6139411410547, 2480.621111111111
751.0120970699468, 2502.4661111111113
751.4101895291359, 2475.766666666667
751.8082184981, 2517.0294444444444
752.2061839563171, 2480.621111111111
752.604085883265, 2509.7477777777776
753.0019242584217, 2485.4755555555557
753.399699061265, 2497.6116666666667
753.7974102712727, 2419.9405555555554
754.1950578679227, 2475.766666666667
754.5926418306931, 2461.2033333333334
754.9901621390615, 2517.0294444444444
755.387618772506, 2497.6116666666667
755.7850117105044, 2517.0294444444444
756.1823409325345, 2512.175
756.5796064180743, 2514.6022222222223
756.9768081466016, 2492.757222222222
757.3739460975944, 2478.193888888889
757.7710202505305, 2463.6305555555555
758.1680305848877, 2368.968888888889
758.564977080144, 2541.3016666666667
758.9618597157773, 2470.912222222222
759.3586784712656, 2604.4094444444445
759.7554333260865, 2480.621111111111
760.1521242597179, 2463.6305555555555
760.5487512516379, 2432.076666666667
760.9453142813243, 2475.766666666667
761.341813328255, 2492.757222222222
761.738248371908, 2504.8933333333334
762.1346193917608, 2558.2922222222223
762.5309263672914, 2490.33
762.927169277978, 2400.5227777777777
763.3233481032983, 2422.367777777778
763.7194628227302, 2390.813888888889
764.1155134157514, 2514.6022222222223
764.5114998618401, 2519.4566666666665
764.9074221404738, 2502.4661111111113
765.3032802311308, 2475.766666666667
765.6990741132888, 2444.212777777778
766.0948037664257, 2492.757222222222
766.4904691700191, 2451.4944444444445
766.8860703035473, 2519.4566666666665
767.2816071464881, 2453.9216666666666
767.6770796783193, 2495.1844444444446
768.0724878785187, 2456.3488888888887
768.4678317265643, 2475.766666666667
768.8631112019339, 2456.3488888888887
769.2583262841056, 2461.2033333333334
769.653476952557, 2415.086111111111
770.0485631867662, 2458.7761111111113
770.4435849662109, 2463.6305555555555
770.8385422703691, 2570.4283333333333
771.2334350787187, 2504.8933333333334
771.6282633707374, 2446.64
772.0230271259036, 2487.902777777778
772.4177263236944, 2422.367777777778
772.8123609435884, 2436.931111111111
773.2069309650631, 2439.358333333333
773.6014363675963, 2405.3772222222224
773.9958771306663, 2439.358333333333
774.3902532337505, 2514.6022222222223
774.7845646563271, 2517.0294444444444
775.1788113778739, 2473.3394444444443
775.5729933778688, 2436.931111111111
775.9671106357898, 2458.7761111111113
776.3611631311144, 2434.503888888889
776.755150843321, 2483.048333333333
777.1490737518869, 2461.2033333333334
777.5429318362906, 2410.2316666666666
777.9367250760095, 2512.175
778.3304534505218, 2490.33
778.7241169393052, 2475.766666666667
779.1177155218376, 2427.222222222222
779.5112491775968, 2458.7761111111113
779.904717886061, 2436.931111111111
780.2981216267079, 2480.621111111111
780.6914603790154, 2424.795
781.0847341224612, 2483.048333333333
781.4779428365234, 2429.6494444444443
781.8710865006798, 2478.193888888889
782.2641650944086, 2504.8933333333334
782.657178597187, 2427.222222222222
783.0501269884934, 2504.8933333333334
783.4430102478057, 2405.3772222222224
783.8358283546014, 2473.3394444444443
784.2285812883588, 2487.902777777778
784.6212690285556, 2449.0672222222224
785.0138915546697, 2478.193888888889
785.4064488461789, 2461.2033333333334
785.7989408825612, 2470.912222222222
786.1913676432944, 2405.3772222222224
786.5837291078566, 2487.902777777778
786.9760252557254, 2507.3205555555555
787.3682560663788, 2475.766666666667
787.7604215192946, 2412.6588888888887
788.1525215939508, 2461.2033333333334
788.5445562698254, 2497.6116666666667
788.9365255263959, 2395.6683333333335
789.3284293431406, 2502.4661111111113
789.7202676995372, 2490.33
790.1120405750635, 2441.7855555555557
790.5037479491975, 2444.212777777778
790.8953898014171, 2451.4944444444445
791.2869661112001, 2475.766666666667
791.6784768580243, 2378.677777777778
792.0699220213678, 2461.2033333333334
792.4613015807084, 2480.621111111111
792.852615515524, 2514.6022222222223
793.2438638052924, 2463.6305555555555
793.6350464294916, 2376.2505555555554
794.0261633675993, 2490.33
794.4172145990937, 2480.621111111111
794.8082001034524, 2473.3394444444443
795.1991198601534, 2393.241111111111
795.5899738486744, 2451.4944444444445
795.9807620484936, 2519.4566666666665
796.3714844390886, 2441.7855555555557
796.7621409999376, 2461.2033333333334
797.1527317105182, 2466.0577777777776
797.5432565503083, 2466.0577777777776
797.933715498786, 2427.222222222222
798.3241085354289, 2422.367777777778
798.7144356397151, 2466.0577777777776
799.1046967911225, 2468.485
799.4948919691287, 2507.3205555555555
799.8850211532119, 2492.757222222222
800.2750843228498, 2422.367777777778
800.6650814575204, 2419.9405555555554
801.0550125367017, 2434.503888888889
801.4448775398711, 2526.7383333333332
801.8346764465069, 2398.0955555555556
802.224409236087, 2427.222222222222
802.614075888089, 2463.6305555555555
803.0036763819912, 2475.766666666667
803.393210697271, 2419.9405555555554
803.7826788134066, 2478.193888888889
804.1720807098758, 2478.193888888889
804.5614163661564, 2446.64
804.9506857617265, 2449.0672222222224
805.3398888760638, 2439.358333333333
805.7290256886463, 2415.086111111111
806.1180961789518, 2376.2505555555554
806.507100326458, 2434.503888888889
806.8960381106433, 2483.048333333333
807.2849095109851, 2468.485
807.6737145069615, 2398.0955555555556
808.0624530780502, 2461.2033333333334
808.4511252037294, 2470.912222222222
808.8397308634767, 2451.4944444444445
809.2282700367703, 2410.2316666666666
809.6167427030877, 2497.6116666666667
810.0051488419068, 2470.912222222222
810.3934884327059, 2495.1844444444446
810.7817614549624, 2441.7855555555557
811.1699678881547, 2405.3772222222224
811.5581077117603, 2381.105
811.946180905257, 2407.8044444444445
812.3341874481231, 2483.048333333333
812.722127319836, 2417.5133333333333
813.1100004998741, 2475.766666666667
813.4978069677148, 2478.193888888889
813.8855467028363, 2478.193888888889
814.2732196847163, 2451.4944444444445
814.6608258928328, 2444.212777777778
815.0483653066638, 2424.795
815.4358379056869, 2439.358333333333
815.82324366938, 2541.3016666666667
816.2105825772212, 2470.912222222222
816.5978546086883, 2456.3488888888887
816.9850597432592, 2393.241111111111
817.3721979604117, 2453.9216666666666
817.7592692396238, 2461.2033333333334
818.1462735603732, 2412.6588888888887
818.5332109021379, 2487.902777777778
818.9200812443959, 2475.766666666667
819.306884566625, 2432.076666666667
819.6936208483029, 2514.6022222222223
820.0802900689077, 2446.64
820.4668922079172, 2512.175
820.8534272448094, 2458.7761111111113
821.239895159062, 2388.3866666666668
821.626295930153, 2458.7761111111113
822.0126295375603, 2502.4661111111113
822.3988959607616, 2456.3488888888887
822.785095179235, 2492.757222222222
823.1712271724583, 2453.9216666666666
823.5572919199096, 2512.175
823.9432894010663, 2441.7855555555557
824.3292195954066, 2449.0672222222224
824.7150824824083, 2417.5133333333333
825.1008780415495, 2446.64
825.486606252308, 2475.766666666667
825.8722670941613, 2456.3488888888887
826.2578605465877, 2453.9216666666666
826.643386589065, 2478.193888888889
827.028845201071, 2453.9216666666666
827.4142363620837, 2434.503888888889
827.7995600515808, 2468.485
828.1848162490403, 2514.6022222222223
828.5700049339401, 2458.7761111111113
828.9551260857583, 2388.3866666666668
829.3401796839723, 2427.222222222222
829.7251657080603, 2507.3205555555555
830.1100841375, 2424.795
830.4949349517696, 2492.757222222222
830.8797181303465, 2468.485
831.264433652709, 2453.9216666666666
831.649081498335, 2487.902777777778
832.0336616467022, 2529.1655555555553
832.4181740772884, 2485.4755555555557
832.8026187695717, 2405.3772222222224
833.1869957030299, 2412.6588888888887
833.5713048571408, 2483.048333333333
833.9555462113824, 2485.4755555555557
834.3397197452325, 2449.0672222222224
834.723825438169, 2461.2033333333334
835.1078632696698, 2475.766666666667
835.4918332192129, 2402.95
835.875735266276, 2390.813888888889
836.259569390337, 2449.0672222222224
836.6433355708738, 2441.7855555555557
837.0270337873644, 2473.3394444444443
837.4106640192867, 2417.5133333333333
837.7942262461185, 2497.6116666666667
838.1777204473375, 2429.6494444444443
838.5611466024219, 2470.912222222222
838.9445046908494, 2441.7855555555557
839.3277946920979, 2400.5227777777777
839.7110165856454, 2517.0294444444444
840.0941703509696, 2366.5416666666665
840.4772559675484, 2470.912222222222
840.8602734148599, 2490.33
841.2432226723819, 2444.212777777778
841.6261037195922, 2449.0672222222224
842.0089165359686, 2393.241111111111
842.3916611009893, 2500.038888888889
842.7743373941316, 2422.367777777778
843.156945394874, 2417.5133333333333
843.5394850826943, 2439.358333333333
843.9219564370701, 2470.912222222222
844.3043594374793, 2451.4944444444445
844.6866940634001, 2475.766666666667
845.06896029431, 2449.0672222222224
845.4511581096873, 2434.503888888889
845.8332874890094, 2417.5133333333333
846.2153484117546, 2519.4566666666665
846.5973408574006, 2444.212777777778
846.9792648054253, 2473.3394444444443
847.3611202353064, 2490.33
847.7429071265223, 2497.6116666666667
848.1246254585504, 2480.621111111111
848.5062752108686, 2495.1844444444446
848.8878563629551, 2538.8744444444446
849.2693688942875, 2480.621111111111
849.6508127843439, 2478.193888888889
850.0321880126021, 2432.076666666667
850.4134945585397, 2458.7761111111113
850.7947324016351, 2456.3488888888887
851.1759015213659, 2480.621111111111
851.55700189721, 2502.4661111111113
851.9380335086452, 2432.076666666667
852.3189963351494, 2449.0672222222224
852.6998903562007, 2424.795
853.0807155512767, 2495.1844444444446
853.4614718998556, 2441.7855555555557
853.8421593814152, 2446.64
854.2227779754331, 2507.3205555555555
854.6033276613874, 2587.418888888889
854.983808418756, 2419.9405555555554
855.3642202270167, 2500.038888888889
855.7445630656476, 2439.358333333333
856.1248369141263, 2444.212777777778
856.5050417519308, 2417.5133333333333
856.8851775585389, 2521.883888888889
857.2652443134286, 2500.038888888889
857.6452419960779, 2429.6494444444443
858.0251705859644, 2427.222222222222
858.4050300625662, 2478.193888888889
858.784820405361, 2470.912222222222
859.1645415938268, 2427.222222222222
859.5441936074416, 2381.105
859.923776425683, 2424.795
860.3032900280291, 2483.048333333333
860.6827343939576, 2451.4944444444445
861.0621095029466, 2526.7383333333332
861.441415334474, 2453.9216666666666
861.8206518680174, 2470.912222222222
862.1998190830549, 2480.621111111111
862.5789169590645, 2475.766666666667
862.9579454755236, 2468.485
863.3369046119107, 2456.3488888888887
863.7157943477033, 2451.4944444444445
864.0946146623794, 2500.038888888889
864.4733655354167, 2444.212777777778
864.8520469462933, 2444.212777777778
865.2306588744871, 2521.883888888889
865.609201299476, 2504.8933333333334
865.9876742007377, 2398.0955555555556
866.3660775577501, 2441.7855555555557
866.7444113499912, 2470.912222222222
867.1226755569388, 2422.367777777778
867.500870158071, 2449.0672222222224
867.8789951328655, 2429.6494444444443
868.2570504608001, 2417.5133333333333
868.6350361213526, 2480.621111111111
869.0129520940013, 2470.912222222222
869.3907983582237, 2415.086111111111
869.7685748934982, 2517.0294444444444
870.146281679302, 2351.9783333333335
870.5239186951134, 2480.621111111111
870.90148592041, 2451.4944444444445
871.27898333467, 2470.912222222222
871.6564109173712, 2492.757222222222
872.0337686479913, 2502.4661111111113
872.4110565060084, 2441.7855555555557
872.7882744709003, 2490.33
873.1654225221448, 2466.0577777777776
873.5425006392201, 2475.766666666667
873.9195088016037, 2441.7855555555557
874.2964469887736, 2470.912222222222
874.6733151802077, 2407.8044444444445
875.050113355384, 2444.212777777778
875.4268414937803, 2463.6305555555555
875.8034995748744, 2470.912222222222
876.1800875781444, 2441.7855555555557
876.5566054830679, 2376.2505555555554
876.9330532691229, 2480.621111111111
877.3094309157873, 2432.076666666667
877.6857384025392, 2422.367777777778
878.061975708856, 2451.4944444444445
878.438142814216, 2480.621111111111
878.8142396980969, 2485.4755555555557
879.1902663399766, 2470.912222222222
879.5662227193332, 2538.8744444444446
879.9421088156442, 2398.0955555555556
880.3179246083878, 2475.766666666667
880.6936700770416, 2468.485
881.0693452010837, 2504.8933333333334
881.4449499599921, 2422.367777777778
881.8204843332443, 2453.9216666666666
882.1959483003185, 2487.902777777778
882.5713418406924, 2453.9216666666666
882.9466649338441, 2458.7761111111113
883.3219175592512, 2427.222222222222
883.6970996963919, 2417.5133333333333
884.0722113247438, 2492.757222222222
884.4472524237849, 2427.222222222222
884.822222972993, 2429.6494444444443
885.1971229518462, 2410.2316666666666
885.5719523398224, 2497.6116666666667
885.9467111163991, 2514.6022222222223
886.3213992610544, 2419.9405555555554
886.6960167532662, 2458.7761111111113
887.0705635725126, 2463.6305555555555
887.4450396982711, 2468.485
887.8194451100198, 2439.358333333333
888.1937797872365, 2429.6494444444443
888.568043709399, 2453.9216666666666
888.9422368559856, 2480.621111111111
889.3163592064737, 2458.7761111111113
889.6904107403415, 2512.175
890.0643914370667, 2483.048333333333
890.438301276127, 2436.931111111111
890.8121402370008, 2427.222222222222
891.1859082991656, 2434.503888888889
891.5596054420996, 2514.6022222222223
891.9332316452803, 2451.4944444444445
892.3067868881857, 2424.795
892.6802711502938, 2468.485
893.0536844110824, 2436.931111111111
893.4270266500296, 2424.795
893.8002978466128, 2378.677777777778
894.1734979803103, 2446.64
894.5466270305999, 2458.7761111111113
894.9196849769595, 2487.902777777778
895.2926717988669, 2432.076666666667
895.6655874758, 2439.358333333333
896.0384319872365, 2400.5227777777777
896.4112053126547, 2512.175
896.7839074315323, 2395.6683333333335
897.156538323347, 2480.621111111111
897.529097967577, 2517.0294444444444
897.9015863436998, 2468.485
898.2740034311936, 2407.8044444444445
898.6463492095362, 2407.8044444444445
899.0186236582055, 2432.076666666667
899.3908267566794, 2410.2316666666666
899.7629584844356, 2478.193888888889
900.1350188209522, 2434.503888888889
900.5070077457069, 2458.7761111111113
900.8789252381778, 2485.4755555555557
901.2507712778427, 2415.086111111111
901.6225458441793, 2526.7383333333332
901.9942489166658, 2417.5133333333333
902.3658804747797, 2410.2316666666666
902.7374404979993, 2483.048333333333
903.1089289658024, 2466.0577777777776
903.4803458576665, 2473.3394444444443
903.8516911530699, 2478.193888888889
904.2229648314902, 2429.6494444444443
904.5941668724056, 2475.766666666667
904.9652972552939, 2434.503888888889
905.3363559596327, 2441.7855555555557
905.7073429649, 2434.503888888889
906.0782582505739, 2385.9594444444447
906.4491017961321, 2424.795
906.8198735810525, 2475.766666666667
907.1905735848133, 2490.33
907.5612017868917, 2436.931111111111
907.9317581667661, 2475.766666666667
908.3022427039143, 2407.8044444444445
908.6726553778141, 2410.2316666666666
909.0429961679436, 2446.64
909.4132650537804, 2390.813888888889
909.7834620148025, 2429.6494444444443
910.1535870304876, 2546.156111111111
910.523640080314, 2405.3772222222224
910.8936211437593, 2453.9216666666666
911.2635302003015, 2458.7761111111113
911.6333672294182, 2483.048333333333
912.0031322105876, 2415.086111111111
912.3728251232876, 2456.3488888888887
912.742445946996, 2480.621111111111
913.1119946611905, 2463.6305555555555
913.4814712453491, 2393.241111111111
913.8508756789498, 2470.912222222222
914.2202079414703, 2439.358333333333
914.5894680123887, 2495.1844444444446
914.9586558711829, 2451.4944444444445
915.3277714973304, 2456.3488888888887
915.6968148703095, 2480.621111111111
916.0657859695979, 2517.0294444444444
916.4346847746734, 2395.6683333333335
916.8035112650142, 2485.4755555555557
917.1722654200979, 2410.2316666666666
917.5409472194023, 2456.3488888888887
917.9095566424055, 2419.9405555555554
918.2780936685854, 2466.0577777777776
918.6465582774198, 2502.4661111111113
919.0149504483866, 2483.048333333333
919.3832701609637, 2410.2316666666666
919.7515173946289, 2419.9405555555554
920.1196921288599, 2517.0294444444444
920.4877943431352, 2495.1844444444446
920.8558240169323, 2427.222222222222
921.223781129729, 2497.6116666666667
921.5916656610033, 2483.048333333333
921.9594775902328, 2449.0672222222224
922.327216896896, 2483.048333333333
922.6948835604703, 2434.503888888889
923.0624775604338, 2439.358333333333
923.4299988762641, 2514.6022222222223
923.7974474874394, 2376.2505555555554
924.1648233734376, 2490.33
924.5321265137363, 2529.1655555555553
924.8993568878135, 2434.503888888889
925.2665144751472, 2439.358333333333
925.6335992552152, 2422.367777777778
926.0006112074952, 2456.3488888888887
926.3675503114656, 2514.6022222222223
926.7344165466038, 2451.4944444444445
927.1012098923877, 2473.3394444444443
927.4679303282956, 2436.931111111111
927.8345778338048, 2512.175
928.2011523883937, 2473.3394444444443
928.5676539715399, 2553.4377777777777
928.9340825627213, 2456.3488888888887
929.300438141416, 2487.902777777778
929.6667206871015, 2461.2033333333334
930.032930179256, 2466.0577777777776
930.3990665973574, 2415.086111111111
930.7651299208834, 2478.193888888889
931.131120129312, 2429.6494444444443
931.497037202121, 2412.6588888888887
931.8628811187882, 2429.6494444444443
932.2286518587919, 2432.076666666667
932.5943494016095, 2415.086111111111
932.959973726719, 2429.6494444444443
933.3255248135985, 2412.6588888888887
933.6910026417256, 2497.6116666666667
934.0564071905786, 2451.4944444444445
934.421738439635, 2485.4755555555557
934.7869963683726, 2429.6494444444443
935.1521809562696, 2422.367777777778
935.5172921828038, 2497.6116666666667
935.882330027453, 2417.5133333333333
936.2472944696952, 2458.7761111111113
936.6121854890082, 2390.813888888889
936.9770030648699, 2441.7855555555557
937.3417471767581, 2502.4661111111113
937.7064178041509, 2453.9216666666666
938.071014926526, 2468.485
938.4355385233613, 2463.6305555555555
938.7999885741348, 2393.241111111111
939.1643650583242, 2436.931111111111
939.5286679554074, 2436.931111111111
939.8928972448628, 2487.902777777778
940.2570529061674, 2509.7477777777776
940.6211349187996, 2514.6022222222223
940.9851432622372, 2419.9405555555554
941.3490779159583, 2468.485
941.7129388594406, 2444.212777777778
942.0767260721618, 2432.076666666667
942.4404395336, 2473.3394444444443
942.8040792232331, 2400.5227777777777
943.1676451205389, 2458.7761111111113
943.5311372049953, 2446.64
943.8945554560802, 2466.0577777777776
944.2578998532713, 2480.621111111111
944.621170376047, 2371.396111111111
944.9843670038847, 2434.503888888889
945.3474897162623, 2502.4661111111113
945.710538492658, 2502.4661111111113
946.0735133125493, 2451.4944444444445
946.4364141554144, 2536.447222222222
946.7992410007312, 2427.222222222222
947.1619938279771, 2466.0577777777776
947.5246726166306, 2451.4944444444445
947.8872773461691, 2461.2033333333334
948.2498079960709, 2376.2505555555554
948.6122645458137, 2497.6116666666667
948.9746469748751, 2419.9405555555554
949.3369552627336, 2422.367777777778
949.6991893888663, 2412.6588888888887
950.0613493327519, 2500.038888888889
950.4234350738678, 2395.6683333333335
950.7854465916919, 2473.3394444444443
951.1473838657021, 2441.7855555555557
951.5092468753764, 2441.7855555555557
951.871035600193, 2446.64
952.2327500196291, 2519.4566666666665
952.5943901131628, 2456.3488888888887
952.9559558602721, 2490.33
953.3174472404351, 2456.3488888888887
953.6788642331294, 2415.086111111111
954.040206817833, 2466.0577777777776
954.4014749740235, 2492.757222222222
954.7626686811789, 2509.7477777777776
955.1237879187775, 2444.212777777778
955.4848326662968, 2480.621111111111
955.8458029032148, 2444.212777777778
956.2066986090091, 2451.4944444444445
956.5675197631579, 2519.4566666666665
956.9282663451391, 2451.4944444444445
957.2889383344307, 2475.766666666667
957.6495357105102, 2441.7855555555557
958.0100584528556, 2461.2033333333334
958.3705065409446, 2446.64
958.7308799542557, 2388.3866666666668
959.0911786722664, 2419.9405555555554
959.4514026744546, 2407.8044444444445
959.8115519402979, 2441.7855555555557
960.1716264492745, 2449.0672222222224
960.5316261808625, 2531.592777777778
960.8915511145395, 2463.6305555555555
961.2514012297835, 2502.4661111111113
961.6111765060718, 2470.912222222222
961.9708769228831, 2483.048333333333
962.330502459695, 2500.038888888889
962.6900530959854, 2398.0955555555556
963.0495288112322, 2519.4566666666665
963.4089295849129, 2427.222222222222
963.7682553965058, 2495.1844444444446
964.1275062254888, 2504.8933333333334
964.4866820513397, 2487.902777777778
964.8457828535363, 2466.0577777777776
965.2048086115565, 2483.048333333333
965.5637593048781, 2429.6494444444443
965.9226349129792, 2439.358333333333
966.2814354153378, 2439.358333333333
966.6401607914315, 2415.086111111111
966.998811020738, 2451.4944444444445
967.3573860827355, 2458.7761111111113
967.715885956902, 2473.3394444444443
968.0743106227152, 2400.5227777777777
968.4326600596529, 2470.912222222222
968.7909342471929, 2398.0955555555556
969.1491331648133, 2395.6683333333335
969.5072567919922, 2456.3488888888887
969.8653051082072, 2507.3205555555555
970.2232780929362, 2524.311111111111
970.5811757256569, 2424.795
970.9389979858473, 2524.311111111111
971.2967448529856, 2492.757222222222
971.6544163065495, 2439.358333333333
972.0120123260166, 2570.4283333333333
972.3695328908652, 2514.6022222222223
972.7269779805728, 2497.6116666666667
973.0843475746177, 2451.4944444444445
973.4416416524775, 2429.6494444444443
973.7988601936299, 2436.931111111111
974.1560031775534, 2463.6305555555555
974.5130705837252, 2434.503888888889
974.8700623916237, 2490.33
975.2269785807267, 2497.6116666666667
975.5838191305116, 2410.2316666666666
975.940584020457, 2432.076666666667
976.2972732300401, 2480.621111111111
976.6538867387394, 2470.912222222222
977.0104245260326, 2521.883888888889
977.366886571397, 2434.503888888889
977.7232728543113, 2427.222222222222
978.079583354253, 2451.4944444444445
978.4358180507, 2509.7477777777776
978.7919769231304, 2475.766666666667
979.1480599510217, 2480.621111111111
979.5040671138518, 2492.757222222222
979.8599983910992, 2480.621111111111
980.2158537622412, 2519.4566666666665
980.5716332067559, 2458.7761111111113
980.9273367041209, 2446.64
981.2829642338144, 2427.222222222222
981.6385157753143, 2446.64
981.9939913080984, 2456.3488888888887
982.3493908116445, 2453.9216666666666
982.7047142654303, 2415.086111111111
983.0599616489342, 2531.592777777778
983.4151329416338, 2473.3394444444443
983.770228123007, 2419.9405555555554
984.1252471725317, 2519.4566666666665
984.4801900696855, 2490.33
984.8350567939466, 2456.3488888888887
985.189847324793, 2417.5133333333333
985.5445616417024, 2434.503888888889
985.8991997241528, 2504.8933333333334
986.2537615516217, 2524.311111111111
986.6082471035874, 2429.6494444444443
986.9626563595276, 2410.2316666666666
987.3169892989204, 2388.3866666666668
987.6712459012435, 2453.9216666666666
988.0254261459746, 2410.2316666666666
988.3795300125918, 2395.6683333333335
988.733557480573, 2453.9216666666666
989.0875085293962, 2492.757222222222
989.4413831385392, 2436.931111111111
989.7951812874794, 2400.5227777777777
990.1489029556951, 2412.6588888888887
990.5025481226647, 2461.2033333333334
990.8561167678653, 2480.621111111111
991.2096088707751, 2449.0672222222224
991.5630244108718, 2415.086111111111
991.9163633676334, 2543.728888888889
992.269625720538, 2485.4755555555557
992.6228114490633, 2456.3488888888887
992.9759205326872, 2492.757222222222
993.3289529508872, 2456.3488888888887
993.6819086831417, 2419.9405555555554
994.0347877089287, 2449.0672222222224
994.3875900077255, 2434.503888888889
994.7403155590106, 2436.931111111111
995.0929643422612, 2449.0672222222224
995.4455363369556, 2502.4661111111113
995.7980315225718, 2439.358333333333
996.1504498785876, 2470.912222222222
996.5027913844808, 2419.9405555555554
996.8550560197291, 2512.175
997.2072437638105, 2432.076666666667
997.5593545962032, 2492.757222222222
997.9113884963849, 2446.64
998.2633454438334, 2434.503888888889
998.6152254180263, 2500.038888888889
998.967028398442, 2480.621111111111
999.3187543645583, 2446.64
999.6704032958529, 2444.212777777778
1000.0219751718037, 2446.64
1000.3734699718887, 2432.076666666667
1000.7248876755855, 2373.8233333333333
1001.0762282623723, 2429.6494444444443
1001.4274917117272, 2427.222222222222
1001.7786780031272, 2424.795
1002.1297871160513, 2393.241111111111
1002.4808190299765, 2436.931111111111
1002.831773724381, 2439.358333333333
1003.1826511787431, 2410.2316666666666
1003.5334513725397, 2456.3488888888887
1003.8841742852499, 2529.1655555555553
1004.2348198963505, 2473.3394444444443
1004.58538818532, 2434.503888888889
1004.9358791316362, 2390.813888888889
1005.2862927147766, 2337.415
1005.6366289142197, 2422.367777777778
1005.9868877094427, 2349.551111111111
1006.3370690799243, 2553.4377777777777
1006.6871730051417, 2463.6305555555555
1007.0371994645731, 2470.912222222222
1007.387148437696, 2427.222222222222
1007.7370199039891, 2453.9216666666666
1008.0868138429296, 2444.212777777778
1008.4365302339957, 2495.1844444444446
1008.7861690566647, 2436.931111111111
1009.135730290415, 2512.175
1009.4852139147247, 2427.222222222222
1009.8346199090714, 2509.7477777777776
1010.183948252933, 2458.7761111111113
1010.5331989257868, 2453.9216666666666
1010.8823719071117, 2441.7855555555557
1011.2314671763851, 2478.193888888889
1011.5804847130852, 2509.7477777777776
1011.9294244966892, 2473.3394444444443
1012.2782865066753, 2432.076666666667
1012.6270707225216, 2470.912222222222
1012.9757771237059, 2419.9405555555554
1013.3244056897063, 2436.931111111111
1013.6729564000002, 2427.222222222222
1014.0214292340655, 2490.33
1014.3698241713803, 2407.8044444444445
1014.7181411914225, 2424.795
1015.0663802736703, 2468.485
1015.414541397601, 2410.2316666666666
1015.7626245426926, 2495.1844444444446
1016.1106296884232, 2400.5227777777777
1016.4585568142705, 2480.621111111111
1016.8064058997128, 2439.358333333333
1017.1541769242275, 2487.902777777778
1017.5018698672923, 2434.503888888889
1017.8494847083857, 2453.9216666666666
1018.1970214269853, 2441.7855555555557
1018.544480002569, 2478.193888888889
1018.8918604146148, 2458.7761111111113
1019.2391626426003, 2456.3488888888887
1019.5863866660034, 2475.766666666667
1019.9335324643024, 2373.8233333333333
1020.2806000169747, 2487.902777777778
1020.6275893034986, 2463.6305555555555
1020.9745003033515, 2473.3394444444443
1021.3213329960116, 2415.086111111111
1021.6680873609569, 2402.95
1022.0147633776651, 2419.9405555555554
1022.3613610256143, 2441.7855555555557
1022.7078802842818, 2412.6588888888887
1023.054321133146, 2466.0577777777776
1023.4006835516849, 2451.4944444444445
1023.7469675193759, 2419.9405555555554
1024.0931730156972, 2461.2033333333334
1024.4393000201267, 2514.6022222222223
1024.785348512142, 2478.193888888889
1025.1313184712212, 2417.5133333333333
1025.4772098768424, 2434.503888888889
1025.8230227084832, 2480.621111111111
1026.1687569456215, 2463.6305555555555
1026.5144125677348, 2415.086111111111
1026.8599895543018, 2405.3772222222224
1027.2054878848003, 2446.64
1027.5509075387072, 2490.33
1027.8962484955014, 2407.8044444444445
1028.2415107346603, 2480.621111111111
1028.586694235662, 2466.0577777777776
1028.9317989779845, 2356.8327777777777
1029.2768249411054, 2446.64
1029.6217721045025, 2446.64
1029.9666404476538, 2446.64
